ts,agent_id,cvip,cvip_x,cvip_y,cvip_z
2114188369,0,500.4911885387494,198.76744079589844,-95.83265686035156,-499.8193664550781
2139188369,0,5.595579574090421,195.56744384765625,-90.83265686035156,0.09999999403953552
2164188370,0,5.592365059106882,195.56744384765625,-90.83265686035156,0.09540698677301407
2189188370,0,5.589577830706274,195.56744384765625,-90.83265686035156,0.08469131588935852
2214188370,0,5.587154487252182,195.56744384765625,-90.83265686035156,0.0693112164735794
2239188371,0,5.58490284657624,195.56744384765625,-90.83265686035156,0.05613723769783974
2264188371,0,5.583078219951395,195.56744384765625,-90.83265686035156,0.04550548270344734
2289188371,0,5.582027767701456,195.56744384765625,-90.83265686035156,0.03692970052361488
2314188372,0,5.581839537785531,195.56744384765625,-90.83265686035156,0.030015792697668076
2339188372,0,5.581937002716514,195.56744384765625,-90.83265686035156,0.024444427341222763
2364188373,0,5.582054312131681,195.56744384765625,-90.83265686035156,0.01995697058737278
2389188373,0,5.582115992201545,195.56744384765625,-90.83265686035156,0.01634414680302143
2414188373,0,5.582104629980321,195.56744384765625,-90.83265686035156,0.013436851091682911
2439188374,0,5.582061392693935,195.56744384765625,-90.83265686035156,0.011098288930952549
2464188374,0,5.58203731373542,195.56744384765625,-90.83265686035156,0.009217948652803898
2489188374,0,5.581991710267062,195.56744384765625,-90.83265686035156,0.007706718053668737
2514188375,0,5.581948395724954,195.56744384765625,-90.83265686035156,0.00649261474609375
2539188375,0,5.581915910632607,195.56744384765625,-90.83265686035156,0.0055175782181322575
2564188376,0,5.581894103986878,195.56744384765625,-90.83265686035156,0.004734840244054794
2589188376,0,5.581857788633585,195.56744384765625,-90.83265686035156,0.004106712061911821
2614188376,0,5.581852601613148,195.56744384765625,-90.83265686035156,0.003602867014706135
2639188377,0,5.581852851883691,195.56744384765625,-90.83265686035156,0.003198814345523715
2664188377,0,5.581844342228537,195.56744384765625,-90.83265686035156,0.002874908270314336
2689188377,0,5.581850665159098,195.56744384765625,-90.83265686035156,0.0026153563521802425
2714188378,0,5.581858257548936,195.56744384765625,-90.83265686035156,0.00240745535120368
2739188378,0,5.581851332686023,195.56744384765625,-90.83265686035156,0.0022409819066524506
2764188379,0,5.581859368672208,195.56744384765625,-90.83265686035156,0.0021076963748782873
2789188379,0,5.581867010920091,195.56744384765625,-90.83265686035156,0.0020010375883430243
2814188379,0,5.581874055145872,195.56744384765625,-90.83265686035156,0.0019157028291374445
2839188380,0,5.581874153846434,195.56744384765625,-90.83265686035156,0.0018474578391760588
2864188380,0,5.581879768039407,195.56744384765625,-90.83265686035156,0.00179290771484375
2889188380,0,5.58188466719281,195.56744384765625,-90.83265686035156,0.0017492675688117743
2914188381,0,5.58188889394076,195.56744384765625,-90.83265686035156,0.0017144393641501665
2939188381,0,5.581892507850435,195.56744384765625,-90.83265686035156,0.0016865539364516735
2964188382,0,5.581895574108779,195.56744384765625,-90.83265686035156,0.0016643141862004995
2989188382,0,5.581898159164865,195.56744384765625,-90.83265686035156,0.0016465758671984076
3014188382,0,5.581900327124267,195.56744384765625,-90.83265686035156,0.001632423372939229
3039188383,0,5.58190213779374,195.56744384765625,-90.83265686035156,0.0016210937174037099
3064188383,0,5.581903642873353,195.56744384765625,-90.83265686035156,0.0016120909713208675
3089188383,0,5.581904890803503,195.56744384765625,-90.83265686035156,0.0016048812540248036
3114188384,0,5.581905921641135,195.56744384765625,-90.83265686035156,0.0015991592081263661
3139188384,0,5.581906771538084,195.56744384765625,-90.83265686035156,0.0015946197090670466
3164188385,0,5.581907470548025,195.56744384765625,-90.83265686035156,0.0015909957000985742
3189188385,0,5.581908044248746,195.56744384765625,-90.83265686035156,0.001588096609339118
3214188385,0,5.581908514650709,195.56744384765625,-90.83265686035156,0.0015857695834711194
3239188386,0,5.581908899159369,195.56744384765625,-90.83265686035156,0.0015839386032894254
3264188386,0,5.58190921353338,195.56744384765625,-90.83265686035156,0.0015824889997020364
3289188386,0,5.581903223963587,195.56744384765625,-90.83265686035156,0.0015813064528629184
3314188387,0,5.581903253161689,195.56744384765625,-90.83265686035156,0.0015813064528629184
3339188387,0,5.58190332924344,195.56744384765625,-90.83265686035156,0.0015813064528629184
3364188387,0,5.581903418883516,195.56744384765625,-90.83265686035156,0.0015813064528629184
3389188388,0,5.581903513363108,195.56744384765625,-90.83265686035156,0.0015813064528629184
3414188388,0,5.581903606356219,195.56744384765625,-90.83265686035156,0.0015813064528629184
3439188389,0,5.581903695022975,195.56744384765625,-90.83265686035156,0.0015813064528629184
3464188389,0,5.581903776753006,195.56744384765625,-90.83265686035156,0.0015813064528629184
3489188389,0,5.581903850875037,195.56744384765625,-90.83265686035156,0.0015813064528629184
3514188390,0,5.581903916909861,195.56744384765625,-90.83265686035156,0.0015813064528629184
3539188390,0,5.581903975318798,195.56744384765625,-90.83265686035156,0.0015813064528629184
3564188390,0,5.581904026094546,195.56744384765625,-90.83265686035156,0.0015813064528629184
3589188391,0,5.581904070085893,195.56744384765625,-90.83265686035156,0.0015813064528629184
3614188391,0,5.581904107736996,195.56744384765625,-90.83265686035156,0.0015813064528629184
3639188392,0,5.581904140156045,195.56744384765625,-90.83265686035156,0.0015813064528629184
3664188392,0,5.581904167532778,195.56744384765625,-90.83265686035156,0.0015813064528629184
3689188392,0,5.581904190528102,195.56744384765625,-90.83265686035156,0.0015813064528629184
3714188393,0,5.581904210017552,195.56744384765625,-90.83265686035156,0.0015813064528629184
3739188393,0,5.581904210017552,195.56744384765625,-90.83265686035156,0.0015813064528629184
3764188393,0,5.581904219003505,195.56744384765625,-90.83265686035156,0.0015813064528629184
3789188394,0,5.581904226898667,195.56744384765625,-90.83265686035156,0.0015813064528629184
3814188394,0,5.581904235222118,195.56744384765625,-90.83265686035156,0.0015813064528629184
3839188395,0,5.581904243331961,195.56744384765625,-90.83265686035156,0.0015813064528629184
3864188395,0,5.581904250992773,195.56744384765625,-90.83265686035156,0.0015813064528629184
3889188395,0,5.581904258225899,195.56744384765625,-90.83265686035156,0.0015813064528629184
3914188396,0,5.581904265031289,195.56744384765625,-90.83265686035156,0.0015813064528629184
3939188396,0,5.581904270938058,195.56744384765625,-90.83265686035156,0.0015813064528629184
3964188396,0,5.581904270938058,195.56744384765625,-90.83265686035156,0.0015813064528629184
3989188397,0,5.581904280804496,195.56744384765625,-90.83265686035156,0.0015813064528629184
4014188397,0,5.581904280804496,195.56744384765625,-90.83265686035156,0.0015813064528629184
4039188398,0,5.581904287824757,195.56744384765625,-90.83265686035156,0.0015813064528629184
4064188398,0,5.581904287824757,195.56744384765625,-90.83265686035156,0.0015813064528629184
4089188398,0,5.581904287824757,195.56744384765625,-90.83265686035156,0.0015813064528629184
4114188399,0,5.581904295487419,195.56744384765625,-90.83265686035156,0.0015813064528629184
4139188399,0,5.581904295487419,195.56744384765625,-90.83265686035156,0.0015813064528629184
4164188399,0,5.581904295487419,195.56744384765625,-90.83265686035156,0.0015813064528629184
4189188400,0,5.581904295487419,195.56744384765625,-90.83265686035156,0.0015813064528629184
4214188400,0,5.581904295487419,195.56744384765625,-90.83265686035156,0.0015813064528629184
4239188401,0,5.581904295487419,195.56744384765625,-90.83265686035156,0.0015813064528629184
4264188401,0,5.581904295487419,195.56744384765625,-90.83265686035156,0.0015813064528629184
4289188401,0,5.581904295487419,195.56744384765625,-90.83265686035156,0.0015813064528629184
4314188402,0,5.5819043016306225,195.56744384765625,-90.83265686035156,0.0015813064528629184
4339188402,0,5.5819043016306225,195.56744384765625,-90.83265686035156,0.0015813064528629184
4364188402,0,5.5819043016306225,195.56744384765625,-90.83265686035156,0.0015813064528629184
4389188403,0,5.5819043016306225,195.56744384765625,-90.83265686035156,0.0015813064528629184
4414188403,0,5.5819043016306225,195.56744384765625,-90.83265686035156,0.0015813064528629184
4439188404,0,5.5819043016306225,195.56744384765625,-90.83265686035156,0.0015813064528629184
4464188404,0,5.581916803622781,195.56744384765625,-90.83265686035156,0.0015813064528629184
4489188404,0,5.5868792269746805,195.56744384765625,-90.83263397216797,0.0015820693224668503
4514188405,0,5.592250049694356,195.56768798828125,-90.82512664794922,0.0015269850846379995
4539188405,0,5.596150659500371,195.5682830810547,-90.8080062866211,0.0014392470475286245
4564188405,0,5.598643338691668,195.5691680908203,-90.78170776367188,0.0013419341994449496
4589188406,0,5.600022497653047,195.5703887939453,-90.74675750732422,0.0012477874988690019
4614188406,0,5.6003609886673535,195.57174682617188,-90.70368957519531,0.0011639404110610485
4639188406,0,5.600029223289048,195.5734405517578,-90.65308380126953,0.0010935973841696978
4664188407,0,5.59933543365499,195.5754852294922,-90.59553527832031,0.0010380554012954235
4689188407,0,5.598250183619832,195.5774383544922,-90.53160858154297,0.0009969329694285989
4714188408,0,5.597224810281176,195.5795440673828,-90.4619140625,0.0009692382882349193
4739188408,0,5.59651927849342,195.58184814453125,-90.38697052001953,0.0009537124424241483
4764188408,0,5.596141723834345,195.5840606689453,-90.30724334716797,0.0009484481415711343
4789188409,0,5.596309014060088,195.58621215820312,-90.22319030761719,0.0009517669677734375
4814188409,0,5.597245795067276,195.5884552001953,-90.13521575927734,0.0009619140182621777
4839188409,0,5.599040348511123,195.5907440185547,-90.04367065429688,0.0009776306105777621
4864188410,0,5.601816192740961,195.59312438964844,-89.9488754272461,0.0009974288986995816
4889188410,0,5.60562586276189,195.5955810546875,-89.85108947753906,0.0010200118413195014
4914188411,0,5.610524509661233,195.59808349609375,-89.7505874633789,0.0010445022489875555
4939188411,0,5.616557800005837,195.6006622314453,-89.64754486083984,0.001069946214556694
4964188411,0,5.623749105251383,195.60330200195312,-89.54216766357422,0.0010958098573610187
4989188412,0,5.632090911110811,195.60598754882812,-89.43457794189453,0.0011212157551199198
5014188412,0,5.641566013391744,195.6087188720703,-89.32492065429688,0.0011459350353106856
5039188412,0,5.652166184225877,195.6115264892578,-89.21329498291016,0.0011697387089952826
5064188413,0,5.663896701045578,195.61436462402344,-89.09979248046875,0.0011922453995794058
5089188413,0,5.676719230982529,195.61732482910156,-88.9844970703125,0.0012133788550272584
5114188414,0,5.690601632781425,195.6202850341797,-88.86747741699219,0.0012331389589235187
5139188414,0,5.705485410526057,195.623291015625,-88.74878692626953,0.0012513732071965933
5164188414,0,5.721331844382328,195.62632751464844,-88.62847137451172,0.0012680815998464823
5189188415,0,5.738131206266883,195.62945556640625,-88.50657653808594,0.0012835311936214566
5214188415,0,5.755822834272532,195.63259887695312,-88.3831558227539,0.0012976074358448386
5239188415,0,5.774400560772735,195.6358184814453,-88.2582015991211,0.0013103485107421875
5264188416,0,5.793822732526948,195.63905334472656,-88.13177490234375,0.0015785216819494963
5289188416,0,5.814054447762752,195.642333984375,-88.00387573242188,0.0017381286015734076
5314188417,0,5.835072836238319,195.6456756591797,-87.87454223632812,0.0018271636217832565
5339188417,0,5.856819035578183,195.64907836914062,-87.7437744140625,0.0018711852608248591
5364188417,0,5.879266010034549,195.65249633789062,-87.61160278320312,0.001886825542896986
5389188418,0,5.902428921836788,195.65597534179688,-87.47802734375,0.0018851852510124445
5414188418,0,5.926240434161935,195.65948486328125,-87.34307098388672,0.001874046283774078
5439188418,0,5.950713119417467,195.6630401611328,-87.20674896240234,0.0018578720046207309
5464188419,0,5.975825447393595,195.66664123535156,-87.06905364990234,0.0018395613878965378
5489188419,0,6.001556257499605,195.6702880859375,-86.93000030517578,0.0018210600828751922
5514188420,0,6.027888336437017,195.67396545410156,-86.78961944580078,0.0018033599480986595
5539188420,0,6.0548015868565725,195.6776885986328,-86.64788055419922,0.0017871856689453125
5564188420,0,6.082292924500642,195.68145751953125,-86.50481414794922,0.0017725753132253885
5589188421,0,6.110339193678975,195.6852569580078,-86.36042785644531,0.0017597198020666838
5614188421,0,6.138896915304473,195.68910217285156,-86.21471405029297,0.0017485427670180798
5639188421,0,6.167951299917,195.69296264648438,-86.06768035888672,0.001738967839628458
5664188422,0,6.1975298466102355,195.69688415527344,-85.91934204101562,0.0017308807000517845
5689188422,0,6.227615879997488,195.7008514404297,-85.76971435546875,0.0017240523593500257
5714188423,0,6.258149262199512,195.704833984375,-85.61876678466797,0.0017182158771902323
5739188423,0,6.2891838288873085,195.70887756347656,-85.4665298461914,0.0017134094377979636
5764188423,0,6.320701263569397,195.7129669189453,-85.31300354003906,0.0017094421200454235
5789188424,0,6.352639592159668,195.7170867919922,-85.15818786621094,0.001706199604086578
5814188424,0,6.385037896032502,195.72125244140625,-85.00209045410156,0.0017034148331731558
5839188424,0,6.417860159144508,195.7254638671875,-84.84471130371094,0.00170135498046875
5864188425,0,6.45109286255235,195.72970581054688,-84.68607330322266,0.0016996001359075308
5889188425,0,6.484761478760359,195.73397827148438,-84.52616882324219,0.0016983413370326161
5914188425,0,6.518835461521995,195.73828125,-84.36500549316406,0.0016973114106804132
5939188426,0,6.553326767895373,195.74261474609375,-84.20260620117188,0.0016964721726253629
5964188426,0,6.588256589734297,195.74700927734375,-84.03895568847656,0.0016961288638412952
5989188427,0,6.622294234479172,195.7514190673828,-83.87406158447266,0.0016958618070930243
6014188427,0,6.655278128265842,195.75587463378906,-83.70793914794922,0.0016955947503447533
6039188427,0,6.687189547778366,195.76039123535156,-83.54058074951172,0.00169567100238055
6064188428,0,6.718041350283977,195.76492309570312,-83.37201690673828,0.001695823622867465
6089188428,0,6.747836550053197,195.76950073242188,-83.2022476196289,0.001696090679615736
6114188428,0,6.776550063907169,195.7740936279297,-83.03126525878906,0.0016964339883998036
6139188429,0,6.804233634316345,195.7787322998047,-82.85910034179688,0.0016967772971838713
6164188429,0,6.8308552388820765,195.78341674804688,-82.68573760986328,0.0016972350422292948
6189188430,0,6.856387548633824,195.78811645507812,-82.51119232177734,0.0016977691557258368
6214188430,0,6.880887144167912,195.7928924560547,-82.33546447753906,0.0016982269007712603
6239188430,0,6.904303536372297,195.79766845703125,-82.15858459472656,0.0016990279546007514
6264188431,0,6.926645463160551,195.80252075195312,-81.98052215576172,0.0016995620680972934
6289188431,0,6.94794247965154,195.807373046875,-81.80132293701172,0.001700172433629632
6314188431,0,6.9681798511009205,195.81228637695312,-81.6209716796875,0.001700820866972208
6339188432,0,6.9873763565217395,195.81719970703125,-81.4394760131836,0.0017015074845403433
6364188432,0,7.005530219136813,195.8221893310547,-81.2568359375,0.001702117850072682
6389188433,0,7.022637924760524,195.82717895507812,-81.07308197021484,0.0017029190203174949
6414188433,0,7.038728081894816,195.83224487304688,-80.88819885253906,0.0017034912016242743
6439188433,0,7.053784155004198,195.8373260498047,-80.70220184326172,0.0017042160034179688
6464188434,0,7.067812409244341,195.84243774414062,-80.51509094238281,0.0017049788730219007
6489188434,0,7.081502469558978,195.8475799560547,-80.3268814086914,0.0017057800432667136
6514188434,0,7.096744129740632,195.85276794433594,-80.1375732421875,0.0017065047286450863
6539188435,0,7.113396322417027,195.8579864501953,-79.94717407226562,0.0017071914626285434
6564188435,0,7.131394683724964,195.8632354736328,-79.75569915771484,0.0017079162644222379
6589188436,0,7.1506256035986455,195.86851501464844,-79.56314849853516,0.0017086410662159324
6614188436,0,7.17105258597011,195.8738250732422,-79.36952209472656,0.0017093276837840676
6639188436,0,7.192589814065513,195.87918090820312,-79.1748275756836,0.0017100524855777621
6664188437,0,7.2151911892936464,195.88455200195312,-78.97907257080078,0.0017108917236328125
6689188437,0,7.238818348364011,195.88995361328125,-78.78227233886719,0.0017115783412009478
6714188437,0,7.263391987134714,195.8953857421875,-78.58441925048828,0.001712264958769083
6739188438,0,7.288878006280281,195.9008331298828,-78.38552856445312,0.0017130279447883368
6764188438,0,7.315232506461532,195.9063262939453,-78.18560028076172,0.0017136383103206754
6789188439,0,7.342380194937372,195.91183471679688,-77.98464965820312,0.0017143249278888106
6814188439,0,7.3702701541841815,195.91737365722656,-77.78267669677734,0.0017150877974927425
6839188439,0,7.398815453045177,195.92294311523438,-77.5796890258789,0.001715812599286437
6864188440,0,7.427901326875498,195.92852783203125,-77.37569427490234,0.0017165374010801315
6889188440,0,7.457462138248252,195.9341583251953,-77.17069244384766,0.0017172241350635886
6914188440,0,7.48733449780576,195.9397735595703,-76.96469116210938,0.001717796316370368
6939188441,0,7.517418628220158,195.94544982910156,-76.7576904296875,0.0017185211181640625
6964188441,0,7.547626912233793,195.95114135742188,-76.54971313476562,0.0017192839877679944
6989188442,0,7.577810130208225,195.95684814453125,-76.34075164794922,0.0017198561690747738
7014188442,0,7.607838618346027,195.96255493164062,-76.13082122802734,0.0017206573393195868
7039188442,0,7.637549069103945,195.96832275390625,-75.91990661621094,0.0017212677048519254
7064188443,0,7.666782930161481,195.97406005859375,-75.70803833007812,0.0017219161381945014
7089188443,0,7.695424452265235,195.9798583984375,-75.4952163696289,0.0017226027557626367
7114188443,0,7.723322659020503,195.9856414794922,-75.28142547607422,0.001723060617223382
7139188444,0,7.750477386077148,195.99143981933594,-75.06670379638672,0.0017238616710528731
7164188444,0,7.776771458853653,195.99728393554688,-74.85103607177734,0.0017244720365852118
7189188444,0,7.802052909524588,196.0030975341797,-74.63442993164062,0.001725158654153347
7214188445,0,7.826252250015829,196.00894165039062,-74.41688537597656,0.0017258452717214823
7239188445,0,7.849279264359392,196.01478576660156,-74.19843292236328,0.001726455637253821
7264188446,0,7.871071149228499,196.02066040039062,-73.97904968261719,0.0017270278185606003
7289188446,0,7.891612637719055,196.0265350341797,-73.75875091552734,0.0017276763683184981
7314188446,0,7.9108339243682675,196.0324249267578,-73.53755187988281,0.0017282103653997183
7339188447,0,7.928651910938492,196.03829956054688,-73.31544494628906,0.0017289351671934128
7364188447,0,7.945058384071686,196.044189453125,-73.09243774414062,0.0017295455327257514
7389188447,0,7.960031654328422,196.05007934570312,-72.8685302734375,0.0017301940824836493
7414188448,0,7.973590801145408,196.0559539794922,-72.64374542236328,0.0017308425158262253
7439188448,0,7.985700817464171,196.0618438720703,-72.4180679321289,0.001731452881358564
7464188449,0,7.996354364596853,196.06773376464844,-72.19152069091797,0.0017320250626653433
7489188449,0,8.005530474223724,196.07362365722656,-71.96409606933594,0.0017325591761618853
7514188449,0,8.01322223302901,196.0795135498047,-71.73580169677734,0.0017331695416942239
7539188450,0,8.019436601735645,196.0854034423828,-71.50664520263672,0.0017337417230010033
7564188450,0,8.024207810573651,196.09130859375,-71.2766342163086,0.0017343139043077826
7589188450,0,8.027553155836046,196.09719848632812,-71.04576873779297,0.0017349624540656805
7614188451,0,8.02953767665706,196.1031036376953,-70.81404876708984,0.0017354583833366632
7639188451,0,8.030124928857116,196.10894775390625,-70.58148956298828,0.0017360305646434426
7664188452,0,8.029366608674595,196.11480712890625,-70.34809112548828,0.001736602745950222
7689188452,0,8.027273841747734,196.1206817626953,-70.11386108398438,0.0017372131114825606
7714188452,0,8.023786716293024,196.1265411376953,-69.8788070678711,0.0017377090407535434
7739188453,0,8.01893701577367,196.13235473632812,-69.6429214477539,0.0017383956583216786
7764188453,0,8.012790882059608,196.13818359375,-69.40621185302734,0.0017388915875926614
7789188453,0,8.005346557808586,196.1439971923828,-69.168701171875,0.0017394637688994408
7814188454,0,7.99659193516765,196.14979553222656,-68.93037414550781,0.0017399596981704235
7839188454,0,7.986576326326366,196.15557861328125,-68.69124603271484,0.0017405700637027621
7864188455,0,7.975339026243363,196.16134643554688,-68.45130920410156,0.0017412566812708974
7889188455,0,7.962878170179274,196.16709899902344,-68.21057891845703,0.0017417906783521175
7914188455,0,7.949277711943928,196.17282104492188,-67.96906280517578,0.0017422103555873036
7939188456,0,7.934560135093203,196.1785430908203,-67.72676086425781,0.001742782536894083
7964188456,0,7.918716592392828,196.18423461914062,-67.48367309570312,0.0017432784661650658
7989188456,0,7.901782449034135,196.18991088867188,-67.23981475830078,0.0017437743954360485
8014188457,0,7.883831973065851,196.19558715820312,-66.99517059326172,0.001744346576742828
8039188457,0,7.864903550339898,196.20120239257812,-66.74977111816406,0.0017448806902393699
8064188458,0,7.845136625060311,196.20681762695312,-66.50360870361328,0.00174541468732059
8089188458,0,7.824609964500571,196.21241760253906,-66.25667572021484,0.0017458724323660135
8114188458,0,7.803346202856622,196.21798706054688,-66.00899505615234,0.0017465209821239114
8139188459,0,7.781319268275591,196.22352600097656,-65.76055908203125,0.001746864290907979
8164188459,0,7.758611838217367,196.22906494140625,-65.51138305664062,0.001747512724250555
8189188459,0,7.735233958420102,196.23452758789062,-65.26146697998047,0.0017479324014857411
8214188460,0,7.7111745384067465,196.23997497558594,-65.01079559326172,0.0017484283307567239
8239188460,0,7.686433871248468,196.24542236328125,-64.75940704345703,0.001748962327837944
8264188461,0,7.6607390091431125,196.25083923339844,-64.50728607177734,0.0017493820050731301
8289188461,0,7.634397467180526,196.25621032714844,-64.25442504882812,0.0017499160021543503
8314188461,0,7.607516689868267,196.2615509033203,-64.0008544921875,0.0017504501156508923
8339188462,0,7.580039401153099,196.2668914794922,-63.74656677246094,0.0017508696764707565
8364188462,0,7.551826705703665,196.27218627929688,-63.4915657043457,0.0017513656057417393
8389188462,0,7.5229177418583895,196.27743530273438,-63.2358512878418,0.001751861535012722
8414188463,0,7.493387991618277,196.2826690673828,-62.97943878173828,0.0017523192800581455
8439188463,0,7.4632519761031055,196.28787231445312,-62.72232437133789,0.0017528152093291283
8464188463,0,7.4324879101920835,196.29306030273438,-62.46451187133789,0.0017532729543745518
8489188464,0,7.401087905437697,196.29820251464844,-62.20600891113281,0.0017537306994199753
8514188464,0,7.369072273479417,196.3032989501953,-61.946815490722656,0.0017541884444653988
8539188465,0,7.336454389853688,196.30838012695312,-61.68693542480469,0.0017546843737363815
8564188465,0,7.3032103566521585,196.31341552734375,-61.4263801574707,0.0017551040509715676
8589188465,0,7.2699571135675916,196.31842041015625,-61.16514587402344,0.0017557144165039062
8614188466,0,7.236802824057439,196.32339477539062,-60.903236389160156,0.0017560577252879739
8639188466,0,7.203707770147997,196.32833862304688,-60.640663146972656,0.0017566299065947533
8664188466,0,7.17061422189647,196.33323669433594,-60.37742233276367,0.0017570113996043801
8689188467,0,7.137533876428262,196.33810424804688,-60.1135139465332,0.0017575073288753629
8714188467,0,7.104476975199256,196.3429412841797,-59.84895706176758,0.001757888705469668
8739188468,0,7.0714001247971074,196.34774780273438,-59.583744049072266,0.001758308382704854
8764188468,0,7.038253886429642,196.35250854492188,-59.31787872314453,0.0017588043119758368
8789188468,0,7.005016033093224,196.3572540283203,-59.05137634277344,0.0017591094365343451
8814188469,0,6.971647751097896,196.36196899414062,-58.78422164916992,0.0017596435500308871
8839188469,0,6.938180111885684,196.36663818359375,-58.51642990112305,0.0017600631108507514
8864188469,0,6.904586653373792,196.3712615966797,-58.24800491333008,0.0017604446038603783
8889188470,0,6.870893197857167,196.3758544921875,-57.97895050048828,0.001760940533131361
8914188470,0,6.837058010397698,196.38043212890625,-57.70926284790039,0.0017613600939512253
8939188471,0,6.803050517522354,196.3849639892578,-57.4389533996582,0.0017617797711864114
8964188471,0,6.768848907910728,196.3894500732422,-57.168025970458984,0.0017621612641960382
8989188471,0,6.734497461111922,196.3939208984375,-56.89647674560547,0.0017624663887545466
9014188472,0,6.699971526735812,196.3983612060547,-56.624324798583984,0.0017629241337999701
9039188472,0,6.665211905939843,196.4027557373047,-56.35155487060547,0.001763305626809597
9064188472,0,6.63015067702721,196.4071044921875,-56.078182220458984,0.0017637633718550205
9089188473,0,6.594634559587197,196.41143798828125,-55.804203033447266,0.0017641448648646474
9114188473,0,6.5581975909210914,196.4157257080078,-55.529632568359375,0.0017646407941356301
9139188474,0,6.520532618196126,196.4199981689453,-55.25445556640625,0.001765022287145257
9164188474,0,6.482012038512676,196.4242401123047,-54.97869110107422,0.0017654418479651213
9189188474,0,6.442777879328455,196.4284210205078,-54.70233917236328,0.0017658233409747481
9214188475,0,6.4028520581078165,196.43258666992188,-54.42539596557617,0.001766204833984375
9239188475,0,6.362218006135321,196.43673706054688,-54.14787292480469,0.00176658621057868
9264188475,0,6.320915042128061,196.44081115722656,-53.869773864746094,0.0017669296357780695
9289188476,0,6.279015994450537,196.4449005126953,-53.591102600097656,0.0017673491965979338
9314188476,0,6.236489504676503,196.44894409179688,-53.31185531616211,0.0017677306896075606
9339188477,0,6.193303134209594,196.45294189453125,-53.03203582763672,0.0017681121826171875
9364188477,0,6.1495182320884,196.45692443847656,-52.75164794921875,0.0017686081118881702
9389188477,0,6.1051869511100945,196.4608612060547,-52.47071075439453,0.0017688750522211194
9414188478,0,6.060314615443461,196.4647674560547,-52.189208984375,0.0017692565452307463
9439188478,0,6.014982098548846,196.46864318847656,-51.90714645385742,0.0017696380382403731
9464188478,0,5.96917393883757,196.4724884033203,-51.624534606933594,0.0017699431627988815
9489188479,0,5.923068763247132,196.47634887695312,-51.34136962890625,0.0017703628400340676
9514188479,0,5.8767143329490965,196.48013305664062,-51.05766677856445,0.0017707061488181353
9539188480,0,5.830153261851224,196.48390197753906,-50.77341079711914,0.0017711257096379995
9564188480,0,5.783385013996462,196.4876251220703,-50.488616943359375,0.0017715072026476264
9589188480,0,5.736386171430185,196.49136352539062,-50.20328903198242,0.0017718886956572533
9614188481,0,5.689245340635087,196.4950408935547,-49.91743087768555,0.0017722701886668801
9639188481,0,5.642087802259183,196.4987030029297,-49.631038665771484,0.0017726134974509478
9664188481,0,5.594940144388248,196.50233459472656,-49.344120025634766,0.0017728423699736595
9689188482,0,5.547824445031139,196.5059356689453,-49.05667495727539,0.0017732238629832864
9714188482,0,5.500776022230313,196.50950622558594,-48.76870346069336,0.0017736053559929132
9739188482,0,5.453830564434497,196.5130615234375,-48.480224609375,0.0017739867325872183
9764188483,0,5.406936243949296,196.5166015625,-48.191219329833984,0.001774330041371286
9789188483,0,5.360149622100166,196.52011108398438,-47.90170669555664,0.001774597098119557
9814188484,0,5.313573329036237,196.52359008789062,-47.61167907714844,0.0017749785911291838
9839188484,0,5.267246735813871,196.5270538330078,-47.32114791870117,0.0017753600841388106
9864188484,0,5.221152967633171,196.5304718017578,-47.03010940551758,0.0017756271408870816
9889188485,0,5.175313169218622,196.5338897705078,-46.73857879638672,0.0017760085174813867
9914188485,0,5.12966991857346,196.5372772216797,-46.44654083251953,0.0017762755742296576
9939188485,0,5.084259958388031,196.54063415527344,-46.15400695800781,0.0017766188830137253
9964188486,0,5.039119080276083,196.54397583007812,-45.860984802246094,0.0017770003760233521
9989188486,0,4.994275762077666,196.54730224609375,-45.567474365234375,0.001777381869032979
10014188487,0,4.9497200987691325,196.5506134033203,-45.273475646972656,0.00177764892578125
10039188487,0,4.905440652532071,196.5538787841797,-44.9789924621582,0.0017779922345653176
10064188487,0,4.861541712665559,196.55715942382812,-44.68402862548828,0.0017782592913135886
10089188488,0,4.817954485257948,196.5603790283203,-44.38858413696289,0.0017786406679078937
10114188488,0,4.774830382745588,196.56362915039062,-44.09266662597656,0.0017789077246561646
10139188488,0,4.732109606067733,196.5668182373047,-43.796268463134766,0.0017792129656299949
10164188489,0,4.689881797813803,196.5700225830078,-43.49940490722656,0.0017795943422243
10189188489,0,4.648052223060048,196.57318115234375,-43.20206832885742,0.0017799376510083675
10214188490,0,4.606725761036503,196.57632446289062,-42.90428161621094,0.0017800902714952826
10239188490,0,4.565923323160556,196.5794677734375,-42.60602569580078,0.0017805099487304688
10264188490,0,4.525611857168134,196.58258056640625,-42.307308197021484,0.001780776889063418
10289188491,0,4.485799850695597,196.58567810058594,-42.00813293457031,0.001781043945811689
10314188491,0,4.446521718973894,196.58876037597656,-41.70850372314453,0.0017814254388213158
10339188491,0,4.407837764627121,196.59185791015625,-41.40842056274414,0.0017817305633798242
10364188492,0,4.369775131126161,196.5949249267578,-41.10789108276367,0.0017820358043536544
10389188492,0,4.332343245864812,196.59796142578125,-40.806915283203125,0.0017823409289121628
10414188493,0,4.295648131168885,196.6009979248047,-40.5054931640625,0.001782646169885993
10439188493,0,4.259672146271879,196.60401916503906,-40.20363235473633,0.0017828368581831455
10464188493,0,4.224457307593919,196.60702514648438,-39.90133285522461,0.0017831420991569757
10489188494,0,4.190071821568019,196.61001586914062,-39.598594665527344,0.0017834854079410434
10514188494,0,4.156538235483101,196.61300659179688,-39.29541778564453,0.0017837523482739925
10539188494,0,4.123899408838837,196.61599731445312,-38.99181365966797,0.0017840575892478228
10564188495,0,4.092082731926834,196.6189422607422,-38.68778610229492,0.0017843246459960938
10589188495,0,4.06114235303437,196.62188720703125,-38.383323669433594,0.001784591586329043
10614188496,0,4.031134041607726,196.6248321533203,-38.07843780517578,0.0017849350115284324
10639188496,0,4.002066836699963,196.6277618408203,-37.77313232421875,0.0017851638840511441
10664188496,0,3.97397264141838,196.6306610107422,-37.4674072265625,0.0017854690086096525
10689188497,0,3.9469279698513238,196.63357543945312,-37.16127014160156,0.0017856978811323643
10714188497,0,3.9197779062012317,196.63519287109375,-36.85477828979492,0.0017866515554487705
10739188497,0,3.893444431484229,196.63653564453125,-36.54788589477539,0.00178722373675555
10764188498,0,3.867582843844673,196.6371307373047,-36.24054718017578,0.00178722373675555
10789188498,0,3.8419104912330866,196.63668823242188,-35.93274688720703,0.0017869186121970415
10814188499,0,3.8169201129064927,196.63571166992188,-35.62443161010742,0.0017859649378806353
10839188499,0,3.7927110371176425,196.63427734375,-35.31558609008789,0.0017847060225903988
10864188499,0,3.7692674330801705,196.63229370117188,-35.00619125366211,0.0017832565354183316
10889188500,0,3.7467203636093465,196.62982177734375,-34.69623565673828,0.0017817687476053834
10914188500,0,3.725086166074022,196.6268768310547,-34.38570785522461,0.001780281076207757
10939188500,0,3.704459203348236,196.6234588623047,-34.07460403442383,0.001778831472620368
10964188501,0,3.684871652978904,196.61959838867188,-33.76291275024414,0.0017774200532585382
10989188501,0,3.6667496093560743,196.61569213867188,-33.45062255859375,0.001776046701706946
11014188501,0,3.6501643281475986,196.61175537109375,-33.137725830078125,0.0017747115343809128
11039188502,0,3.635065321611745,196.6077423095703,-32.82421875,0.0017733382992446423
11064188502,0,3.621643309665074,196.60372924804688,-32.51009750366211,0.001772232004441321
11089188503,0,3.609797298837752,196.59963989257812,-32.19535446166992,0.0017711638938635588
11114188503,0,3.5997296343695493,196.59556579589844,-31.87999725341797,0.0017700575990602374
11139188503,0,3.591745311047048,196.5917510986328,-31.564016342163086,0.0017691421089693904
11164188504,0,3.585871925134233,196.58816528320312,-31.24740982055664,0.0017683791229501367
11189188504,0,3.5821336185023305,196.5848388671875,-30.930179595947266,0.0017676925053820014
11214188504,0,3.5804602612721212,196.5817413330078,-30.61232566833496,0.001766967703588307
11239188505,0,3.580993182601276,196.57888793945312,-30.293842315673828,0.0017663573380559683
11264188505,0,3.5837016330601887,196.5762481689453,-29.974733352661133,0.0017658233409747481
11289188506,0,3.588704445741376,196.57386779785156,-29.654998779296875,0.0017653655959293246
11314188506,0,3.596071092748362,196.57188415527344,-29.33464241027832,0.0017649078508839011
11339188506,0,3.6058402102338003,196.57025146484375,-29.0136661529541,0.001764755230396986
11364188507,0,3.617959082855824,196.56895446777344,-28.69207000732422,0.001764488173648715
11389188507,0,3.632550501337262,196.56802368164062,-28.369850158691406,0.0017642593011260033
11414188507,0,3.649624073316068,196.56741333007812,-28.04701805114746,0.0017641066806390882
11439188508,0,3.6692167154590627,196.5670928955078,-27.723567962646484,0.0017639541765674949
11464188508,0,3.6914329756203514,196.56712341308594,-27.399505615234375,0.0017639159923419356
11489188509,0,3.716269343953673,196.56752014160156,-27.074832916259766,0.0017637633718550205
11514188509,0,3.7435404405839616,196.56825256347656,-26.749555587768555,0.0017637633718550205
11539188509,0,3.7732139743489044,196.56927490234375,-26.42367172241211,0.0017637633718550205
11564188510,0,3.8051280101753258,196.57058715820312,-26.09718132019043,0.001763839740306139
11589188510,0,3.8398610133625803,196.57215881347656,-25.77009391784668,0.0017638778081163764
11614188510,0,3.875549244332857,196.57180786132812,-25.44261360168457,0.0017658995930105448
11639188511,0,3.9101116050719207,196.5677490234375,-25.11513328552246,0.0017711257096379995
11664188511,0,3.942413252961145,196.55882263183594,-24.788116455078125,0.0017805480165407062
11689188512,0,3.9713564939243686,196.54400634765625,-24.462114334106445,0.0017937087686732411
11714188512,0,3.9965860063591383,196.52284240722656,-24.137304306030273,0.0018072128295898438
11739188512,0,4.01824433691236,196.495361328125,-23.81352996826172,0.0018174743745476007
11764188513,0,4.036564852376342,196.46157836914062,-23.49066162109375,0.0018233489245176315
11789188513,0,4.052249991619249,196.42153930664062,-23.168582916259766,0.0018259048229083419
11814188513,0,4.066028344163323,196.37530517578125,-22.84722328186035,0.0018254851456731558
11839188514,0,4.078615527162281,196.32305908203125,-22.526535034179688,0.0018232726724818349
11864188514,0,4.090799552895945,196.264892578125,-22.206491470336914,0.0018199539044871926
11889188515,0,4.103648146242851,196.2010040283203,-21.887081146240234,0.0018162536434829235
11914188515,0,4.118295916273828,196.1316375732422,-21.56831169128418,0.001811981201171875
11939188515,0,4.135642724468165,196.05699157714844,-21.250179290771484,0.0018079376313835382
11964188516,0,4.1565175575617195,195.97727966308594,-20.932687759399414,0.0018041229341179132
11989188516,0,4.1816897448225125,195.89280700683594,-20.615819931030273,0.001800537109375
12014188516,0,4.21167120563104,195.80384826660156,-20.29956817626953,0.0017973327776417136
12039188517,0,4.247377952082069,195.71067810058594,-19.98390007019043,0.0017943953862413764
12064188517,0,4.289372340372498,195.61358642578125,-19.66878318786621,0.001791725168004632
12089188518,0,4.337914360453603,195.5128631591797,-19.354167938232422,0.0017895125783979893
12114188518,0,4.392714079592979,195.40878295898438,-19.040002822875977,0.0017870330484583974
12139188518,0,4.453043068872821,195.30162048339844,-18.726228713989258,0.0017852783203125
12164188519,0,4.518621417485194,195.191650390625,-18.41278839111328,0.001783409039489925
12189188519,0,4.590253653613096,195.07907104492188,-18.09961700439453,0.0017819976201280951
12214188519,0,4.668769064382818,194.96417236328125,-17.786653518676758,0.0017805099487304688
12239188520,0,4.755066957871162,194.84710693359375,-17.47384262084961,0.0017792129656299949
12264188520,0,4.85117573197672,194.73020935058594,-17.160444259643555,0.0017780684866011143
12289188520,0,4.958163013716743,194.61517333984375,-16.846073150634766,0.0017789839766919613
12314188521,0,5.075781819658337,194.5021209716797,-16.53068733215332,0.0017804717645049095
12339188521,0,5.203637630475393,194.39114379882812,-16.21422004699707,0.0017813491867855191
12364188522,0,5.341163936334239,194.2823944091797,-15.896597862243652,0.0017815398750826716
12389188522,0,5.488194629477223,194.17599487304688,-15.57774829864502,0.001780929509550333
12414188522,0,5.644738264111249,194.0731964111328,-15.257546424865723,0.0017820739885792136
12439188523,0,5.810581985116779,193.97503662109375,-14.93593978881836,0.0017850494477897882
12464188523,0,5.985339111915709,193.88157653808594,-14.612899780273438,0.0017877960344776511
12489188523,0,6.168637307070559,193.79283142089844,-14.28840160369873,0.0017892455216497183
12514188524,0,6.360112894920324,193.70880126953125,-13.962430953979492,0.001789588830433786
12539188524,0,6.5593900401313086,193.62954711914062,-13.63499641418457,0.0017895125783979893
12564188525,0,6.766146161498027,193.5559844970703,-13.3062105178833,0.001791458111256361
12589188525,0,6.980040622723309,193.4881591796875,-12.97610855102539,0.0017931365873664618
12614188525,0,7.200759446990384,193.42588806152344,-12.6447114944458,0.0017938613891601562
12639188526,0,7.428030384004195,193.3690948486328,-12.3120698928833,0.0017938613891601562
12664188526,0,7.661610599463255,193.31768798828125,-11.978240966796875,0.0017934798961505294
12689188526,0,7.901274608377468,193.27162170410156,-11.643292427062988,0.0017927169101312757
12714188527,0,8.146800968132924,193.23095703125,-11.30732250213623,0.0017927932785823941
12739188527,0,8.397989663140166,193.195556640625,-10.970401763916016,0.0017924498533830047
12764188528,0,8.654672112501826,193.1652069091797,-10.632589340209961,0.0017918396042659879
12789188528,0,8.916441803387931,193.13967895507812,-10.293947219848633,0.0017911528702825308
12814188528,0,9.182423382013729,193.1188507080078,-9.95454216003418,0.0017904280684888363
12839188529,0,9.451619587503268,193.1024627685547,-9.614432334899902,0.0017897796351462603
12864188529,0,9.722978309763139,193.0901336669922,-9.273645401000977,0.001788558904081583
12889188529,0,9.995670759370299,193.08160400390625,-8.93222427368164,0.0017875289777293801
12914188530,0,10.269296470091277,193.07659912109375,-8.5902099609375,0.0017864989349618554
12939188530,0,10.54346353710609,193.07498168945312,-8.247639656066895,0.0017855834448710084
12964188531,0,10.81781467451438,193.076416015625,-7.904541492462158,0.001784744206815958
12989188531,0,11.092051383945963,193.08079528808594,-7.560939788818359,0.001784095773473382
13014188531,0,11.36597775222565,193.08740234375,-7.2168145179748535,0.0017829512944445014
13039188532,0,11.639416384396387,193.0960235595703,-6.872177600860596,0.0017820739885792136
13064188532,0,11.912212173894961,193.10650634765625,-6.527043342590332,0.001781043945811689
13089188532,0,12.18425339696703,193.11865234375,-6.1814188957214355,0.0017803955124691129
13114188533,0,12.45544449819911,193.13226318359375,-5.835309982299805,0.0017798232147470117
13139188533,0,12.725711471068838,193.1471710205078,-5.488719463348389,0.0017791747814044356
13164188534,0,12.995015747766441,193.16282653808594,-5.14162540435791,0.0017785262316465378
13189188534,0,13.263310281285202,193.17909240722656,-4.794027805328369,0.0017778396140784025
13214188534,0,13.530550698979514,193.19589233398438,-4.445927143096924,0.0017774963052943349
13239188535,0,13.796703135061524,193.21311950683594,-4.097324848175049,0.0017770385602489114
13264188535,0,14.061738044361043,193.2306671142578,-3.7482211589813232,0.0017767715035006404
13289188535,0,14.325631159760022,193.2484130859375,-3.398615837097168,0.0017765044467523694
13314188536,0,14.588366566707519,193.26605224609375,-3.0485024452209473,0.001776199322193861
13339188536,0,14.849924751350262,193.28347778320312,-2.697880268096924,0.0017760848859325051
13364188537,0,15.110291060954243,193.30067443847656,-2.3467512130737305,0.0017760848859325051
13389188537,0,15.36944483195014,193.317626953125,-1.995118260383606,0.0017761229537427425
13414188537,0,15.627376323319979,193.33428955078125,-1.642983317375183,0.0017760085174813867
13439188538,0,15.884070136109186,193.3504180908203,-1.2903469800949097,0.0017762373900040984
13464188538,0,16.139514612776257,193.3660125732422,-0.9372112154960632,0.0017762755742296576
13489188538,0,16.393701264840576,193.38108825683594,-0.5835793018341064,0.0017765044467523694
13514188539,0,16.64661916099486,193.39564514160156,-0.22945499420166016,0.0017766952514648438
13539188539,0,16.898258783127062,193.40966796875,0.1251584142446518,0.0017768859397619963
13564188539,0,17.148610220824615,193.4231414794922,0.480257123708725,0.0017771910643205047
13589188540,0,17.397664894762265,193.43597412109375,0.8358372449874878,0.0017774581210687757
13614188540,0,17.64541217725938,193.44813537597656,1.191895604133606,0.0017776869935914874
13639188541,0,17.89184958143505,193.45970153808594,1.5484284162521362,0.0017780684866011143
13664188541,0,18.136968378096107,193.4706573486328,1.9054319858551025,0.001778411795385182
13689188541,0,18.380763774388768,193.4810333251953,2.262902021408081,0.0017787170363590121
13714188542,0,18.623225367654282,193.49072265625,2.6208343505859375,0.0017789839766919613
13739188542,0,18.8643497693064,193.49978637695312,2.9792253971099854,0.0017793654697015882
13764188542,0,19.10413384026758,193.5082244873047,3.3380720615386963,0.001779746962711215
13789188543,0,19.342569711010775,193.51608276367188,3.6973705291748047,0.0017799758352339268
13814188543,0,19.57965547744455,193.52340698242188,4.057117462158203,0.0017803573282435536
13839188544,0,19.81538461580672,193.5301971435547,4.417309284210205,0.0017807388212531805
13864188544,0,20.049753168652753,193.536376953125,4.7779412269592285,0.0017810057615861297
13889188544,0,20.282755782932202,193.5419921875,5.139010906219482,0.0017812347505241632
13914188545,0,20.514390599870502,193.54708862304688,5.500514984130859,0.0017815780593082309
13939188545,0,20.744650163173954,193.5516815185547,5.862449645996094,0.001781959435902536
13964188545,0,20.97353782014906,193.55581665039062,6.224812984466553,0.0017822646768763661
13989188546,0,21.20104377789219,193.5594024658203,6.5876007080078125,0.0017825317336246371
14014188546,0,21.427168054553825,193.5625,6.950810432434082,0.0017827224219217896
14039188547,0,21.651903913306754,193.5651092529297,7.314438343048096,0.0017830657307058573
14064188547,0,21.875253954841185,193.56727600097656,7.678483009338379,0.001783294603228569
14089188547,0,22.097217001823186,193.5690460205078,8.04294204711914,0.0017836379120126367
14114188548,0,22.317783509674246,193.5703125,8.407809257507324,0.0017839431529864669
14139188548,0,22.536959146027154,193.5711212158203,8.77308464050293,0.0017841338412836194
14164188548,0,22.75474427186658,193.57151794433594,9.138765335083008,0.0017844390822574496
14189188549,0,22.971139064003832,193.571533203125,9.50484848022461,0.001784744206815958
14214188549,0,23.186958450510698,193.57115173339844,9.871332168579102,0.001784858643077314
14239188550,0,23.403249059822468,193.57040405273438,10.238213539123535,0.0017851638840511441
14264188550,0,23.61999471389856,193.5692901611328,10.605489730834961,0.0017854308243840933
14289188550,0,23.837184121967702,193.56781005859375,10.973158836364746,0.0017855834448710084
14314188551,0,24.05481318262531,193.5659942626953,11.341217994689941,0.0017859649378806353
14339188551,0,24.27288170665046,193.5638885498047,11.709668159484863,0.0017861175583675504
14364188551,0,24.491380808887364,193.5614471435547,12.078503608703613,0.0017863844987004995
14389188552,0,24.71031083833383,193.55873107910156,12.447721481323242,0.0017866897396743298
14414188552,0,24.92967253271676,193.55575561523438,12.817322731018066,0.0017868041759356856
14439188553,0,25.149463232980604,193.5525360107422,13.187305450439453,0.0017869567964226007
14464188553,0,25.369681948172744,193.549072265625,13.557665824890137,0.0017873001052066684
14489188553,0,25.59032585543088,193.54542541503906,13.928400993347168,0.0017875289777293801
14514188554,0,25.811379207405064,193.5415802001953,14.299494743347168,0.0017880249070003629
14539188554,0,26.03279744242356,193.5375518798828,14.670900344848633,0.0017887497087940574
14564188554,0,26.2545019007372,193.5334014892578,15.0425386428833,0.0017902373801916838
14589188555,0,26.476386584528107,193.5290985107422,15.414304733276367,0.00179290771484375
14614188555,0,26.69833197592728,193.5247039794922,15.786078453063965,0.001796722412109375
14639188556,0,26.920206887146,193.52017211914062,16.157726287841797,0.0018019103445112705
14664188556,0,27.14187894901443,193.5155792236328,16.529117584228516,0.0018082809401676059
14689188556,0,27.36324339671368,193.5109405517578,16.900144577026367,0.0018156814621761441
14714188557,0,27.584212271359505,193.5062255859375,17.270721435546875,0.0018238448537886143
14739188557,0,27.803006198317725,193.50149536132812,17.64080047607422,0.0018320083618164062
14764188557,0,28.01936367391302,193.49671936035156,18.0103702545166,0.001839714008383453
14789188558,0,28.23342217375043,193.49192810058594,18.37946891784668,0.0018463515443727374
14814188558,0,28.445335637273836,193.4871368408203,18.748167037963867,0.0018515776610001922
14839188558,0,28.655254774468304,193.4823760986328,19.116544723510742,0.0018551634857431054
14864188559,0,28.863310520030005,193.4776153564453,19.484676361083984,0.001857337891124189
14889188559,0,29.069616698970613,193.4728240966797,19.852628707885742,0.00185813894495368
14914188560,0,29.274269660783972,193.4680633544922,20.220458984375,0.0018578338203951716
14939188560,0,29.477355031931282,193.46331787109375,20.58821678161621,0.0018566894577816129
14964188560,0,29.67895475581397,193.45860290527344,20.955957412719727,0.001854972797445953
14989188561,0,29.879126070673035,193.45391845703125,21.323713302612305,0.0018525695195421576
15014188561,0,30.077933284296897,193.44923400878906,21.6915283203125,0.0018497466808184981
15039188561,0,30.275423496523715,193.44461059570312,22.059432983398438,0.0018469238420948386
15064188562,0,30.471640077401478,193.43997192382812,22.42745590209961,0.0018439482664689422
15089188562,0,30.666622849972605,193.43540954589844,22.795623779296875,0.001840782118961215
15114188563,0,30.860404178079044,193.4308319091797,23.163959503173828,0.0018377304077148438
15139188563,0,31.05301440130903,193.42633056640625,23.53248405456543,0.0018344878917559981
15164188563,0,31.244484115418768,193.42181396484375,23.901220321655273,0.001831550500355661
15189188564,0,31.434828649681993,193.41734313964844,24.270177841186523,0.0018286514095962048
15214188564,0,31.624069846480154,193.4128875732422,24.639373779296875,0.0018258284544572234
15239188564,0,31.812231647525373,193.408447265625,25.008825302124023,0.0018231964204460382
15264188565,0,31.999319870843756,193.40403747558594,25.378536224365234,0.0018206787062808871
15289188565,0,32.185354985029484,193.39964294433594,25.74852180480957,0.0018183516804128885
15314188566,0,32.37034827892359,193.395263671875,26.118791580200195,0.001816177275031805
15339188566,0,32.55430633477375,193.3909149169922,26.489349365234375,0.0018141174223273993
15364188566,0,32.73722822710195,193.38658142089844,26.860191345214844,0.0018124007619917393
15389188567,0,32.91907973811976,193.3822479248047,27.23128318786621,0.0018110275268554688
15414188567,0,33.099807735212195,193.3779296875,27.602569580078125,0.001810531597584486
15439188567,0,33.27933844685372,193.37362670898438,27.973976135253906,0.0018108749063685536
15464188568,0,33.457580091447596,193.3693084716797,28.345409393310547,0.0018124389462172985
15489188568,0,33.6344360198817,193.36502075195312,28.716772079467773,0.001815109164454043
15514188569,0,33.809799786194326,193.3607635498047,29.08795738220215,0.0018190002301707864
15539188569,0,33.983591244374836,193.35647583007812,29.45888328552246,0.0018237304175272584
15564188569,0,34.15573397476953,193.3522186279297,29.8294734954834,0.001829185406677425
15589188570,0,34.32618598538015,193.34796142578125,30.19968605041504,0.0018349456368014216
15614188570,0,34.494937241809595,193.3437042236328,30.569509506225586,0.0018404388101771474
15639188570,0,34.66200473328485,193.33946228027344,30.938961029052734,0.0018453598022460938
15664188571,0,34.82744072144926,193.3352508544922,31.30809211730957,0.0018492507515475154
15689188571,0,34.991313752550525,193.33102416992188,31.676971435546875,0.0018519210861995816
15714188572,0,35.15369511061329,193.32681274414062,32.04566955566406,0.0018533325055614114
15739188572,0,35.314636476696165,193.3225860595703,32.41423797607422,0.0018536376301199198
15764188572,0,35.474199615731955,193.31837463378906,32.782737731933594,0.0018531036330386996
15789188573,0,35.632422141688416,193.3141632080078,33.151206970214844,0.0018517684657126665
15814188573,0,35.78935004654645,193.3099365234375,33.519691467285156,0.0018498993013054132
15839188573,0,35.945025498101494,193.30572509765625,33.88823318481445,0.0018476485274732113
15864188574,0,36.09947580830208,193.30148315429688,34.256858825683594,0.0018450927454978228
15889188574,0,36.25272737094958,193.29722595214844,34.62559509277344,0.0018422699067741632
15914188574,0,36.40481515314045,193.29296875,34.994476318359375,0.0018394088838249445
15939188575,0,36.55575434904656,193.28871154785156,35.36351776123047,0.0018365096766501665
15964188575,0,36.705571612059856,193.28445434570312,35.73274612426758,0.001833686837926507
15989188576,0,36.854284309620795,193.2801971435547,36.102176666259766,0.001830787630751729
16014188576,0,37.00191575480451,193.27593994140625,36.471832275390625,0.0018280792282894254
16039188576,0,37.148473481709416,193.2716827392578,36.84172058105469,0.0018254851456731558
16064188577,0,37.293969998952996,193.2673797607422,37.21185302734375,0.001822891179472208
16089188577,0,37.43843210556068,193.26307678222656,37.58224868774414,0.0018204498337581754
16114188577,0,37.581864357207074,193.2587890625,37.952911376953125,0.0018182754283770919
16139188578,0,37.72424564597849,193.25448608398438,38.323814392089844,0.001816444331780076
16164188578,0,37.865573121086506,193.2501983642578,38.69493103027344,0.0018150710966438055
16189188579,0,38.00581039664405,193.2458953857422,39.066192626953125,0.001814613351598382
16214188579,0,38.14492776060996,193.24159240722656,39.43752670288086,0.0018153380369767547
16239188579,0,38.282893802796,193.2373046875,39.80884552001953,0.0018169402610510588
16264188580,0,38.41967341029847,193.23300170898438,40.18004608154297,0.0018196868477389216
16289188580,0,38.55526136917897,193.22872924804688,40.55105209350586,0.00182342529296875
16314188580,0,38.689647844593026,193.22442626953125,40.92178726196289,0.001828002859838307
16339188581,0,38.82284513957897,193.2201385498047,41.29219055175781,0.00183300010394305
16364188581,0,38.95490728319381,193.21583557128906,41.66223907470703,0.0018380355322733521
16389188582,0,39.085919618159096,193.21153259277344,42.03193664550781,0.0018427657196298242
16414188582,0,39.21600205499978,193.20724487304688,42.40131378173828,0.001846809289418161
16439188582,0,39.345300619890494,193.20294189453125,42.770423889160156,0.0018497466808184981
16464188583,0,39.473975100205784,193.1986541748047,43.13934326171875,0.0018515014089643955
16489188583,0,39.60216305445435,193.19435119628906,43.50812911987305,0.0018521880265325308
16514188583,0,39.72999008519038,193.19004821777344,43.87682342529297,0.0018519210861995816
16539188584,0,39.857595962731466,193.18576049804688,44.24549102783203,0.001850891043432057
16564188584,0,39.98507777364555,193.18145751953125,44.61416244506836,0.0018492507515475154
16589188585,0,40.11254317090197,193.1771697998047,44.98288345336914,0.0018471527146175504
16614188585,0,40.24008635915578,193.17286682128906,45.3516845703125,0.0018447494367137551
16639188585,0,40.3677891026853,193.16856384277344,45.72058868408203,0.0018422699067741632
16664188586,0,40.49573616063588,193.16427612304688,46.089637756347656,0.0018394851358607411
16689188586,0,40.6239866278924,193.15997314453125,46.45884704589844,0.0018366241129115224
16714188586,0,40.7525988761548,193.1556854248047,46.82823181152344,0.0018337630899623036
16739188587,0,40.88164100991842,193.15138244628906,47.19782257080078,0.0018309783190488815
16764188587,0,41.01115738452058,193.14707946777344,47.567626953125,0.0018283081008121371
16789188588,0,41.14118159651822,193.1427764892578,47.93765640258789,0.001825790386646986
16814188588,0,41.271764847627864,193.1384735107422,48.30793762207031,0.0018231964204460382
16839188588,0,41.402927603179315,193.13417053222656,48.67847442626953,0.0018207167740911245
16864188589,0,41.534674804962606,193.1298828125,49.04925537109375,0.0018186569213867188
16889188589,0,41.66700333015319,193.12557983398438,49.42026138305664,0.0018170546973124146
16914188589,0,41.79987284226426,193.1212921142578,49.79143524169922,0.0018162536434829235
16939188590,0,41.93323255752978,193.1169891357422,50.1627082824707,0.0018162536434829235
16964188590,0,42.06701874827938,193.11268615722656,50.53400421142578,0.0018173217540606856
16989188591,0,42.20113524099441,193.1083984375,50.90522766113281,0.0018194961594417691
17014188591,0,42.33550860855866,193.10409545898438,51.27629852294922,0.0018225096864625812
17039188591,0,42.47004870008129,193.0998077392578,51.647132873535156,0.0018265914404764771
17064188592,0,42.60469744958056,193.0955047607422,52.01767349243164,0.0018311691237613559
17089188592,0,42.73941068250427,193.09120178222656,52.38788604736328,0.0018360899994149804
17114188592,0,42.874158728132855,193.0869140625,52.757747650146484,0.001840782118961215
17139188593,0,43.00894686646971,193.08261108398438,53.12728500366211,0.0018449401250109076
17164188593,0,43.14379318337709,193.0783233642578,53.49654006958008,0.0018483733292669058
17189188593,0,43.27875741797831,193.0740509033203,53.86558532714844,0.00185050955042243
17214188594,0,43.41388775933588,193.06979370117188,54.23447799682617,0.0018515395931899548
17239188594,0,43.549235662756494,193.06553649902344,54.603271484375,0.0018515776610001922
17264188595,0,43.684840482660256,193.061279296875,54.972015380859375,0.001850776607170701
17289188595,0,43.820739232710466,193.05702209472656,55.34075927734375,0.0018493651878088713
17314188595,0,43.956949693926795,193.05276489257812,55.70954132080078,0.0018474578391760588
17339188596,0,44.09348754254676,193.0485076904297,56.078392028808594,0.0018451689975336194
17364188596,0,44.230370074030866,193.0442352294922,56.44733810424805,0.0018426512833684683
17389188596,0,44.367626351714854,193.03993225097656,56.81642150878906,0.0018399810651317239
17414188597,0,44.5052504845433,193.03564453125,57.18565368652344,0.0018371962942183018
17439188597,0,44.643237032275024,193.03134155273438,57.555057525634766,0.0018344115233048797
17464188598,0,44.781588960703075,193.0270538330078,57.92466354370117,0.0018316268688067794
17489188598,0,44.92029497523876,193.0227508544922,58.29447555541992,0.0018289184663444757
17514188598,0,45.05935427187578,193.01844787597656,58.66451644897461,0.0018262863159179688
17539188599,0,45.19875645708973,193.01416015625,59.03479766845703,0.0018236922333016992
17564188599,0,45.33848735963189,193.00985717773438,59.405330657958984,0.0018213653238490224
17589188599,0,45.47851288198951,193.0055694580078,59.77610778808594,0.0018192291026934981
17614188600,0,45.61878772258483,193.0012664794922,60.14710235595703,0.001817626878619194
17639188600,0,45.75923997543774,192.99696350097656,60.51826477050781,0.0018167495727539062
17664188601,0,45.89978585810707,192.99267578125,60.889530181884766,0.0018167495727539062
17689188601,0,46.040317220210206,192.98837280273438,61.26081085205078,0.00181774131488055
17714188601,0,46.180732577270945,192.9840850830078,61.63202667236328,0.0018198775360360742
17739188602,0,46.32091863115737,192.9797821044922,62.00308609008789,0.0018229674315080047
17764188602,0,46.46078491132254,192.97547912597656,62.37390899658203,0.0018268966814503074
17789188602,0,46.60027877050741,192.97119140625,62.744441986083984,0.0018314742483198643
17814188603,0,46.739364273286405,192.96688842773438,63.114646911621094,0.0018362044356763363
17839188603,0,46.87803105972936,192.9626007080078,63.4845085144043,0.0018408583709970117
17864188604,0,47.0163191338203,192.9582977294922,63.85405731201172,0.0018450164934620261
17889188604,0,47.15425534050144,192.95399475097656,64.22332000732422,0.001848144456744194
17914188604,0,47.29193290838109,192.94972229003906,64.5923843383789,0.0018503188621252775
17939188605,0,47.42942196801217,192.94541931152344,64.96129608154297,0.0018513487884774804
17964188605,0,47.56680050875975,192.94113159179688,65.33011627197266,0.001851310720667243
17989188605,0,47.70414459754413,192.93682861328125,65.69889068603516,0.0018505477346479893
18014188606,0,47.841513363767206,192.9325408935547,66.06767272949219,0.0018490981310606003
18039188606,0,47.97892128202111,192.92823791503906,66.43647766113281,0.001847228966653347
18064188607,0,48.11641831322167,192.92393493652344,66.80535888671875,0.0018449783092364669
18089188607,0,48.25403209661462,192.91964721679688,67.17434692382812,0.001842498779296875
18114188607,0,48.39176224019369,192.9153289794922,67.54345703125,0.0018397902604192495
18139188608,0,48.52964516239026,192.91102600097656,67.91273498535156,0.001837081857956946
18164188608,0,48.6676451943195,192.90673828125,68.28217315673828,0.0018342970870435238
18189188608,0,48.80579303895455,192.90243530273438,68.65181732177734,0.0018313216278329492
18214188609,0,48.94407000492215,192.8981475830078,69.02167510986328,0.0018287658458575606
18239188609,0,49.082461025769895,192.8938446044922,69.39175415039062,0.0018260955112054944
18264188610,0,49.22097735058605,192.88954162597656,69.76207733154297,0.0018235777970403433
18289188610,0,49.359616878014926,192.88525390625,70.13265228271484,0.0018212127033621073
18314188610,0,49.49836092012608,192.88095092773438,70.50347137451172,0.0018191146664321423
18339188611,0,49.63716312377395,192.8766632080078,70.87449645996094,0.0018175888108089566
18364188611,0,49.77596646444852,192.8723602294922,71.24568176269531,0.001816825824789703
18389188611,0,49.91468931802178,192.86805725097656,71.61695098876953,0.001816978445276618
18414188612,0,50.05324298627142,192.86376953125,71.98822784423828,0.001818160992115736
18439188612,0,50.19153058784857,192.85946655273438,72.35942077636719,0.001820373465307057
18464188612,0,50.32947754844855,192.8551788330078,72.7304458618164,0.0018236541654914618
18489188613,0,50.467034087953635,192.8508758544922,73.10123443603516,0.001827735803090036
18514188613,0,50.60414489851905,192.84657287597656,73.47171783447266,0.0018322753021493554
18539188614,0,50.740800252070756,192.84228515625,73.84186553955078,0.0018370436737313867
18564188614,0,50.87700587252096,192.83798217773438,74.21167755126953,0.0018416213570162654
18589188614,0,51.01280352823315,192.8336944580078,74.58116912841797,0.001845512306317687
18614188615,0,51.14825864630232,192.82940673828125,74.95040130615234,0.0018485641339793801
18639188615,0,51.283446362840614,192.8251495361328,75.3194351196289,0.0018504714826121926
18664188615,0,51.41842696229825,192.82089233398438,75.68832397460938,0.0018513869727030396
18689188616,0,51.55328798863181,192.81663513183594,76.05712890625,0.0018511962844058871
18714188616,0,51.6880771270967,192.8123779296875,76.42588806152344,0.00185050955042243
18739188617,0,51.82287696801709,192.80812072753906,76.79467010498047,0.0018489074427634478
18764188617,0,51.95771898454573,192.80386352539062,77.16348266601562,0.0018469238420948386
18789188617,0,52.092664205820476,192.79959106445312,77.53237915039062,0.00184459681622684
18814188618,0,52.22774257509936,192.7952880859375,77.90137481689453,0.0018420028500258923
18839188618,0,52.36299967705653,192.79098510742188,78.2705078125,0.0018392944475635886
18864188618,0,52.498461066197336,192.7866973876953,78.63980865478516,0.0018365096766501665
18889188619,0,52.634128081220375,192.7823944091797,79.00927734375,0.0018336486537009478
18914188619,0,52.770043626697756,192.77810668945312,79.37895202636719,0.0018309783190488815
18939188620,0,52.906215140070046,192.7738037109375,79.74883270263672,0.0018283081008121371
18964188620,0,53.042676196127154,192.76950073242188,80.11894989013672,0.0018256759503856301
18989188620,0,53.17942182662042,192.7652130126953,80.48931121826172,0.0018231200519949198
19014188621,0,53.31646175303957,192.7609100341797,80.85993194580078,0.0018208312103524804
19039188621,0,53.45373800732095,192.75662231445312,81.23077392578125,0.0018189620459452271
19064188621,0,53.591232079190824,192.7523193359375,81.60182189941406,0.0018174743745476007
19089188622,0,53.72889628673525,192.74801635742188,81.9730224609375,0.001816825824789703
19114188622,0,53.86665415338059,192.7437286376953,82.34430694580078,0.0018170928815379739
19139188623,0,54.00440896892313,192.7394256591797,82.715576171875,0.001818428048864007
19164188623,0,54.14208179125864,192.73513793945312,83.08674621582031,0.0018207549583166838
19189188623,0,54.27958716699672,192.7308349609375,83.45773315429688,0.001824188162572682
19214188624,0,54.416876673228536,192.72653198242188,83.82848358154297,0.0018283461686223745
19239188624,0,54.553874393184564,192.7222442626953,84.19891357421875,0.0018329620361328125
19264188624,0,54.69059213960469,192.7179412841797,84.56902313232422,0.0018376540392637253
19289188625,0,54.82699539652943,192.71365356445312,84.93877410888672,0.0018421554705128074
19314188625,0,54.963173617855546,192.7093505859375,85.30824279785156,0.0018460082355886698
19339188626,0,55.09913904991199,192.705078125,85.67742919921875,0.0018488692585378885
19364188626,0,55.23499843106133,192.70077514648438,86.04643249511719,0.001850623986683786
19389188626,0,55.37081894954947,192.6964874267578,86.41531372070312,0.0018513869727030396
19414188627,0,55.50664429109264,192.6921844482422,86.78411102294922,0.0018511199159547687
19439188627,0,55.64253758046344,192.6878662109375,87.15287780761719,0.0018501662416383624
19464188627,0,55.77854477667713,192.68356323242188,87.52165985107422,0.0018485641339793801
19489188628,0,55.914713016042526,192.6792755126953,87.89049530029297,0.0018465041648596525
19514188628,0,56.05107300186448,192.6749725341797,88.2593994140625,0.0018441390711814165
19539188629,0,56.187700846478336,192.67068481445312,88.62841796875,0.0018415831727907062
19564188629,0,56.32466475837601,192.6663818359375,88.99758911132812,0.0018388747703284025
19589188629,0,56.46195638304236,192.66207885742188,89.36690521240234,0.0018360137473791838
19614188630,0,56.599598428480434,192.6577911376953,89.73640441894531,0.0018333053449168801
19639188630,0,56.73761468471995,192.6534881591797,90.10611724853516,0.0018305968260392547
19664188630,0,56.8759780890805,192.64920043945312,90.47604370117188,0.0018279266078025103
19689188631,0,57.01467755671248,192.6448974609375,90.84619903564453,0.0018253326416015625
19714188631,0,57.15373996551135,192.64059448242188,91.21660614013672,0.0018228529952466488
19739188631,0,57.29314969767293,192.6363067626953,91.5872573852539,0.0018206023378297687
19764188632,0,57.43286621886519,192.6320037841797,91.9581298828125,0.0018186569213867188
19789188632,0,57.572854122822726,192.62771606445312,92.32920837402344,0.0018173599382862449
19814188633,0,57.713014053570234,192.6234130859375,92.7004165649414,0.001816825824789703
19839188633,0,57.85325446299843,192.61911010742188,93.07168579101562,0.0018173599382862449
19864188633,0,57.99350615827877,192.6148223876953,93.44293975830078,0.001818809425458312
19889188634,0,58.13367865434073,192.6105194091797,93.8140869140625,0.0018214035080745816
19914188634,0,58.27369530545976,192.60623168945312,94.1850357055664,0.0018249129643663764
19939188634,0,58.413510865036365,192.6019287109375,94.55573272705078,0.0018291091546416283
19964188635,0,58.55304452073685,192.59762573242188,94.92610168457031,0.0018337630899623036
19989188635,0,58.692291577598226,192.5933380126953,95.29615020751953,0.0018384552095085382
20014188636,0,58.83121441981986,192.5890350341797,95.66585540771484,0.0018428420880809426
20039188636,0,58.96987407869917,192.58474731445312,96.0352783203125,0.0018465041648596525
20064188636,0,59.108287038153975,192.58035278320312,96.4044418334961,0.0018492125673219562
20089188637,0,59.24652576851895,192.5758514404297,96.77342224121094,0.0018507385393604636
20114188637,0,59.38466984499237,192.57125854492188,97.14229583740234,0.0018512343522161245
20139188637,0,59.52275013064155,192.5665740966797,97.51109313964844,0.001850891043432057
20164188638,0,59.66081621094548,192.561767578125,97.87986755371094,0.0018497848650440574
20189188638,0,59.79890104424504,192.556640625,98.24864959716797,0.001848144456744194
20214188639,0,59.93704364716394,192.55108642578125,98.61748504638672,0.0018461226718500257
20239188639,0,60.07527419106328,192.54519653320312,98.98639678955078,0.0018437957623973489
20264188639,0,60.21361088369025,192.53895568847656,99.35541534423828,0.0018412017961964011
20289188640,0,60.35208061383015,192.53236389160156,99.72457122802734,0.001838417025282979
20314188640,0,60.490672185062465,192.52505493164062,100.09385681152344,0.001835784874856472
20339188640,0,60.62941253304555,192.51702880859375,100.46331024169922,0.0018331145402044058
20364188641,0,60.768297923092405,192.50830078125,100.83293914794922,0.0018304443219676614
20389188641,0,60.90733537136854,192.49891662597656,101.20277404785156,0.0018278503557667136
20414188642,0,61.04652552319154,192.4888458251953,101.57280731201172,0.0018252182053402066
20439188642,0,61.18586176590152,192.4777069091797,101.94304656982422,0.0018230819841846824
20464188642,0,61.325324933212734,192.4654998779297,102.3134765625,0.0018210220150649548
20489188643,0,61.46493077600853,192.45228576660156,102.68408966064453,0.0018191527342423797
20514188643,0,61.60463388276028,192.43804931640625,103.05486297607422,0.001817893935367465
20539188643,0,61.74436906382088,192.4228515625,103.42572021484375,0.0018173217540606856
20564188644,0,61.88403166764977,192.40628051757812,103.79656982421875,0.001817893935367465
20589188644,0,62.02349996249582,192.3883819580078,104.16732025146484,0.0018194579752162099
20614188645,0,62.16268720196188,192.36920166015625,104.53791046142578,0.0018218993209302425
20639188645,0,62.30151316242049,192.34878540039062,104.90825653076172,0.0018250655848532915
20664188645,0,62.439905871576585,192.32717895507812,105.27828979492188,0.001829070970416069
20689188646,0,62.57778185705633,192.30401611328125,105.6479263305664,0.0018335724016651511
20714188646,0,62.71511759821964,192.27935791015625,106.01714324951172,0.0018380355322733521
20739188646,0,62.85192156065113,192.25323486328125,106.38595581054688,0.001842079102061689
20764188647,0,62.988192389402215,192.2257537841797,106.7543716430664,0.0018455886747688055
20789188647,0,63.124026659036446,192.19688415527344,107.12248992919922,0.0018480682047083974
