ts,agent_id,cvip,cvip_x,cvip_y,cvip_z
2098544571,0,500.5833411029455,199.03602600097656,-72.834228515625,-499.8193664550781
2123544571,0,18.757063613529507,195.83602905273438,-67.834228515625,0.09999999403953552
2148544572,0,18.756104915102554,195.83602905273438,-67.834228515625,0.09540698677301407
2173544572,0,18.755274057116246,195.83602905273438,-67.834228515625,0.08469131588935852
2198544573,0,18.754604040938624,195.8358612060547,-67.83415985107422,0.06810741126537323
2223544573,0,18.754023031188304,195.8358917236328,-67.83409881591797,0.05215515196323395
2248544573,0,18.753530001677372,195.8358917236328,-67.83405303955078,0.03854217380285263
2273544574,0,18.753231747260358,195.83590698242188,-67.83402252197266,0.02712158113718033
2298544574,0,18.753173346595812,195.83590698242188,-67.83399963378906,0.017701530829072
2323544574,0,18.753193841753916,195.8359375,-67.83399200439453,0.010065917856991291
2348544575,0,18.753221179279677,195.8359375,-67.833984375,0.0039910124614834785
2373544575,0,18.753231601694683,195.8359375,-67.833984375,-0.0007434463477693498
2398544576,0,18.753220395887,195.8359375,-67.83399200439453,-0.004346389789134264
2423544576,0,18.75317548398895,195.8359375,-67.83399963378906,-0.0070100403390824795
2448544576,0,18.75315161554433,195.83595275878906,-67.8340072631836,-0.00890754722058773
2473544577,0,18.75312846793242,195.83595275878906,-67.83401489257812,-0.010191154666244984
2498544577,0,18.75311080968895,195.83596801757812,-67.83403015136719,-0.010992583818733692
2523544577,0,18.753108074719822,195.83596801757812,-67.83403015136719,-0.011423835530877113
2548544578,0,18.753105875916344,195.83599853515625,-67.83403778076172,-0.011578216217458248
2573544578,0,18.75310169226011,195.83599853515625,-67.83404541015625,-0.011532439850270748
2598544578,0,18.753099741230503,195.8360137939453,-67.83405303955078,-0.011348380707204342
2623544579,0,18.753103212246806,195.8360137939453,-67.83405303955078,-0.011075134389102459
2648544579,0,18.753114535734145,195.8360137939453,-67.83406066894531,-0.010750503279268742
2673544580,0,18.753118427524544,195.8360137939453,-67.83406066894531,-0.01040317490696907
2698544580,0,18.753117517869864,195.83602905273438,-67.83406829833984,-0.010054168291389942
2723544580,0,18.75312569843869,195.83602905273438,-67.83406829833984,-0.009718207642436028
2748544581,0,18.753128890649943,195.83602905273438,-67.83406829833984,-0.00940502155572176
2773544581,0,18.75313174011125,195.83602905273438,-67.83406829833984,-0.00912071205675602
2798544581,0,18.753134247450546,195.83602905273438,-67.83406829833984,-0.0088681410998106
2823544582,0,18.75313643000159,195.83602905273438,-67.83407592773438,-0.008648109622299671
2848544582,0,18.753138313947083,195.83602905273438,-67.83407592773438,-0.008459815755486488
2873544583,0,18.75313993020912,195.83602905273438,-67.83407592773438,-0.00830150581896305
2898544583,0,18.753141309904734,195.83602905273438,-67.83407592773438,-0.00817054696381092
2923544583,0,18.753142483803412,195.83602905273438,-67.83407592773438,-0.00806423183530569
2948544584,0,18.75314347970105,195.83602905273438,-67.83407592773438,-0.007979354821145535
2973544584,0,18.753144323200825,195.83602905273438,-67.83407592773438,-0.007913054898381233
2998544584,0,18.753147862901802,195.83604431152344,-67.83407592773438,-0.007862471975386143
3023544585,0,18.75314846553849,195.83604431152344,-67.83407592773438,-0.007824859581887722
3048544585,0,18.753148974303905,195.83604431152344,-67.83407592773438,-0.00779800396412611
3073544586,0,18.753149403411125,195.83604431152344,-67.83407592773438,-0.007779617328196764
3098544586,0,18.753149765108372,195.83604431152344,-67.83407592773438,-0.007768020499497652
3123544586,0,18.75315006998877,195.83604431152344,-67.83407592773438,-0.007761649787425995
3148544587,0,18.7531503266822,195.83604431152344,-67.83407592773438,-0.00775920832529664
3173544587,0,18.75315054166297,195.83604431152344,-67.83407592773438,-0.00775920832529664
3198544587,0,18.753150722997262,195.83604431152344,-67.83407592773438,-0.0077615357004106045
3223544588,0,18.753150875070347,195.83604431152344,-67.83407592773438,-0.007765121292322874
3248544588,0,18.75315100234829,195.83604431152344,-67.83407592773438,-0.007769470103085041
3273544589,0,18.75315860634246,195.83604431152344,-67.83407592773438,-0.007774162106215954
3298544589,0,18.753158627905336,195.83604431152344,-67.83407592773438,-0.007778892293572426
3323544589,0,18.753158667186202,195.83604431152344,-67.83407592773438,-0.007783432025462389
3348544590,0,18.753158711103637,195.83604431152344,-67.83407592773438,-0.0077877044677734375
3373544590,0,18.753158756041366,195.83604431152344,-67.83407592773438,-0.007791633252054453
3398544590,0,18.753158799665137,195.83604431152344,-67.83407592773438,-0.007795104756951332
3423544591,0,18.75315884044428,195.83604431152344,-67.83407592773438,-0.007798118516802788
3448544591,0,18.753158877712462,195.83604431152344,-67.83407592773438,-0.007800750434398651
3473544592,0,18.75315891104409,195.83604431152344,-67.83407592773438,-0.007802925072610378
3498544592,0,18.753158940422498,195.83604431152344,-67.83407592773438,-0.007804756052792072
3523544592,0,18.753158966106028,195.83604431152344,-67.83407592773438,-0.007806205656379461
3548544593,0,18.7531589883435,195.83604431152344,-67.83407592773438,-0.007807387970387936
3573544593,0,18.75315900519358,195.83604431152344,-67.83407592773438,-0.007807387970387936
3598544593,0,18.75315901968483,195.83604431152344,-67.83407592773438,-0.007807387970387936
3623544594,0,18.75315903216181,195.83604431152344,-67.83407592773438,-0.007807387970387936
3648544594,0,18.75315904278011,195.83604431152344,-67.83407592773438,-0.007807387970387936
3673544595,0,18.753159051711954,195.83604431152344,-67.83407592773438,-0.007807387970387936
3698544595,0,18.753159059129754,195.83604431152344,-67.83407592773438,-0.007807387970387936
3723544595,0,18.753159059129754,195.83604431152344,-67.83407592773438,-0.007807387970387936
3748544596,0,18.75315906250542,195.83604431152344,-67.83407592773438,-0.007807387970387936
3773544596,0,18.753159065453058,195.83604431152344,-67.83407592773438,-0.007807387970387936
3798544596,0,18.753159068664278,195.83604431152344,-67.83407592773438,-0.007807387970387936
3823544597,0,18.7531590717768,195.83604431152344,-67.83407592773438,-0.007807387970387936
3848544597,0,18.753159074815315,195.83604431152344,-67.83407592773438,-0.007807387970387936
3873544597,0,18.753159077680998,195.83604431152344,-67.83407592773438,-0.007807387970387936
3898544598,0,18.753159080209134,195.83604431152344,-67.83407592773438,-0.007807387970387936
3923544598,0,18.753159082490278,195.83604431152344,-67.83407592773438,-0.007807387970387936
3948544599,0,18.753159082490278,195.83604431152344,-67.83407592773438,-0.007807387970387936
3973544599,0,18.75315908628682,195.83604431152344,-67.83407592773438,-0.007807387970387936
3998544599,0,18.75315908628682,195.83604431152344,-67.83407592773438,-0.007807387970387936
4023544600,0,18.753159089152867,195.83604431152344,-67.83407592773438,-0.007807387970387936
4048544600,0,18.753159089152867,195.83604431152344,-67.83407592773438,-0.007807387970387936
4073544600,0,18.753159089152867,195.83604431152344,-67.83407592773438,-0.007807387970387936
4098544601,0,18.75315909210136,195.83604431152344,-67.83407592773438,-0.007807387970387936
4123544601,0,18.75315909210136,195.83604431152344,-67.83407592773438,-0.007807387970387936
4148544602,0,18.75315909210136,195.83604431152344,-67.83407592773438,-0.007807387970387936
4173544602,0,18.75315909210136,195.83604431152344,-67.83407592773438,-0.007807387970387936
4198544602,0,18.75315909210136,195.83604431152344,-67.83407592773438,-0.007807387970387936
4223544603,0,18.75315909210136,195.83604431152344,-67.83407592773438,-0.007807387970387936
4248544603,0,18.75315909210136,195.83604431152344,-67.83407592773438,-0.007807387970387936
4273544603,0,18.75315909210136,195.83604431152344,-67.83407592773438,-0.007807387970387936
4298544604,0,18.7531590943828,195.83604431152344,-67.83407592773438,-0.007807387970387936
4323544604,0,18.7531590943828,195.83604431152344,-67.83407592773438,-0.007807387970387936
4348544605,0,18.7531590943828,195.83604431152344,-67.83407592773438,-0.007807387970387936
4373544605,0,18.7531590943828,195.83604431152344,-67.83407592773438,-0.007807387970387936
4398544605,0,18.7531590943828,195.83604431152344,-67.83407592773438,-0.007807387970387936
4423544606,0,18.7531590943828,195.83604431152344,-67.83407592773438,-0.007807387970387936
4448544606,0,18.753144103297036,195.83604431152344,-67.83407592773438,-0.007807387970387936
4473544606,0,18.74712434716829,195.83602905273438,-67.83406066894531,-0.0078042601235210896
4498544607,0,18.739915541343294,195.83631896972656,-67.82742309570312,-0.008262023329734802
4523544607,0,18.733207278010045,195.8369140625,-67.81270599365234,-0.00904716458171606
4548544608,0,18.726729362822827,195.83778381347656,-67.79046630859375,-0.009968719445168972
4573544608,0,18.720240721964768,195.8389434814453,-67.76119232177734,-0.010902481153607368
4598544608,0,18.713621132198814,195.8402099609375,-67.72527313232422,-0.011772803962230682
4623544609,0,18.706764966073,195.841796875,-67.6830825805664,-0.012535705231130123
4648544609,0,18.69959063224365,195.84364318847656,-67.63496398925781,-0.013171272352337837
4673544609,0,18.692022544339594,195.84536743164062,-67.58119201660156,-0.013675116933882236
4698544610,0,18.684079505487396,195.84747314453125,-67.52208709716797,-0.014050254598259926
4723544610,0,18.675741039170195,195.8498992919922,-67.4579086303711,-0.014307632111012936
4748544611,0,18.666993124594423,195.85260009765625,-67.38890838623047,-0.014460678212344646
4773544611,0,18.657714410897512,195.85494995117188,-67.3153076171875,-0.014524154365062714
4798544611,0,18.647945784843994,195.857177734375,-67.23735046386719,-0.014512710273265839
4823544612,0,18.637766160043554,195.8596954345703,-67.1552505493164,-0.01444042194634676
4848544612,0,18.627118558657184,195.8621826171875,-67.06919860839844,-0.014320182614028454
4873544612,0,18.61602769073522,195.8647003173828,-66.9793930053711,-0.014163436368107796
4898544613,0,18.6045154695502,195.86734008789062,-66.88600158691406,-0.013979949988424778
4923544613,0,18.592526237948103,195.8699951171875,-66.7892074584961,-0.01377788558602333
4948544614,0,18.58008702117626,195.87278747558594,-66.6891860961914,-0.013562087900936604
4973544614,0,18.567086809738367,195.87559509277344,-66.5861587524414,-0.013334846124053001
4998544614,0,18.55343980138733,195.87850952148438,-66.48035430908203,-0.013097343035042286
5023544615,0,18.539053348364156,195.88150024414062,-66.37200927734375,-0.01284996047616005
5048544615,0,18.52378389825922,195.88455200195312,-66.26138305664062,-0.012592887505888939
5073544615,0,18.50748212646931,195.8876495361328,-66.14872741699219,-0.012326506897807121
5098544616,0,18.49002171845156,195.8907928466797,-66.0342788696289,-0.012051467783749104
5123544616,0,18.47126527416828,195.8939971923828,-65.91828918457031,-0.011769561097025871
5148544616,0,18.451067905795092,195.89724731445312,-65.80098724365234,-0.01148220058530569
5173544617,0,18.429305544122904,195.9005584716797,-65.6825942993164,-0.011192054487764835
5198544617,0,18.40586750445791,195.90390014648438,-65.56330108642578,-0.010901489295065403
5223544618,0,18.380651440771796,195.90724182128906,-65.44328308105469,-0.010613898746669292
5248544618,0,18.353573754497567,195.91061401367188,-65.32269287109375,-0.01033222209662199
5273544618,0,18.324585444397254,195.91400146484375,-65.20167541503906,-0.010059394873678684
5298544619,0,18.29363303516101,195.9174346923828,-65.080322265625,-0.009798392653465271
5323544619,0,18.260673820003575,195.9208984375,-64.958740234375,-0.009551620110869408
5348544619,0,18.22565621448626,195.92434692382812,-64.83700561523438,-0.009321212768554688
5373544620,0,18.188597143031878,195.92784118652344,-64.71517181396484,-0.009108581580221653
5398544620,0,18.149486794608684,195.9313201904297,-64.59329223632812,-0.008914527483284473
5423544621,0,18.10834523056324,195.93484497070312,-64.47138977050781,-0.008739471435546875
5448544621,0,18.06515979462775,195.93833923339844,-64.34949493408203,-0.008583755232393742
5473544621,0,18.019977556869524,195.94186401367188,-64.22763061523438,-0.008446387946605682
5498544622,0,17.97280533729956,195.94540405273438,-64.1058120727539,-0.008326949551701546
5523544622,0,17.92368740415702,195.94894409179688,-63.984031677246094,-0.008224372752010822
5548544622,0,17.87263054763038,195.9524688720703,-63.8623046875,-0.008137168362736702
5573544623,0,17.819670923680658,195.9560089111328,-63.74062728881836,-0.008064117282629013
5598544623,0,17.764833326200637,195.9595489501953,-63.6190071105957,-0.008003768511116505
5623544624,0,17.70812447401439,195.96310424804688,-63.49742889404297,-0.007954826578497887
5648544624,0,17.649604807180847,195.96669006347656,-63.37589645385742,-0.007915496826171875
5673544624,0,17.58927187263884,195.97027587890625,-63.25440216064453,-0.007884673774242401
5698544625,0,17.527165796770525,195.97384643554688,-63.1329460144043,-0.007861022837460041
5723544625,0,17.46330074203302,195.97743225097656,-63.011531829833984,-0.007843551225960255
5748544625,0,17.39772397857728,195.9810333251953,-62.89013671875,-0.007830962538719177
5773544626,0,17.3304378862758,195.984619140625,-62.768768310546875,-0.00782241765409708
5798544626,0,17.26146170831128,195.98822021484375,-62.64741897583008,-0.007817268371582031
5823544627,0,17.190825415930394,195.99183654785156,-62.52608871459961,-0.00781456008553505
5848544627,0,17.118525641963824,195.99542236328125,-62.4047737121582,-0.007813834585249424
5873544627,0,17.044601963615428,195.9990234375,-62.28347396850586,-0.007814750075340271
5898544628,0,16.969056355842376,196.0026397705078,-62.16218566894531,-0.007816733792424202
5923544628,0,16.891941499523117,196.0062255859375,-62.04090118408203,-0.007819443009793758
5948544628,0,16.81323616547953,196.0098419189453,-61.91963195800781,-0.007822570390999317
5973544629,0,16.734407433667958,196.01345825195312,-61.79837417602539,-0.007825012318789959
5998544629,0,16.65560612989774,196.01705932617188,-61.67717742919922,-0.007824401371181011
6023544630,0,16.576843671051265,196.02066040039062,-61.55603790283203,-0.007821312174201012
6048544630,0,16.498107943143847,196.02427673339844,-61.43497085571289,-0.007817153818905354
6073544630,0,16.419407978413147,196.02789306640625,-61.31396484375,-0.007812156341969967
6098544631,0,16.340726175427577,196.031494140625,-61.193016052246094,-0.0078071593306958675
6123544631,0,16.26208739221439,196.0351104736328,-61.07213592529297,-0.007802390959113836
6148544631,0,16.18346292661942,196.03872680664062,-60.951316833496094,-0.007797965779900551
6173544632,0,16.104868876942227,196.04234313964844,-60.8305549621582,-0.007793960627168417
6198544632,0,16.026297660346888,196.04595947265625,-60.709861755371094,-0.007790260016918182
6223544633,0,15.947735406172109,196.04959106445312,-60.58922576904297,-0.007787322625517845
6248544633,0,15.869196768362672,196.05319213867188,-60.468650817871094,-0.007784614339470863
6273544633,0,15.790691866793045,196.0568084716797,-60.34813690185547,-0.007782401982694864
6298544634,0,15.712210758737545,196.0604248046875,-60.22768783569336,-0.007780532818287611
6323544634,0,15.633770892945098,196.0640411376953,-60.107303619384766,-0.0077790068462491035
6348544634,0,15.555366390294905,196.0676727294922,-59.986976623535156,-0.007777824066579342
6373544635,0,15.476986484999406,196.0712890625,-59.86670684814453,-0.0077767944894731045
6398544635,0,15.398620462707052,196.0749053955078,-59.74650573730469,-0.007776069454848766
6423544635,0,15.320293652029516,196.0785369873047,-59.626365661621094,-0.007775230333209038
6448544636,0,15.242010547051635,196.08213806152344,-59.506282806396484,-0.007774848956614733
6473544636,0,15.16301568671225,196.08575439453125,-59.386268615722656,-0.00777435302734375
6498544637,0,15.082410430858591,196.08944702148438,-59.2651252746582,-0.00785823818296194
6523544637,0,15.000904269728155,196.09315490722656,-59.14224624633789,-0.008022270165383816
6548544637,0,14.91840984936932,196.09695434570312,-59.01785659790039,-0.00821556057780981
6573544638,0,14.834751012580671,196.1007843017578,-58.8922233581543,-0.008311576209962368
6598544638,0,14.749752329245391,196.10462951660156,-58.7656364440918,-0.0083229448646307
6623544638,0,14.663268880480095,196.10850524902344,-58.63833999633789,-0.008331908844411373
6648544639,0,14.575203454848328,196.11239624023438,-58.5105094909668,-0.008328285068273544
6673544639,0,14.485511555721155,196.11630249023438,-58.38230895996094,-0.008309326134622097
6698544640,0,14.394225140012901,196.12022399902344,-58.253822326660156,-0.008276062086224556
6723544640,0,14.301369426020896,196.12416076660156,-58.1251335144043,-0.008231430314481258
6748544640,0,14.207013979709101,196.1280975341797,-57.99631118774414,-0.008179282769560814
6773544641,0,14.111276812074781,196.1320343017578,-57.86741256713867,-0.008122444152832031
6798544641,0,14.014323087285653,196.13597106933594,-57.73847198486328,-0.00806297268718481
6823544641,0,13.91631764417712,196.139892578125,-57.60953140258789,-0.008002929389476776
6848544642,0,13.817485259029823,196.14382934570312,-57.48060989379883,-0.007944564335048199
6873544642,0,13.718023023117524,196.14776611328125,-57.35171890258789,-0.007889480330049992
6898544643,0,13.618109459267663,196.1516876220703,-57.22285461425781,-0.007839011959731579
6923544643,0,13.517919401239107,196.1555938720703,-57.09403610229492,-0.007793616969138384
6948544643,0,13.417662845078349,196.15953063964844,-56.965267181396484,-0.007754020392894745
6973544644,0,13.31785071459609,196.1634521484375,-56.8365364074707,-0.007719802670180798
6998544644,0,13.219021099169252,196.16737365722656,-56.70783615112305,-0.007690963800996542
7023544644,0,13.121701040735179,196.17127990722656,-56.57917404174805,-0.007667045574635267
7048544645,0,13.026277042294652,196.17518615722656,-56.45054244995117,-0.007647628430277109
7073544645,0,12.93252230597795,196.17909240722656,-56.32194519042969,-0.007631873711943626
7098544646,0,12.840026758358885,196.1829833984375,-56.193382263183594,-0.007619514130055904
7123544646,0,12.74864254739626,196.18687438964844,-56.064842224121094,-0.007609786931425333
7148544646,0,12.658341398131226,196.1907501220703,-55.93634033203125,-0.00760181387886405
7173544647,0,12.569104758665734,196.1946258544922,-55.80787658691406,-0.007594871334731579
7198544647,0,12.480926152309731,196.198486328125,-55.67946243286133,-0.007587776053696871
7223544647,0,12.393781402521423,196.2023468017578,-55.55112075805664,-0.007579497992992401
7248544648,0,12.307667721078372,196.20616149902344,-55.42287063598633,-0.007570037618279457
7273544648,0,12.222598110207226,196.21002197265625,-55.29471206665039,-0.007560195866972208
7298544649,0,12.138562998355463,196.21383666992188,-55.16663360595703,-0.007551116868853569
7323544649,0,12.055640741313715,196.2176513671875,-55.03861618041992,-0.007544021587818861
7348544649,0,11.973815155612265,196.22146606445312,-54.91066360473633,-0.007539710961282253
7373544650,0,11.893153411747608,196.22525024414062,-54.78274154663086,-0.007538451813161373
7398544650,0,11.813720068006079,196.22903442382812,-54.65484619140625,-0.007540054153650999
7423544650,0,11.73558462870664,196.2328338623047,-54.52696228027344,-0.0075439452193677425
7448544651,0,11.658754457470941,196.236572265625,-54.39908218383789,-0.00754966726526618
7473544651,0,11.583234849405878,196.24032592773438,-54.27119445800781,-0.0075568389147520065
7498544652,0,11.509095004994434,196.2440643310547,-54.143314361572266,-0.007564582861959934
7523544652,0,11.436649069691667,196.24778747558594,-54.015419006347656,-0.007572593633085489
7548544652,0,11.366151755059107,196.25149536132812,-53.88751983642578,-0.0075802612118422985
7573544653,0,11.297244959933858,196.2552032470703,-53.75960922241211,-0.007587546948343515
7598544653,0,11.229819075061044,196.25889587402344,-53.631683349609375,-0.007594222668558359
7623544653,0,11.163800246198237,196.2625732421875,-53.50374984741211,-0.007600212004035711
7648544654,0,11.099064622590628,196.26622009277344,-53.37580490112305,-0.007605361752212048
7673544654,0,11.035544779377627,196.2698516845703,-53.24784469604492,-0.007609519641846418
7698544654,0,10.973091252572688,196.27349853515625,-53.11988067626953,-0.007613182067871094
7723544655,0,10.911565107356257,196.277099609375,-52.99190139770508,-0.0076160430908203125
7748544655,0,10.85089329355299,196.28070068359375,-52.86391830444336,-0.007618179079145193
7773544656,0,10.791097557286136,196.28428649902344,-52.73592758178711,-0.007619895972311497
7798544656,0,10.732196806936207,196.28787231445312,-52.607933044433594,-0.007621001917868853
7823544656,0,10.67421620027919,196.29139709472656,-52.47993087768555,-0.0076216887682676315
7848544657,0,10.617145129025559,196.29493713378906,-52.35192108154297,-0.0076222228817641735
7873544657,0,10.560817816081313,196.29844665527344,-52.22391128540039,-0.007622413337230682
7898544657,0,10.505133276035664,196.3019561767578,-52.09588623046875,-0.007622299250215292
7923544658,0,10.44985179261355,196.305419921875,-51.96786880493164,-0.007622184697538614
7948544658,0,10.394770437558776,196.3088836669922,-51.83983612060547,-0.007621803320944309
7973544659,0,10.339666703318667,196.3123016357422,-51.71181106567383,-0.007621459662914276
7998544659,0,10.28440412842086,196.3157196044922,-51.583778381347656,-0.007621078286319971
8023544659,0,10.228842433518182,196.31912231445312,-51.45574188232422,-0.007620620541274548
8048544660,0,10.172812398546773,196.32247924804688,-51.32769775390625,-0.007619933690875769
8073544660,0,10.116438062214115,196.32583618164062,-51.19966125488281,-0.007619475945830345
8098544660,0,10.060148202478151,196.32916259765625,-51.07162094116211,-0.007618980016559362
8123544661,0,10.003954682711152,196.3324737548828,-50.94357681274414,-0.007618560455739498
8148544661,0,9.947807640080256,196.3357391357422,-50.81552505493164,-0.007618255447596312
8173544662,0,9.89174796326327,196.33901977539062,-50.68748092651367,-0.007617797702550888
8198544662,0,9.835766365556847,196.34225463867188,-50.55942916870117,-0.007617454510182142
8223544662,0,9.779919361106735,196.34548950195312,-50.43138122558594,-0.00761707266792655
8248544663,0,9.724196059947804,196.34869384765625,-50.30332946777344,-0.007616729475557804
8273544663,0,9.668542517323106,196.35186767578125,-50.1752815246582,-0.007616386283189058
8298544663,0,9.613031635679633,196.35504150390625,-50.04722595214844,-0.007616271730512381
8323544664,0,9.557844001363913,196.358154296875,-49.91917419433594,-0.007615966722369194
8348544664,0,9.503526272167544,196.3612518310547,-49.79111099243164,-0.007615699432790279
8373544665,0,9.450598097634126,196.3643341064453,-49.663055419921875,-0.00761554716154933
8398544665,0,9.399731319210945,196.3673858642578,-49.53499221801758,-0.007615356240421534
8423544665,0,9.351542261022365,196.3704071044922,-49.40693664550781,-0.007615279871970415
8448544666,0,9.306577176869029,196.3734130859375,-49.27887725830078,-0.007615241687744856
8473544666,0,9.265347960656227,196.37640380859375,-49.15081787109375,-0.007615089416503906
8498544666,0,9.228105919787968,196.37933349609375,-49.02275848388672,-0.007615013048052788
8523544667,0,9.194966903454668,196.3822784423828,-48.89470291137695,-0.007614822126924992
8548544667,0,9.16562028534045,196.38519287109375,-48.766639709472656,-0.007614783942699432
8573544668,0,9.139446767842193,196.3880615234375,-48.63857650756836,-0.007614707574248314
8598544668,0,9.114440143705705,196.39093017578125,-48.51051330566406,-0.007614669855684042
8623544668,0,9.090992702157758,196.39376831054688,-48.382450103759766,-0.0076145934872329235
8648544669,0,9.068903301452208,196.3965606689453,-48.2543830871582,-0.007614555303007364
8673544669,0,9.04773813095476,196.39935302734375,-48.12631607055664,-0.007614478934556246
8698544669,0,9.026786545870946,196.40208435058594,-47.99824523925781,-0.007614555303007364
8723544670,0,9.00573157043943,196.40480041503906,-47.87017822265625,-0.007614440750330687
8748544670,0,8.984749234279825,196.4075164794922,-47.74210739135742,-0.007614440750330687
8773544671,0,8.96404361848223,196.41018676757812,-47.61404037475586,-0.007614402566105127
8798544671,0,8.943913697253311,196.41287231445312,-47.48596954345703,-0.007614440750330687
8823544671,0,8.9239904721146,196.41549682617188,-47.35790252685547,-0.007614402566105127
8848544672,0,8.90432109880688,196.41810607910156,-47.22983169555664,-0.007614364381879568
8873544672,0,8.885327267661712,196.4207000732422,-47.10176467895508,-0.007614326197654009
8898544672,0,8.867186895648892,196.4232635498047,-46.97369384765625,-0.00761428801342845
8923544673,0,8.849331192019156,196.42579650878906,-46.84563064575195,-0.007614364381879568
8948544673,0,8.831796259885724,196.42831420898438,-46.71755599975586,-0.007614402566105127
8973544673,0,8.814466919491284,196.43080139160156,-46.58949279785156,-0.007614326197654009
8998544674,0,8.797290876266866,196.43324279785156,-46.46141815185547,-0.00761428801342845
9023544674,0,8.780187769569476,196.43568420410156,-46.333343505859375,-0.007614326197654009
9048544675,0,8.763080617347441,196.43807983398438,-46.20527267456055,-0.00761424982920289
9073544675,0,8.746001490195388,196.44049072265625,-46.07719802856445,-0.007614173926413059
9098544675,0,8.728858104423647,196.44284057617188,-45.94912338256836,-0.007614173926413059
9123544676,0,8.711623835943737,196.44517517089844,-45.821048736572266,-0.0076141357421875
9148544676,0,8.69429492935431,196.44747924804688,-45.69297790527344,-0.007614211644977331
9173544676,0,8.676982752649016,196.44976806640625,-45.56489562988281,-0.00761424982920289
9198544677,0,8.659568791709233,196.45204162597656,-45.43681716918945,-0.0076141357421875
9223544677,0,8.642195279026433,196.4542999267578,-45.308738708496094,-0.007614211644977331
9248544678,0,8.624848687422434,196.4564971923828,-45.18065643310547,-0.0076141357421875
9273544678,0,8.607525352599225,196.45870971679688,-45.052581787109375,-0.007614173926413059
9298544678,0,8.59022482732676,196.46087646484375,-44.92449951171875,-0.007614326197654009
9323544679,0,8.572919581872394,196.46304321289062,-44.79642105102539,-0.00761424982920289
9348544679,0,8.555523996474102,196.4651641845703,-44.66834259033203,-0.00761424982920289
9373544679,0,8.537949606319872,196.46728515625,-44.54026412963867,-0.007614211644977331
9398544680,0,8.520269280403745,196.46937561035156,-44.41218185424805,-0.00761428801342845
9423544680,0,8.502383499256512,196.47142028808594,-44.28410720825195,-0.007614326197654009
9448544681,0,8.484376429529636,196.4734649658203,-44.15602493286133,-0.00761428801342845
9473544681,0,8.466140420441205,196.4754638671875,-44.0279426574707,-0.00761428801342845
9498544681,0,8.44775148245256,196.47747802734375,-43.89986801147461,-0.00761424982920289
9523544682,0,8.429191381540672,196.4794464111328,-43.771785736083984,-0.00761428801342845
9548544682,0,8.410485413172077,196.4813995361328,-43.64370346069336,-0.0076141357421875
9573544682,0,8.391650354153247,196.48333740234375,-43.515628814697266,-0.007614211644977331
9598544683,0,8.372538843335786,196.48524475097656,-43.38754653930664,-0.0076141357421875
9623544683,0,8.353065140339366,196.4871368408203,-43.25946807861328,-0.00761424982920289
9648544684,0,8.333213799393054,196.489013671875,-43.13138961791992,-0.007614211644977331
9673544684,0,8.312966818851868,196.49087524414062,-43.00331115722656,-0.0076141357421875
9698544684,0,8.292349344520332,196.49269104003906,-42.87522506713867,-0.007614326197654009
9723544685,0,8.271407304244127,196.49449157714844,-42.74714279174805,-0.007614326197654009
9748544685,0,8.250088068916805,196.49630737304688,-42.619056701660156,-0.00761428801342845
9773544685,0,8.228363670065113,196.49806213378906,-42.490970611572266,-0.00761424982920289
9798544686,0,8.206196433364543,196.49981689453125,-42.362884521484375,-0.007614326197654009
9823544686,0,8.183526453816606,196.5015411376953,-42.23480224609375,-0.007614173926413059
9848544687,0,8.160413511362556,196.5032501220703,-42.10671615600586,-0.007614173926413059
9873544687,0,8.136833116135355,196.5049591064453,-41.97863006591797,-0.007614173926413059
9898544687,0,8.112745743722808,196.5066375732422,-41.85055160522461,-0.007614326197654009
9923544688,0,8.088269218679219,196.50830078125,-41.72246551513672,-0.00761428801342845
9948544688,0,8.063491495973645,196.5099334716797,-41.59437942504883,-0.007614364381879568
9973544688,0,8.038414393801869,196.51153564453125,-41.46628952026367,-0.00761424982920289
9998544689,0,8.013103749109748,196.51312255859375,-41.33820343017578,-0.00761424982920289
10023544689,0,7.987660932440934,196.5147247314453,-41.21011734008789,-0.00761424982920289
10048544690,0,7.962208624876714,196.5162811279297,-41.08202362060547,-0.007614326197654009
10073544690,0,7.936857838081042,196.51785278320312,-40.953941345214844,-0.00761428801342845
10098544690,0,7.912302879560202,196.5194091796875,-40.82585525512695,-0.00761428801342845
10123544691,0,7.8892714630921,196.5209197998047,-40.6977653503418,-0.00761428801342845
10148544691,0,7.868411475957535,196.52243041992188,-40.569679260253906,-0.00761424982920289
10173544691,0,7.850364478299393,196.52394104003906,-40.44158935546875,-0.007614402566105127
10198544692,0,7.835389922925367,196.52540588378906,-40.31350326538086,-0.00761424982920289
10223544692,0,7.824019721319364,196.52687072753906,-40.18541717529297,-0.007614326197654009
10248544692,0,7.816341808796998,196.5283203125,-40.05732727050781,-0.007614326197654009
10273544693,0,7.811977220393216,196.5297393798828,-39.92924118041992,-0.007614326197654009
10298544693,0,7.810127357234383,196.5311737060547,-39.80115509033203,-0.00761428801342845
10323544694,0,7.809764661879215,196.5325469970703,-39.67306137084961,-0.007614364381879568
10348544694,0,7.809939831671413,196.533935546875,-39.54497528076172,-0.00761428801342845
10373544694,0,7.810131338678672,196.5353546142578,-39.41688537597656,-0.007614402566105127
10398544695,0,7.810238178528412,196.5366973876953,-39.28879165649414,-0.007614326197654009
10423544695,0,7.810294189979621,196.5380401611328,-39.160701751708984,-0.007614326197654009
10448544695,0,7.810365982159053,196.5393829345703,-39.032615661621094,-0.00761428801342845
10473544696,0,7.81047441204871,196.5406951904297,-38.90452194213867,-0.007614364381879568
10498544696,0,7.810597634012261,196.54200744628906,-38.776432037353516,-0.007614402566105127
10523544697,0,7.810779094251183,196.54331970214844,-38.64834213256836,-0.00761428801342845
10548544697,0,7.810948169356303,196.54458618164062,-38.5202522277832,-0.00761424982920289
10573544697,0,7.811243072459967,196.5458526611328,-38.39216232299805,-0.00761424982920289
10598544698,0,7.812260101342727,196.54710388183594,-38.26407241821289,-0.007614364381879568
10623544698,0,7.814214447362339,196.54837036132812,-38.135982513427734,-0.00761428801342845
10648544698,0,7.816728528299118,196.5496063232422,-38.00789260864258,-0.00761424982920289
10673544699,0,7.819425880857841,196.55084228515625,-37.87980270385742,-0.00761428801342845
10698544699,0,7.82208812652444,196.5520477294922,-37.751708984375,-0.007614211644977331
10723544700,0,7.824469111191873,196.55325317382812,-37.623619079589844,-0.00761428801342845
10748544700,0,7.826357589770044,196.55442810058594,-37.49552536010742,-0.007614326197654009
10773544700,0,7.8276423345042225,196.5556182861328,-37.367431640625,-0.007614364381879568
10798544701,0,7.828175730864103,196.55679321289062,-37.23933792114258,-0.00761428801342845
10823544701,0,7.827857119355316,196.55796813964844,-37.11124801635742,-0.00761428801342845
10848544701,0,7.826665560368904,196.55909729003906,-36.983154296875,-0.007614326197654009
10873544702,0,7.824475256163653,196.5602264404297,-36.85506057739258,-0.007614440750330687
10898544702,0,7.821242212421228,196.56138610839844,-36.726966857910156,-0.00761424982920289
10923544703,0,7.816843639986616,196.56251525878906,-36.598873138427734,-0.007614326197654009
10948544703,0,7.811285873006037,196.56361389160156,-36.47078323364258,-0.007614326197654009
10973544703,0,7.804513288667219,196.564697265625,-36.342689514160156,-0.007614364381879568
10998544704,0,7.796534368382454,196.5657958984375,-36.214595794677734,-0.007614478934556246
11023544704,0,7.787287168090488,196.56689453125,-36.08650207519531,-0.00761428801342845
11048544704,0,7.776812267479095,196.56796264648438,-35.95840835571289,-0.007614326197654009
11073544705,0,7.765187454897381,196.5690460205078,-35.830318450927734,-0.00761428801342845
11098544705,0,7.7524657662174405,196.57009887695312,-35.70222473144531,-0.00761428801342845
11123544706,0,7.738720623096808,196.57115173339844,-35.57413101196289,-0.007614326197654009
11148544706,0,7.724060958774794,196.57220458984375,-35.446041107177734,-0.007614364381879568
11173544706,0,7.708618882151831,196.57325744628906,-35.31794738769531,-0.007614402566105127
11198544707,0,7.6925105235148035,196.5742950439453,-35.18985366821289,-0.007614364381879568
11223544707,0,7.675842718058668,196.57530212402344,-35.06175994873047,-0.00761428801342845
11248544707,0,7.658700320253852,196.57632446289062,-34.93366622924805,-0.007614211644977331
11273544708,0,7.641045007968335,196.5773468017578,-34.80557632446289,-0.007614364381879568
11298544708,0,7.62312307578866,196.57833862304688,-34.67748260498047,-0.007614402566105127
11323544709,0,7.60556072392198,196.579345703125,-34.54938888549805,-0.007614364381879568
11348544709,0,7.588917802437483,196.58035278320312,-34.421295166015625,-0.007614326197654009
11373544709,0,7.573641093802367,196.58135986328125,-34.2932014465332,-0.007614440750330687
11398544710,0,7.560026443489236,196.5823211669922,-34.16510772705078,-0.007614440750330687
11423544710,0,7.547640301669843,196.5832977294922,-34.03701400756836,-0.007614440750330687
11448544710,0,7.5359785532975,196.58425903320312,-33.9089241027832,-0.00761428801342845
11473544711,0,7.524795308236582,196.58523559570312,-33.78083038330078,-0.007614478934556246
11498544711,0,7.513977058631928,196.586181640625,-33.65273666381836,-0.007614364381879568
11523544711,0,7.503388246707476,196.58714294433594,-33.5246467590332,-0.007614440750330687
11548544712,0,7.49294301988711,196.58810424804688,-33.39655303955078,-0.007614478934556246
11573544712,0,7.482602386256907,196.58908081054688,-33.26845932006836,-0.007614517118781805
11598544713,0,7.472471860122808,196.5900421142578,-33.14036560058594,-0.00761428801342845
11623544713,0,7.462458153032721,196.59095764160156,-33.012271881103516,-0.00761428801342845
11648544713,0,7.452502363596101,196.5918731689453,-32.884178161621094,-0.007614326197654009
11673544714,0,7.442512740470712,196.59278869628906,-32.75608444213867,-0.007614478934556246
11698544714,0,7.432294538621013,196.5937042236328,-32.62799072265625,-0.007614440750330687
11723544714,0,7.421844198223821,196.59461975097656,-32.499900817871094,-0.007614326197654009
11748544715,0,7.411016219638097,196.5955352783203,-32.37180709838867,-0.007614364381879568
11773544715,0,7.3997234548598385,196.59646606445312,-32.24371337890625,-0.007614326197654009
11798544716,0,7.387718706825426,196.59738159179688,-32.115623474121094,-0.007614478934556246
11823544716,0,7.374983853910527,196.59829711914062,-31.98752784729004,-0.007614211644977331
11848544716,0,7.361596943150896,196.59921264648438,-31.85943603515625,-0.007614326197654009
11873544717,0,7.347573385319876,196.60012817382812,-31.731342315673828,-0.007614402566105127
11898544717,0,7.333073201771605,196.60104370117188,-31.603248596191406,-0.007614478934556246
11923544717,0,7.3181462220245805,196.6019744873047,-31.475154876708984,-0.007614402566105127
11948544718,0,7.302679613211876,196.6028594970703,-31.347063064575195,-0.007614402566105127
11973544718,0,7.286703791582535,196.60374450683594,-31.218969345092773,-0.007614326197654009
11998544719,0,7.270175180582526,196.60462951660156,-31.09087562561035,-0.00761424982920289
12023544719,0,7.253192147639389,196.60549926757812,-30.96278190612793,-0.007614326197654009
12048544719,0,7.235859414990241,196.6063690185547,-30.83469009399414,-0.007614326197654009
12073544720,0,7.2181898139711835,196.60723876953125,-30.70659637451172,-0.007614402566105127
12098544720,0,7.200136771767622,196.6081085205078,-30.578502655029297,-0.007614440750330687
12123544720,0,7.181610930181859,196.60897827148438,-30.450408935546875,-0.00761424982920289
12148544721,0,7.162604782223324,196.60986328125,-30.322317123413086,-0.007614402566105127
12173544721,0,7.143267588302203,196.6107177734375,-30.194223403930664,-0.007614440750330687
12198544722,0,7.123674233381348,196.61160278320312,-30.066129684448242,-0.00761428801342845
12223544722,0,7.103772119240765,196.61245727539062,-29.93803596496582,-0.007614364381879568
12248544722,0,7.083659788509046,196.61334228515625,-29.8099422454834,-0.007614440750330687
12273544723,0,7.063293255225492,196.61419677734375,-29.68185043334961,-0.007614402566105127
12298544723,0,7.0427433639802,196.61505126953125,-29.553756713867188,-0.007614402566105127
12323544723,0,7.022102622675754,196.61593627929688,-29.425662994384766,-0.007614440750330687
12348544724,0,7.0012713448370905,196.61679077148438,-29.297569274902344,-0.007614517118781805
12373544724,0,6.980248341066832,196.61767578125,-29.169477462768555,-0.007614364381879568
12398544725,0,6.959006761710773,196.6185302734375,-29.041385650634766,-0.007614402566105127
12423544725,0,6.937470815129405,196.619384765625,-28.91329002380371,-0.007614440750330687
12448544725,0,6.915634312637663,196.62025451660156,-28.785200119018555,-0.007614440750330687
12473544726,0,6.893380017865324,196.62112426757812,-28.657106399536133,-0.007614440750330687
12498544726,0,6.870662763766335,196.6219940185547,-28.52901268005371,-0.007614364381879568
12523544726,0,6.847438145108988,196.6228485107422,-28.40091896057129,-0.007614402566105127
12548544727,0,6.823748981094574,196.6237030029297,-28.2728271484375,-0.007614440750330687
12573544727,0,6.799525366513163,196.6245880126953,-28.144733428955078,-0.007614440750330687
12598544728,0,6.774659328479018,196.6254425048828,-28.016639709472656,-0.007614364381879568
12623544728,0,6.749082117225853,196.6262969970703,-27.888545989990234,-0.007614440750330687
12648544728,0,6.7226840363126525,196.62716674804688,-27.760454177856445,-0.00761428801342845
12673544729,0,6.695365275397555,196.62802124023438,-27.632360458374023,-0.007614402566105127
12698544729,0,6.667069383503532,196.62887573242188,-27.5042667388916,-0.007614402566105127
12723544729,0,6.637736725583275,196.62974548339844,-27.37617301940918,-0.007614364381879568
12748544730,0,6.6073198801323025,196.63059997558594,-27.24808120727539,-0.00761424982920289
12773544730,0,6.576293682830508,196.63145446777344,-27.11998748779297,-0.00761428801342845
12798544730,0,6.545384229805791,196.63232421875,-26.991893768310547,-0.007614402566105127
12823544731,0,6.514590998875806,196.63319396972656,-26.863800048828125,-0.007614478934556246
12848544731,0,6.483891807929051,196.63406372070312,-26.735708236694336,-0.007614478934556246
12873544732,0,6.453271918223576,196.63490295410156,-26.607614517211914,-0.007614402566105127
12898544732,0,6.42271462707218,196.63575744628906,-26.479520797729492,-0.007614402566105127
12923544732,0,6.392250334565037,196.63661193847656,-26.35142707824707,-0.00761428801342845
12948544733,0,6.361883941618817,196.63748168945312,-26.22333526611328,-0.007614402566105127
12973544733,0,6.331609765378019,196.63833618164062,-26.09524154663086,-0.007614478934556246
12998544733,0,6.301426628232639,196.63919067382812,-25.967147827148438,-0.007614517118781805
13023544734,0,6.271362707367975,196.64007568359375,-25.839054107666016,-0.007614440750330687
13048544734,0,6.241364355263103,196.64093017578125,-25.710960388183594,-0.007614440750330687
13073544735,0,6.21151755528373,196.64181518554688,-25.582868576049805,-0.007614364381879568
13098544735,0,6.181751058953962,196.64271545410156,-25.454774856567383,-0.007614402566105127
13123544735,0,6.152035171516186,196.64358520507812,-25.32668113708496,-0.007614211644977331
13148544736,0,6.122403043764221,196.6444854736328,-25.19858741760254,-0.007614402566105127
13173544736,0,6.092845430663588,196.6453857421875,-25.07049560546875,-0.007614517118781805
13198544736,0,6.063391133035416,196.6462860107422,-24.942401885986328,-0.007614440750330687
13223544737,0,6.034109286366879,196.64718627929688,-24.814308166503906,-0.007614440750330687
13248544737,0,6.004970878130825,196.64808654785156,-24.686214447021484,-0.007614478934556246
13273544738,0,5.975978403944615,196.64895629882812,-24.55811882019043,-0.007614402566105127
13298544738,0,5.945913336193144,196.6498565673828,-24.430028915405273,-0.007614364381879568
13323544738,0,5.914588202203395,196.6507568359375,-24.30193328857422,-0.007614326197654009
13348544739,0,5.8821098904143385,196.6516571044922,-24.173839569091797,-0.007614440750330687
13373544739,0,5.848526022918529,196.6525421142578,-24.045745849609375,-0.007614478934556246
13398544739,0,5.813887095883664,196.65342712402344,-23.917654037475586,-0.007614364381879568
13423544740,0,5.778265494518357,196.65432739257812,-23.789560317993164,-0.007614440750330687
13448544740,0,5.74162704719436,196.65521240234375,-23.661466598510742,-0.007614440750330687
13473544741,0,5.704031769560312,196.65611267089844,-23.53337287902832,-0.007614364381879568
13498544741,0,5.665552215988809,196.65701293945312,-23.40528106689453,-0.00761428801342845
13523544741,0,5.626223303116019,196.6578826904297,-23.27718734741211,-0.00761424982920289
13548544742,0,5.586309016754516,196.65879821777344,-23.149093627929688,-0.007614402566105127
13573544742,0,5.5459491389786235,196.65972900390625,-23.020999908447266,-0.007614364381879568
13598544742,0,5.505165490887363,196.66064453125,-22.892908096313477,-0.007614440750330687
13623544743,0,5.4641183012684404,196.6615753173828,-22.764814376831055,-0.007614326197654009
13648544743,0,5.42278915751737,196.6625213623047,-22.636720657348633,-0.007614517118781805
13673544744,0,5.381134277896111,196.66343688964844,-22.50862693786621,-0.007614402566105127
13698544744,0,5.339150200205664,196.66436767578125,-22.38053321838379,-0.00761428801342845
13723544744,0,5.296720457951143,196.665283203125,-22.25244140625,-0.007614364381879568
13748544745,0,5.253845782054784,196.66622924804688,-22.124347686767578,-0.007614364381879568
13773544745,0,5.2105506411088225,196.6671600341797,-21.996253967285156,-0.007614364381879568
13798544745,0,5.166767747560889,196.66807556152344,-21.868160247802734,-0.007614478934556246
13823544746,0,5.122506551560624,196.6690216064453,-21.740068435668945,-0.007614440750330687
13848544746,0,5.077635782763189,196.66993713378906,-21.611974716186523,-0.007614402566105127
13873544747,0,5.0320640128446765,196.67086791992188,-21.4838809967041,-0.007614364381879568
13898544747,0,4.985820842536148,196.6717987060547,-21.35578727722168,-0.007614555303007364
13923544747,0,4.938882979378571,196.6727294921875,-21.22769546508789,-0.007614478934556246
13948544748,0,4.889171656528863,196.6709747314453,-21.099811553955078,-0.007595748640596867
13973544748,0,4.839560243070062,196.66973876953125,-20.971750259399414,-0.007602119352668524
13998544748,0,4.788534994486802,196.6668243408203,-20.84326934814453,-0.007636260706931353
14023544749,0,4.734067029837793,196.66050720214844,-20.71546745300293,-0.007603988517075777
14048544749,0,4.6756965565543895,196.65049743652344,-20.588741302490234,-0.007508353795856237
14073544749,0,4.61361681765436,196.63710021972656,-20.463184356689453,-0.007380294613540173
14098544750,0,4.5489186977105955,196.6217498779297,-20.338743209838867,-0.007346305530518293
14123544750,0,4.48236693381325,196.60443115234375,-20.214338302612305,-0.0072583770379424095
14148544751,0,4.414254148050858,196.5858612060547,-20.090211868286133,-0.007211265619844198
14173544751,0,4.345061355682022,196.56614685058594,-19.96630096435547,-0.007190589793026447
14198544751,0,4.275066874137422,196.54541015625,-19.84251594543457,-0.00727081298828125
14223544752,0,4.204413303455966,196.52374267578125,-19.718852996826172,-0.007258453406393528
14248544752,0,4.133345406686682,196.50132751464844,-19.595306396484375,-0.007256736513227224
14273544752,0,4.0619098013699695,196.47816467285156,-19.47186279296875,-0.007262344006448984
14298544753,0,3.9901148908447728,196.45433044433594,-19.348522186279297,-0.007272605784237385
14323544753,0,3.9181595924896984,196.429931640625,-19.22528076171875,-0.007285804487764835
14348544754,0,3.846137170267678,196.4049530029297,-19.102148056030273,-0.007300262339413166
14373544754,0,3.774334201949545,196.37950134277344,-18.979122161865234,-0.007314987014979124
14398544754,0,3.702845126599055,196.3535919189453,-18.856210708618164,-0.007329978980123997
14423544755,0,3.6320603324610143,196.32725524902344,-18.733421325683594,-0.007343864068388939
14448544755,0,3.5622373737136614,196.300537109375,-18.610761642456055,-0.007356300018727779
14473544755,0,3.4936062509142882,196.27345275878906,-18.48822784423828,-0.007368201855570078
14498544756,0,3.426550556634707,196.24598693847656,-18.365808486938477,-0.00738040916621685
14523544756,0,3.3611704580673925,196.21800231933594,-18.2430419921875,-0.007433547638356686
14548544757,0,3.2978249975517393,196.18927001953125,-18.118677139282227,-0.00759761780500412
14573544757,0,3.23663210428781,196.1598358154297,-17.99260139465332,-0.007828865200281143
14598544757,0,3.1772174152676764,196.129638671875,-17.86473274230957,-0.00809478759765625
14623544758,0,3.1192857033970793,196.09869384765625,-17.735002517700195,-0.00837303139269352
14648544758,0,3.0626761203914907,196.0669708251953,-17.603357315063477,-0.008647422306239605
14673544758,0,3.007300770343566,196.0344696044922,-17.469751358032227,-0.008907622657716274
14698544759,0,2.952920079003336,196.0011749267578,-17.334148406982422,-0.009148139506578445
14723544759,0,2.899351777991056,195.9671173095703,-17.196517944335938,-0.009365806356072426
14748544760,0,2.846641271450711,195.93228149414062,-17.056835174560547,-0.009559516794979572
14773544760,0,2.794730860017785,195.89663696289062,-16.915082931518555,-0.009729689918458462
14798544760,0,2.743489267640387,195.8602294921875,-16.771238327026367,-0.00987750943750143
14823544761,0,2.692854057875917,195.822998046875,-16.62529182434082,-0.010004539042711258
14848544761,0,2.6429712657452895,195.7849884033203,-16.477231979370117,-0.010113181546330452
14873544761,0,2.5937993391933385,195.74620056152344,-16.327045440673828,-0.010205001570284367
14898544762,0,2.5453028881252564,195.7066192626953,-16.174728393554688,-0.010282020084559917
14923544762,0,2.4974380928675344,195.666259765625,-16.020273208618164,-0.010346831753849983
14948544763,0,2.4501972643103804,195.62515258789062,-15.863676071166992,-0.010400733910501003
14973544763,0,2.4036079917042925,195.583251953125,-15.704931259155273,-0.0104453656822443
14998544763,0,2.3576724367990396,195.54061889648438,-15.544037818908691,-0.01048198714852333
15023544764,0,2.322759907304302,195.5080108642578,-15.374476432800293,-0.011247482150793076
15048544764,0,2.2908773862139697,195.47769165039062,-15.198386192321777,-0.012510527856647968
15073544764,0,2.2547403897206597,195.4420928955078,-15.021767616271973,-0.013326339423656464
15098544765,0,2.2196665930266612,195.4072265625,-14.838217735290527,-0.012812423519790173
15123544765,0,2.1869175668783374,195.3740997314453,-14.651718139648438,-0.01050315797328949
15148544766,0,2.1599425041657208,195.34584045410156,-14.46534538269043,-0.007357330061495304
15173544766,0,2.1384823966383446,195.3217010498047,-14.28102970123291,-0.004068451002240181
15198544766,0,2.1211851698994764,195.2998809814453,-14.100339889526367,-0.0010799026349559426
15223544767,0,2.109752628905945,195.27825927734375,-13.924827575683594,0.0011864089174196124
15248544767,0,2.124903490597175,195.2548065185547,-13.754892349243164,0.0027263641823083162
15273544767,0,2.1497306768110294,195.22906494140625,-13.59014892578125,0.0036199188325554132
15298544768,0,2.166022874159377,195.20103454589844,-13.429341316223145,0.003910293336957693
15323544768,0,2.1870383455242446,195.17071533203125,-13.270600318908691,0.003634986700490117
15348544768,0,2.209593396385599,195.1383819580078,-13.113408088684082,0.0029642104636877775
15373544769,0,2.2324295321531937,195.10414123535156,-12.957232475280762,0.002033233642578125
15398544769,0,2.254803671160875,195.06809997558594,-12.801513671875,0.0009421539143659174
15423544770,0,2.276150168813012,195.03030395507812,-12.645678520202637,-0.00023506164143327624
15448544770,0,2.296244972644803,194.99085998535156,-12.48928451538086,-0.0014359282795339823
15473544770,0,2.3148689162121974,194.94979858398438,-12.332015991210938,-0.002610282739624381
15498544771,0,2.3316648554008084,194.9066925048828,-12.173798561096191,-0.003013725159689784
15523544771,0,2.347792309570141,194.86434936523438,-12.01522159576416,-0.0021041107829660177
15548544771,0,2.3626868729985104,194.82302856445312,-11.856358528137207,-0.0013111113803461194
15573544772,0,2.3718744110619903,194.77870178222656,-11.697819709777832,0.000941924867220223
15598544772,0,2.3856544771556427,194.73788452148438,-11.538714408874512,0.0027202602941542864
15623544773,0,2.3996832438904017,194.69895935058594,-11.378738403320312,0.004084853921085596
15648544773,0,2.4100114660396343,194.66107177734375,-11.217734336853027,0.004961089696735144
15673544773,0,2.419149377045606,194.6236114501953,-11.05573844909668,0.0058152382262051105
15698544774,0,2.4264471406695054,194.58734130859375,-10.893634796142578,0.007662124000489712
15723544774,0,2.4312533606455062,194.5529022216797,-10.731407165527344,0.009101065807044506
15748544774,0,2.437426924160535,194.52012634277344,-10.570274353027344,0.01083831675350666
15773544775,0,2.442169872401967,194.48936462402344,-10.410955429077148,0.012930029071867466
15798544775,0,2.4441268330527604,194.459716796875,-10.252889633178711,0.013862303458154202
15823544776,0,2.4471650648118817,194.4306182861328,-10.095812797546387,0.013246000744402409
15848544776,0,2.4545056005350228,194.40220642089844,-9.93917179107666,0.010877455584704876
15873544776,0,2.454540588599304,194.3706817626953,-9.77697467803955,0.009689481928944588
15898544777,0,2.457161552813828,194.34446716308594,-9.61556339263916,0.009579428471624851
15923544777,0,2.4580133083223936,194.32009887695312,-9.452288627624512,0.009936407208442688
15948544777,0,2.4567876088016445,194.29763793945312,-9.285847663879395,0.009564626961946487
15973544778,0,2.4583904172678777,194.27685546875,-9.118863105773926,0.00960521586239338
15998544778,0,2.4590735462652753,194.25759887695312,-8.950881958007812,0.009663923643529415
16023544779,0,2.461850252358305,194.24099731445312,-8.78697681427002,0.010216139256954193
16048544779,0,2.4636886306419434,194.2260284423828,-8.625627517700195,0.010484350845217705
16073544779,0,2.464971428122374,194.2122344970703,-8.46660041809082,0.010465696454048157
16098544780,0,2.465065429421616,194.19845581054688,-8.308802604675293,0.010380476713180542
16123544780,0,2.4643752985752982,194.1845245361328,-8.15127182006836,0.010190428234636784
16148544780,0,2.4638146453798493,194.17083740234375,-7.993943691253662,0.009740827605128288
16173544781,0,2.4614830826034697,194.15586853027344,-7.835107803344727,0.009490431286394596
16198544781,0,2.461813849855595,194.1428985595703,-7.676324367523193,0.008433569222688675
16223544782,0,2.462194898953202,194.13002014160156,-7.516362190246582,0.007388113532215357
16248544782,0,2.461609633565197,194.1170654296875,-7.355964660644531,0.007211264222860336
16273544782,0,2.46164239934549,194.10618591308594,-7.195898056030273,0.006976317148655653
16298544783,0,2.4650697374337356,194.0975799560547,-7.039230823516846,0.007270544767379761
16323544783,0,2.466173388161204,194.08987426757812,-6.88312292098999,0.007630118168890476
16348544783,0,2.4663695253310576,194.08316040039062,-6.727766513824463,0.007954748347401619
16373544784,0,2.4659335165174774,194.0772247314453,-6.573132038116455,0.008164137601852417
16398544784,0,2.465125438475812,194.0717315673828,-6.418612003326416,0.008187368512153625
16423544785,0,2.4641672897945694,194.06654357910156,-6.263988018035889,0.008091849274933338
16448544785,0,2.4633685236437604,194.0615997314453,-6.108935356140137,0.007872999645769596
16473544785,0,2.4623725287829403,194.05657958984375,-5.952920436859131,0.0074694049544632435
16498544786,0,2.462763962286634,194.05262756347656,-5.796158313751221,0.0065814959816634655
16523544786,0,2.462777085319987,194.0487060546875,-5.638314247131348,0.005521238781511784
16548544786,0,2.4637657152306014,194.04579162597656,-5.479884624481201,0.005341604817658663
16573544787,0,2.464418568447677,194.04515075683594,-5.320586204528809,0.004862669389694929
16598544787,0,2.4671820705461593,194.04684448242188,-5.164093494415283,0.004890555050224066
16623544787,0,2.467508636416981,194.0495147705078,-5.00773286819458,0.004815519787371159
16648544788,0,2.467067067062132,194.05276489257812,-4.851794242858887,0.004820707719773054
16673544788,0,2.4666339678918736,194.05624389648438,-4.696773052215576,0.004923628643155098
16698544789,0,2.466869525672172,194.0598602294922,-4.5422258377075195,0.004866789560765028
16723544789,0,2.466967646633891,194.0633544921875,-4.387507915496826,0.004510305821895599
16748544789,0,2.4660449043015125,194.06655883789062,-4.231392860412598,0.003701323177665472
16773544790,0,2.4656804046436696,194.0695037841797,-4.075469017028809,0.003152807941660285
16798544790,0,2.467432183867373,194.07333374023438,-3.9214227199554443,0.002806967357173562
16823544790,0,2.469108113041357,194.07823181152344,-3.7691221237182617,0.0026731097605079412
16848544791,0,2.467859349632198,194.08323669433594,-3.616034507751465,0.0023613725788891315
16873544791,0,2.465331220493298,194.0881805419922,-3.461810827255249,0.0019227205775678158
16898544792,0,2.4628339451524326,194.09320068359375,-3.3065993785858154,0.0011930834734812379
16923544792,0,2.460515599038751,194.0979461669922,-3.1500980854034424,0.0002604281762614846
16948544792,0,2.458904518294681,194.10232543945312,-2.992135763168335,-0.0009306728607043624
16973544793,0,2.4568247499391753,194.1057891845703,-2.831566095352173,-0.002436104929074645
16998544793,0,2.4562026585049126,194.1090545654297,-2.671325206756592,-0.003292161040008068
17023544793,0,2.4620691650633266,194.1156463623047,-2.516160011291504,-0.005522080697119236
17048544794,0,2.468513871293124,194.12159729003906,-2.3635013103485107,-0.007657242938876152
17073544794,0,2.465973951201474,194.1252899169922,-2.2095797061920166,-0.009188538417220116
17098544795,0,2.464503844965455,194.1293487548828,-2.055480480194092,-0.010422860272228718
17123544795,0,2.4603581465777307,194.1322479248047,-1.8987936973571777,-0.011366539634764194
17148544795,0,2.4589285920062527,194.13783264160156,-1.7396804094314575,-0.012893257662653923
17173544796,0,2.4547969094151383,194.1415557861328,-1.5763964653015137,-0.0143679054453969
17198544796,0,2.4571448916860783,194.1475372314453,-1.4156843423843384,-0.016221772879362106
17223544796,0,2.4550062716968295,194.15098571777344,-1.2511074542999268,-0.017296142876148224
17248544797,0,2.454158969432328,194.15524291992188,-1.0842862129211426,-0.018120575696229935
17273544797,0,2.4536434284390856,194.16029357910156,-0.916418731212616,-0.018907662481069565
17298544798,0,2.4544377445204777,194.16603088378906,-0.748259425163269,-0.01965000294148922
17323544798,0,2.4546608973006143,194.17251586914062,-0.5788734555244446,-0.020471002906560898
17348544798,0,2.4550958809314793,194.17947387695312,-0.41077861189842224,-0.020879557356238365
17373544799,0,2.453942450626798,194.1857452392578,-0.2428629845380783,-0.020884782075881958
17398544799,0,2.452648368835927,194.19190979003906,-0.07458190619945526,-0.020691225305199623
17423544799,0,2.4495009240403034,194.19642639160156,0.09634639322757721,-0.019317438825964928
17448544800,0,2.449277395154367,194.20516967773438,0.2683275043964386,-0.01930317096412182
17473544800,0,2.4461763089874533,194.2109375,0.44350364804267883,-0.018944475799798965
17498544801,0,2.4486521875095066,194.21934509277344,0.6170533299446106,-0.01935695856809616
17523544801,0,2.4484449194223554,194.22601318359375,0.7920739650726318,-0.019422952085733414
17548544801,0,2.4559886812658607,194.2366180419922,0.9614861607551575,-0.01984989270567894
17573544802,0,2.454348987658877,194.2433319091797,1.1318118572235107,-0.01931358501315117
17598544802,0,2.4538849223153507,194.25103759765625,1.3008264303207397,-0.018376657739281654
17623544802,0,2.457270098222736,194.2604217529297,1.4639744758605957,-0.01736873760819435
17648544803,0,2.461160533980648,194.27037048339844,1.6240273714065552,-0.016162989661097527
17673544803,0,2.4658907000098758,194.2802734375,1.779923677444458,-0.01446373201906681
17698544804,0,2.4665916898931584,194.28887939453125,1.933929681777954,-0.013205072842538357
17723544804,0,2.4727127631038788,194.29945373535156,2.0835318565368652,-0.012550470419228077
17748544804,0,2.4748422762282845,194.30946350097656,2.233833074569702,-0.011850167997181416
17773544805,0,2.478003287926438,194.31878662109375,2.3827595710754395,-0.011699831113219261
17798544805,0,2.477496170446974,194.3275146484375,2.5331783294677734,-0.01134178414940834
17823544805,0,2.4804228839098776,194.337646484375,2.680697202682495,-0.010925523936748505
17848544806,0,2.480279676455232,194.34803771972656,2.82977032661438,-0.010547335259616375
17873544806,0,2.482640300837018,194.3590850830078,2.9755990505218506,-0.010464021936058998
17898544806,0,2.4826037342903446,194.369873046875,3.1204521656036377,-0.01033497042953968
17923544807,0,2.4823173609726377,194.3812255859375,3.2638533115386963,-0.010030214674770832
17948544807,0,2.4825309594547895,194.3932342529297,3.405463218688965,-0.009530222043395042
17973544808,0,2.480950978857523,194.40440368652344,3.5472657680511475,-0.009065515361726284
17998544808,0,2.4779314805461476,194.41458129882812,3.690704345703125,-0.00877372920513153
18023544808,0,2.4798065972808097,194.425537109375,3.8339335918426514,-0.010073930956423283
18048544809,0,2.476810000436586,194.4326934814453,3.9805333614349365,-0.010918542742729187
18073544809,0,2.4781390247756474,194.44210815429688,4.127692222595215,-0.011654932051897049
18098544809,0,2.477157075436822,194.45130920410156,4.27730655670166,-0.012475741095840931
18123544810,0,2.476544861120328,194.4607391357422,4.42788028717041,-0.012896005995571613
18148544810,0,2.4751392618742756,194.4709014892578,4.579051971435547,-0.012684213928878307
18173544811,0,2.481090020480878,194.4857940673828,4.727531433105469,-0.012995455414056778
18198544811,0,2.4749051243247324,194.4950714111328,4.8791680335998535,-0.011938669718801975
18223544811,0,2.473292686259982,194.50741577148438,5.031482696533203,-0.01126350648701191
18248544812,0,2.471689707125173,194.5194854736328,5.183602809906006,-0.010168726556003094
18273544812,0,2.4711461375802966,194.5310516357422,5.336069107055664,-0.00954609178006649
18298544812,0,2.471603904011252,194.54136657714844,5.48748779296875,-0.008800242096185684
18323544813,0,2.4771260570434035,194.55398559570312,5.636757850646973,-0.008422357961535454
18348544813,0,2.4805516196074104,194.56405639648438,5.786642551422119,-0.006971247028559446
18373544814,0,2.47989205592795,194.57595825195312,5.937471389770508,-0.006328470539301634
18398544814,0,2.478748541492824,194.58746337890625,6.088151931762695,-0.005615656264126301
18423544814,0,2.476572918812441,194.5992889404297,6.240463733673096,-0.004925996996462345
18448544815,0,2.4804517264949246,194.61468505859375,6.391843795776367,-0.005201761610805988
18473544815,0,2.4755518663027374,194.62545776367188,6.545836448669434,-0.004463884513825178
18498544815,0,2.47420705808192,194.6396484375,6.699329853057861,-0.003952219616621733
18523544816,0,2.4721468056637144,194.65354919433594,6.853976726531982,-0.003370401682332158
18548544816,0,2.472830212340763,194.66749572753906,7.007484436035156,-0.0030303597450256348
18573544817,0,2.47311470899384,194.68032836914062,7.16171932220459,-0.002105524530634284
18598544817,0,2.474452062066263,194.69349670410156,7.315525531768799,-0.0008511757478117943
18623544817,0,2.476998259601205,194.70823669433594,7.467520713806152,0.0001750159281073138
18648544818,0,2.4840632598151116,194.72433471679688,7.616089820861816,0.0009849906200543046
18673544818,0,2.482937137430398,194.73716735839844,7.763739585876465,0.0033171437680721283
18698544818,0,2.4844428501657614,194.75303649902344,7.910187721252441,0.004635274410247803
18723544819,0,2.4848781770589317,194.7693328857422,8.055252075195312,0.005963895004242659
18748544819,0,2.484542946831742,194.78553771972656,8.200044631958008,0.007028462830930948
18773544820,0,2.48536413205088,194.80091857910156,8.34174633026123,0.00818134006112814
18798544820,0,2.4882618282973077,194.81602478027344,8.48137092590332,0.009145772084593773
18823544820,0,2.4959008434711873,194.83335876464844,8.617176055908203,0.009263989515602589
18848544821,0,2.4965014972601587,194.84713745117188,8.75285530090332,0.010020977817475796
18873544821,0,2.4954978117862923,194.8603057861328,8.88956356048584,0.010203855112195015
18898544821,0,2.4932043846562357,194.87255859375,9.026676177978516,0.010080716572701931
18923544822,0,2.49495070403947,194.8863067626953,9.161993026733398,0.00988471694290638
18948544822,0,2.495379929734212,194.898193359375,9.29619026184082,0.01079105120152235
18973544823,0,2.4923140598008193,194.91091918945312,9.431884765625,0.011047055013477802
18998544823,0,2.4901479742452755,194.923095703125,9.56777286529541,0.010855786502361298
19023544823,0,2.4874103334576914,194.93319702148438,9.704344749450684,0.011248547583818436
19048544824,0,2.488259491650507,194.94419860839844,9.839723587036133,0.011849019676446915
19073544824,0,2.489130972304513,194.95440673828125,9.97555160522461,0.012336880899965763
19098544824,0,2.4910143446949693,194.96499633789062,10.11277961730957,0.01237037405371666
19123544825,0,2.4911297652719155,194.97483825683594,10.25234603881836,0.012370106764137745
19148544825,0,2.4911095540397685,194.9850311279297,10.393402099609375,0.012370450422167778
19173544825,0,2.491068269767138,194.9962615966797,10.535398483276367,0.012343251146376133
19198544826,0,2.4927726900913636,195.0098419189453,10.67609977722168,0.011768338270485401
19223544826,0,2.495768602421447,195.0232696533203,10.81441879272461,0.011952054686844349
19248544827,0,2.4976378802026162,195.035888671875,10.951878547668457,0.011767537333071232
19273544827,0,2.503252067314232,195.04827880859375,11.087539672851562,0.010318181477487087
19298544827,0,2.502859920310285,195.05514526367188,11.226688385009766,0.010069577023386955
19323544828,0,2.5058685105063634,195.06195068359375,11.36552906036377,0.010450360365211964
19348544828,0,2.5117065564085723,195.070068359375,11.502250671386719,0.01041572354733944
19373544828,0,2.5156687247161145,195.07833862304688,11.638585090637207,0.010830113664269447
19398544829,0,2.517826677645886,195.08688354492188,11.773825645446777,0.011178700253367424
19423544829,0,2.5196043652199096,195.0958709716797,11.90779972076416,0.011439244262874126
19448544830,0,2.5232173639216433,195.10618591308594,12.039155006408691,0.01142989844083786
19473544830,0,2.5222872300306616,195.1143341064453,12.17099380493164,0.012268025428056717
19498544830,0,2.5244275303207253,195.12269592285156,12.300970077514648,0.012699238955974579
19523544831,0,2.531011564649469,195.1317901611328,12.428924560546875,0.012511632405221462
19548544831,0,2.5369160487667095,195.1395721435547,12.556530952453613,0.012676541693508625
19573544831,0,2.540039264243805,195.14620971679688,12.683608055114746,0.01312030479311943
19598544832,0,2.54562521886286,195.15289306640625,12.80843734741211,0.012924306094646454
19623544832,0,2.5536885810020693,195.1598358154297,12.931889533996582,0.012274282053112984
19648544833,0,2.5575482726834022,195.16468811035156,13.054823875427246,0.012140538543462753
19673544833,0,2.5596853622053386,195.16835021972656,13.176674842834473,0.01237872801721096
19698544833,0,2.5665865737592464,195.17428588867188,13.296079635620117,0.011868168599903584
19723544834,0,2.5686400430373717,195.17779541015625,13.415201187133789,0.012165448628365993
19748544834,0,2.5715653269197363,195.1822052001953,13.532374382019043,0.012271230109035969
19773544834,0,2.5756749793929266,195.18760681152344,13.647478103637695,0.012003743089735508
19798544835,0,2.5745766321970294,195.19114685058594,13.762420654296875,0.012636678293347359
19823544835,0,2.5742246642258504,195.19583129882812,13.876160621643066,0.013139188289642334
19848544836,0,2.576220102953878,195.2016143798828,13.988889694213867,0.01301757525652647
19873544836,0,2.577390960604207,195.2088623046875,14.102846145629883,0.012824246659874916
19898544836,0,2.5777681292048342,195.21653747558594,14.217259407043457,0.01246341411024332
19923544837,0,2.5784974070346243,195.2235870361328,14.332231521606445,0.012183453887701035
19948544837,0,2.578804904112444,195.23074340820312,14.44764518737793,0.011938130483031273
19973544837,0,2.580824630718878,195.23703002929688,14.563011169433594,0.01158805564045906
19998544838,0,2.586203122185389,195.2423858642578,14.678722381591797,0.011594998650252819
20023544838,0,2.592466016597236,195.24891662597656,14.794178009033203,0.011294973082840443
20048544839,0,2.5975982933856825,195.25595092773438,14.909525871276855,0.010678364895284176
20073544839,0,2.5983651830133887,195.2624969482422,15.025508880615234,0.010691259056329727
20098544839,0,2.5980896086650156,195.2686309814453,15.139692306518555,0.010768696665763855
20123544840,0,2.6034916542201083,195.27748107910156,15.25001049041748,0.010540768504142761
20148544840,0,2.6032449563104194,195.28335571289062,15.359353065490723,0.011627842672169209
20173544840,0,2.6037539678841783,195.29034423828125,15.468222618103027,0.012253491207957268
20198544841,0,2.6044226625761984,195.298095703125,15.574960708618164,0.012701031751930714
20223544841,0,2.605143325006178,195.3051300048828,15.68044662475586,0.01276786532253027
20248544842,0,2.6086034197248686,195.31272888183594,15.78531551361084,0.012569577433168888
20273544842,0,2.6119453611488153,195.31991577148438,15.889963150024414,0.012547528371214867
20298544842,0,2.610696902805389,195.3258514404297,15.993937492370605,0.013351972214877605
20323544843,0,2.6127646247018044,195.33372497558594,16.096134185791016,0.01341911032795906
20348544843,0,2.6152599961832497,195.3412322998047,16.19864845275879,0.013226277194917202
20373544843,0,2.6179091422015923,195.3488006591797,16.301084518432617,0.012953336350619793
20398544844,0,2.6181554863025522,195.35581970214844,16.403005599975586,0.012758634053170681
20423544844,0,2.6225178837487872,195.36399841308594,16.50236701965332,0.012338902801275253
20448544844,0,2.625420599545262,195.37147521972656,16.60108184814453,0.012724988162517548
20473544845,0,2.625359248396339,195.378662109375,16.69818878173828,0.0137158939614892
20498544845,0,2.6262703628287536,195.38772583007812,16.793851852416992,0.014138218946754932
20523544846,0,2.626788576261625,195.39724731445312,16.887853622436523,0.014378087595105171
20548544846,0,2.626763154473395,195.40625,16.980350494384766,0.014489591121673584
20573544846,0,2.630948448289134,195.41632080078125,17.071744918823242,0.014104115776717663
20598544847,0,2.635608369017413,195.4259796142578,17.16261100769043,0.013672406785190105
20623544847,0,2.637361004709635,195.43408203125,17.253250122070312,0.01380416564643383
20648544847,0,2.6410689902974642,195.44276428222656,17.342199325561523,0.01353839598596096
20673544848,0,2.644621711862382,195.45034790039062,17.429765701293945,0.013205258175730705
20698544848,0,2.651723717886229,195.4588623046875,17.515413284301758,0.01246749609708786
20723544849,0,2.655961825063743,195.46505737304688,17.600383758544922,0.012345959432423115
20748544849,0,2.6605748559466478,195.47113037109375,17.6837100982666,0.012225606478750706
20773544849,0,2.6649797299696036,195.47622680664062,17.765104293823242,0.012013738043606281
20798544850,0,2.673342820925053,195.48193359375,17.844287872314453,0.011576802469789982
20823544850,0,2.681786999964202,195.48704528808594,17.92193603515625,0.011299130506813526
20848544850,0,2.6881743840126684,195.49095153808594,17.99822998046875,0.01141868345439434
20873544851,0,2.6947527771649384,195.49476623535156,18.072771072387695,0.011232946068048477
20898544851,0,2.705183457025114,195.50001525878906,18.145954132080078,0.010734937153756618
20923544852,0,2.715369529879987,195.50489807128906,18.21841812133789,0.010324971750378609
20948544852,0,2.723927544897798,195.50936889648438,18.290145874023438,0.010057255625724792
20973544852,0,2.7315772193154517,195.5135498046875,18.36060333251953,0.00976794958114624
20998544853,0,2.7398774391879366,195.51910400390625,18.4296875,0.00942214671522379
21023544853,0,2.746996298394453,195.52438354492188,18.49742317199707,0.009077565744519234
21048544853,0,2.7531661708238264,195.52943420410156,18.563880920410156,0.008875539526343346
21073544854,0,2.7592662292006103,195.5346221923828,18.62867546081543,0.00861823745071888
21098544854,0,2.764942164082008,195.53970336914062,18.691829681396484,0.008376806043088436
21123544855,0,2.7703729198720484,195.54458618164062,18.753225326538086,0.008139531128108501
21148544855,0,2.775593328617351,195.54920959472656,18.81281852722168,0.007908741943538189
21173544855,0,2.7806668699732975,195.553466796875,18.870494842529297,0.007675702217966318
21198544856,0,2.7857335192045225,195.55735778808594,18.92618751525879,0.007411648984998465
21223544856,0,2.7907329609708342,195.560791015625,18.97991943359375,0.007154500111937523
21248544856,0,2.7958346488410704,195.56375122070312,19.03158187866211,0.00685291038826108
21273544857,0,2.800959520990221,195.56614685058594,19.08124542236328,0.0065544103272259235
21298544857,0,2.8067890495931582,195.56796264648438,19.128400802612305,0.006173665169626474
21323544858,0,2.814087448100087,195.56858825683594,19.17201805114746,0.00583537807688117
21348544858,0,2.8222992928259347,195.56822204589844,19.21254539489746,0.0055044530890882015
21373544858,0,2.831240899340594,195.56668090820312,19.25055694580078,0.0053133368492126465
21398544859,0,2.8408148262589448,195.5648193359375,19.28565788269043,0.0050337957218289375
21423544859,0,2.850776797782594,195.5629425048828,19.31901741027832,0.004465062636882067
21448544859,0,2.860424509583774,195.5607452392578,19.350791931152344,0.0038344929926097393
21473544860,0,2.870141164683177,195.5583953857422,19.380945205688477,0.003141209948807955
21498544860,0,2.8799289289391674,195.55593872070312,19.409568786621094,0.0023826193064451218
21523544861,0,2.8896439134459886,195.5532989501953,19.43684196472168,0.001612622756510973
21548544861,0,2.8992751829533328,195.5505828857422,19.46289825439453,0.000848767755087465
21573544861,0,2.908620263120676,195.54779052734375,19.48788833618164,0.00013015508011449128
21598544862,0,2.9180912001349997,195.5449981689453,19.511735916137695,-0.0006155419396236539
21623544862,0,2.9273895611277383,195.54222106933594,19.534561157226562,-0.0013909172266721725
21648544862,0,2.9366466131181546,195.53948974609375,19.556324005126953,-0.0022416329011321068
21673544863,0,2.9459271684442125,195.5367889404297,19.576995849609375,-0.003196375211700797
21698544863,0,2.955168199145074,195.53414916992188,19.596691131591797,-0.00420208228752017
21723544863,0,2.9642874399802865,195.53160095214844,19.6154842376709,-0.005244715139269829
21748544864,0,2.9732961577091412,195.52908325195312,19.633407592773438,-0.006291200872510672
21773544864,0,2.982028581247246,195.526611328125,19.650554656982422,-0.007324144709855318
21798544865,0,2.9909295205353548,195.524169921875,19.66687774658203,-0.008306276984512806
21823544865,0,2.9976688961677445,195.52171325683594,19.68414306640625,-0.009191019460558891
21848544865,0,3.003621954768611,195.51956176757812,19.70177459716797,-0.00994922872632742
21873544866,0,3.009138593945064,195.51751708984375,19.719375610351562,-0.010716592893004417
21898544866,0,3.0136504381982347,195.51600646972656,19.736995697021484,-0.011599695309996605
21923544866,0,3.0169940220906364,195.51467895507812,19.754533767700195,-0.0124640678986907
21948544867,0,3.019201161931109,195.51353454589844,19.771879196166992,-0.013283845968544483
21973544867,0,3.0204527909480685,195.51419067382812,19.790233612060547,-0.01453041285276413
21998544868,0,3.022872190174596,195.51710510253906,19.807283401489258,-0.017183611169457436
22023544868,0,3.0241189711026237,195.5172882080078,19.8240909576416,-0.019422762095928192
22048544868,0,3.027021132321459,195.51876831054688,19.840091705322266,-0.021763574331998825
22073544869,0,3.0294034460963126,195.5205841064453,19.856517791748047,-0.0240541473031044
22098544869,0,3.0296221275200685,195.52392578125,19.87278175354004,-0.026692429557442665
22123544869,0,3.0308736963663043,195.5257110595703,19.88855743408203,-0.028961030766367912
22148544870,0,3.0347140185064836,195.52796936035156,19.904150009155273,-0.031031114980578423
22173544870,0,3.0366430308720327,195.5301055908203,19.92058753967285,-0.03234165534377098
22198544871,0,3.036920957040301,195.53163146972656,19.938127517700195,-0.03204139694571495
22223544871,0,3.039220667083669,195.53382873535156,19.95430564880371,-0.03135944530367851
22248544871,0,3.041313842291968,195.5355682373047,19.97022819519043,-0.03013988584280014
22273544872,0,3.0451168206657533,195.53858947753906,19.983850479125977,-0.028436776250600815
22298544872,0,3.0478734739798217,195.54090881347656,19.996387481689453,-0.026678811758756638
22323544872,0,3.0515696245464174,195.54391479492188,20.0076904296875,-0.024979211390018463
22348544873,0,3.053472079279388,195.54591369628906,20.019561767578125,-0.023763392120599747
22373544873,0,3.055702954830371,195.54840087890625,20.032373428344727,-0.02256740815937519
22398544874,0,3.059887617812151,195.55162048339844,20.042274475097656,-0.021179772913455963
22423544874,0,3.062268080773263,195.55349731445312,20.05230140686035,-0.02024276927113533
22448544874,0,3.065514962103313,195.5565948486328,20.061809539794922,-0.01932491548359394
22473544875,0,3.0671048057904007,195.55821228027344,20.072187423706055,-0.019081156700849533
22498544875,0,3.0722287978735223,195.561279296875,20.080472946166992,-0.018774835392832756
22523544875,0,3.0781856205574503,195.56382751464844,20.086713790893555,-0.018097765743732452
22548544876,0,3.0810247597890923,195.5677947998047,20.095930099487305,-0.01854751817882061
22573544876,0,3.0908520917658504,195.57110595703125,20.100811004638672,-0.017417337745428085
22598544877,0,3.098318174517437,195.57449340820312,20.106931686401367,-0.017102014273405075
22623544877,0,3.103704750699684,195.57821655273438,20.11652946472168,-0.01687237061560154
22648544877,0,3.1134048766492253,195.58453369140625,20.12306022644043,-0.016663171350955963
22673544878,0,3.1254445248458977,195.58987426757812,20.128917694091797,-0.015728838741779327
22698544878,0,3.137932485774926,195.59523010253906,20.135908126831055,-0.015204851515591145
22723544878,0,3.150787331172224,195.60086059570312,20.144515991210938,-0.0147681450471282
22748544879,0,3.1649856252451167,195.60653686523438,20.153947830200195,-0.014357874169945717
22773544879,0,3.1800754953447092,195.61260986328125,20.16439437866211,-0.013949625194072723
22798544880,0,3.195815512909684,195.61874389648438,20.175838470458984,-0.0136209512129426
22823544880,0,3.2136117378774607,195.62437438964844,20.186920166015625,-0.013240586966276169
22848544880,0,3.232862812792609,195.62985229492188,20.19846534729004,-0.012922976166009903
22873544881,0,3.253836197078875,195.63514709472656,20.209985733032227,-0.01263550017029047
22898544881,0,3.276879026809765,195.6400146484375,20.221317291259766,-0.012372095137834549
22923544881,0,3.3015010078455433,195.64450073242188,20.232349395751953,-0.012102167122066021
22948544882,0,3.328350444865181,195.64849853515625,20.2426700592041,-0.011815340258181095
22973544882,0,3.3579808326650826,195.65200805664062,20.252042770385742,-0.011467820964753628
22998544882,0,3.391010089032103,195.65521240234375,20.260417938232422,-0.01105339266359806
23023544883,0,3.4286066244576126,195.6577911376953,20.266592025756836,-0.01043415255844593
23048544883,0,3.470450826598247,195.65977478027344,20.270687103271484,-0.009687463752925396
23073544884,0,3.517234170701073,195.66122436523438,20.27217674255371,-0.008830186910927296
23098544884,0,3.569416967296267,195.66183471679688,20.270793914794922,-0.008105585351586342
23123544884,0,3.627476876432828,195.66163635253906,20.265745162963867,-0.00812450610101223
23148544885,0,3.6881344625515045,195.6618194580078,20.26055145263672,-0.008374979719519615
23173544885,0,3.7492936041865366,195.661865234375,20.25712776184082,-0.008748781867325306
23198544885,0,3.811354153068608,195.66189575195312,20.25514030456543,-0.009094545617699623
23223544886,0,3.8739594264017634,195.66204833984375,20.255001068115234,-0.009394685737788677
23248544886,0,3.9364804621873883,195.66184997558594,20.257144927978516,-0.00962879415601492
23273544887,0,4.000280866973295,195.661865234375,20.260509490966797,-0.009730302728712559
23298544887,0,4.065192490548403,195.66148376464844,20.265419006347656,-0.009728891775012016
23323544887,0,4.132465998856838,195.66148376464844,20.27040672302246,-0.009575769305229187
23348544888,0,4.20259131216237,195.6614532470703,20.27509880065918,-0.009309465996921062
23373544888,0,4.275467019806759,195.66143798828125,20.2795467376709,-0.008989031426608562
23398544888,0,4.351237334943705,195.66140747070312,20.28380012512207,-0.008656313642859459
23423544889,0,4.429899297963876,195.66134643554688,20.287899017333984,-0.008339845575392246
23448544889,0,4.5112792481394415,195.6613006591797,20.291879653930664,-0.008056185208261013
23473544890,0,4.595320010390031,195.66122436523438,20.295766830444336,-0.007815134711563587
23498544890,0,4.681970652832475,195.66116333007812,20.299577713012695,-0.00762020330876112
23523544890,0,4.771196053841423,195.66110229492188,20.30333137512207,-0.007470438256859779
23548544891,0,4.862954588647379,195.66102600097656,20.30704116821289,-0.007363054435700178
23573544891,0,4.9572347072239795,195.6609649658203,20.310712814331055,-0.00729290209710598
23598544891,0,5.054000283413573,195.66091918945312,20.314363479614258,-0.007254488300532103
23623544892,0,5.153221029844655,195.6608428955078,20.317991256713867,-0.007242548279464245
23648544892,0,5.25487382536117,195.66078186035156,20.321603775024414,-0.007251016795635223
23673544893,0,5.358880422701227,195.66070556640625,20.32520294189453,-0.007275011390447617
23698544893,0,5.465261242284436,195.66061401367188,20.328794479370117,-0.007310106419026852
23723544893,0,5.574000936967567,195.6605682373047,20.332378387451172,-0.007352220825850964
23748544894,0,5.6850418478815365,195.6604766845703,20.335954666137695,-0.007398569490760565
23773544894,0,5.798388264507907,195.66038513183594,20.339529037475586,-0.007446062285453081
23798544894,0,5.913990349477601,195.66029357910156,20.34309959411621,-0.007493211887776852
23823544895,0,6.031585290065603,195.66012573242188,20.34696388244629,-0.00755699397996068
23848544895,0,6.150072922900306,195.65975952148438,20.35234260559082,-0.007695238571614027
23873544896,0,6.269861537603852,195.65919494628906,20.358741760253906,-0.007835619151592255
23898544896,0,6.390013414035464,195.6585235595703,20.367076873779297,-0.008038141764700413
23923544896,0,6.5096889804634674,195.65777587890625,20.378238677978516,-0.008325540460646152
23948544897,0,6.628929761771227,195.65704345703125,20.392101287841797,-0.008644144050776958
23973544897,0,6.673200391574752,195.6561279296875,20.40856170654297,-0.008957826532423496
23998544897,0,6.716841299629403,195.655029296875,20.427541732788086,-0.009249650873243809
24023544898,0,6.747048817608408,195.6537628173828,20.4489803314209,-0.009509737603366375
24048544898,0,6.763863043411787,195.65234375,20.472822189331055,-0.009733621962368488
24073544899,0,6.769245339715414,195.65069580078125,20.49903106689453,-0.009921190328896046
24098544899,0,6.766222136233943,195.6488494873047,20.52759552001953,-0.010074198246002197
24123544899,0,6.756450381659703,195.64671325683594,20.558507919311523,-0.010197069495916367
24148544900,0,6.739205875192397,195.6443328857422,20.591777801513672,-0.010294191539287567
24173544900,0,6.71420635487978,195.64161682128906,20.62741470336914,-0.010369417257606983
24198544900,0,6.682054988545644,195.63856506347656,20.665430068969727,-0.010427134111523628
24223544901,0,6.645666358648707,195.6351318359375,20.70583724975586,-0.010470583103597164
24248544901,0,6.606938557260075,195.63128662109375,20.748647689819336,-0.01050335168838501
24273544901,0,6.566098789688808,195.62698364257812,20.793869018554688,-0.010527231730520725
24298544902,0,6.523193981146902,195.62217712402344,20.84151840209961,-0.010545122437179089
24323544902,0,6.4782352741791795,195.61680603027344,20.8916015625,-0.010558206588029861
24348544903,0,6.4312548129592395,195.61087036132812,20.944128036499023,-0.010568125173449516
24373544903,0,6.382281727026644,195.6042938232422,20.99910545349121,-0.010575792752206326
24398544903,0,6.3313583846330035,195.5970001220703,21.056537628173828,-0.010581819340586662
24423544904,0,6.278507815485698,195.58900451660156,21.116422653198242,-0.010586893185973167
24448544904,0,6.223798630756723,195.58018493652344,21.178768157958984,-0.01059162337332964
24473544904,0,6.167262170327666,195.57052612304688,21.243572235107422,-0.010596049018204212
24498544905,0,6.10898733211629,195.55992126464844,21.31082534790039,-0.010600855574011803
24523544905,0,6.0494868049304715,195.54837036132812,21.38052749633789,-0.010605471208691597
24548544906,0,5.989499003105074,195.53579711914062,21.452667236328125,-0.010610582306981087
24573544906,0,5.928128613796306,195.52212524414062,21.527238845825195,-0.010615541599690914
24598544906,0,5.865301263359068,195.50733947753906,21.604228973388672,-0.010620919987559319
24623544907,0,5.801102911584373,195.49131774902344,21.683622360229492,-0.010626566596329212
24648544907,0,5.735596487609935,195.4740753173828,21.76540184020996,-0.010632326826453209
24673544907,0,5.668753674148409,195.4555206298828,21.849552154541016,-0.010638315230607986
24698544908,0,5.600602531486362,195.43560791015625,21.936054229736328,-0.010644457302987576
24723544908,0,5.531507551996681,195.41427612304688,22.024887084960938,-0.01065063662827015
24748544909,0,5.4601155900035465,195.3929443359375,22.11675262451172,-0.010706446133553982
24773544909,0,5.385618075033183,195.37249755859375,22.21198272705078,-0.010802004486322403
24798544909,0,5.309037783798835,195.35186767578125,22.310123443603516,-0.010887720622122288
24823544910,0,5.231299102509356,195.33053588867188,22.410884857177734,-0.01095016673207283
24848544910,0,5.152818896364052,195.3082733154297,22.51412582397461,-0.010990526527166367
24873544910,0,5.073777659693446,195.28501892089844,22.619762420654297,-0.01101372018456459
24898544911,0,4.994371984909863,195.26063537597656,22.72774314880371,-0.0110244769603014
24923544911,0,4.914857191723673,195.2351531982422,22.83803367614746,-0.011026689782738686
24948544912,0,4.8354064190140855,195.20846557617188,22.950597763061523,-0.011023142375051975
24973544912,0,4.756276149781332,195.1805877685547,23.065412521362305,-0.011016237549483776
24998544912,0,4.677667922261981,195.15147399902344,23.182453155517578,-0.011007044464349747
25023544913,0,4.599807155992757,195.12115478515625,23.30170440673828,-0.010996896773576736
25048544913,0,4.52298542983,195.0895538330078,23.423147201538086,-0.010986597277224064
25073544913,0,4.4474448257722194,195.0567169189453,23.54678726196289,-0.0107831209897995
25098544914,0,4.373474129390659,195.0226287841797,23.67259407043457,-0.010640604421496391
25123544914,0,4.301419604598228,194.98727416992188,23.800548553466797,-0.010545389726758003
25148544915,0,4.231646967528358,194.95062255859375,23.930633544921875,-0.010485841892659664
25173544915,0,4.162269646638969,194.9151153564453,24.063495635986328,-0.010465585626661777
25198544915,0,4.093613810589939,194.8807373046875,24.199134826660156,-0.010465509258210659
25223544916,0,4.02691388033228,194.84642028808594,24.337265014648438,-0.01047558058053255
25248544916,0,3.962913305530507,194.8118133544922,24.47777557373047,-0.010492593981325626
25273544916,0,3.9020834634393915,194.7768096923828,24.620622634887695,-0.010513689368963242
25298544917,0,3.8448612823706987,194.7414093017578,24.76577377319336,-0.010536462999880314
25323544917,0,3.791820047459338,194.7054901123047,24.913219451904297,-0.010559847578406334
25348544918,0,3.7441153824098445,194.6696319580078,25.06058120727539,-0.01040851790457964
25373544918,0,3.702032906436147,194.63380432128906,25.207792282104492,-0.010155717842280865
25398544918,0,3.665695019085516,194.59800720214844,25.35489273071289,-0.009857752360403538
25423544919,0,3.635343110841753,194.5621795654297,25.501909255981445,-0.009550669230520725
25448544919,0,3.6110947895117884,194.52633666992188,25.64885139465332,-0.009255487471818924
25473544919,0,3.5929883953545065,194.490478515625,25.795732498168945,-0.00898433942347765
25498544920,0,3.5812455540951613,194.45458984375,25.942556381225586,-0.008742257952690125
25523544920,0,3.5732600298344734,194.4212188720703,26.089733123779297,-0.008515283465385437
25548544920,0,3.5699802675832912,194.3894805908203,26.237083435058594,-0.008315355516970158
25573544921,0,3.572212051084937,194.35853576660156,26.384498596191406,-0.00814945437014103
25598544921,0,3.580132181221608,194.32821655273438,26.53196144104004,-0.008015177212655544
25623544922,0,3.5937532537413857,194.29843139648438,26.67947006225586,-0.007907754741609097
25648544922,0,3.6130504782487063,194.26914978027344,26.827009201049805,-0.007822458632290363
25673544922,0,3.638016024211192,194.24029541015625,26.974576950073242,-0.007754862308502197
25698544923,0,3.6684971059398968,194.21185302734375,27.122159957885742,-0.007701227441430092
25723544923,0,3.7044701559319693,194.1837615966797,27.26974868774414,-0.007658846210688353
25748544923,0,3.7457691535886593,194.15599060058594,27.41733169555664,-0.007625314872711897
25773544924,0,3.7922263828321854,194.12850952148438,27.56490135192871,-0.007599107921123505
25798544924,0,3.843706378749186,194.10128784179688,27.71245574951172,-0.007578127086162567
25823544925,0,3.900018351384904,194.07431030273438,27.8599853515625,-0.007562067359685898
25848544925,0,3.959623827482897,194.049072265625,28.008136749267578,-0.007578318007290363
25873544925,0,4.023519759399667,194.02491760253906,28.15841293334961,-0.007726976647973061
25898544926,0,4.092207126865235,194.00120544433594,28.31057357788086,-0.007941667921841145
25923544926,0,4.165761870524216,193.9778594970703,28.46459197998047,-0.008184206672012806
25948544926,0,4.244149126627033,193.95481872558594,28.620450973510742,-0.008429414592683315
25973544927,0,4.327312342771468,193.9320526123047,28.778141021728516,-0.008662263862788677
25998544927,0,4.415211786254544,193.9095458984375,28.937652587890625,-0.008874323219060898
26023544928,0,4.507954642933876,193.88726806640625,29.098981857299805,-0.009061929769814014
26048544928,0,4.6056095879162315,193.8651580810547,29.26211929321289,-0.009224321693181992
26073544928,0,4.7077987965603745,193.8432159423828,29.427066802978516,-0.00936325266957283
26098544929,0,4.814420480859337,193.82142639160156,29.59382438659668,-0.009479791857302189
26123544929,0,4.925396406523327,193.79977416992188,29.76238441467285,-0.009576799347996712
26148544929,0,5.039586620856609,193.77952575683594,29.93279266357422,-0.009646189399063587
26173544930,0,5.157448011591172,193.76004028320312,30.105031967163086,-0.009702341631054878
26198544930,0,5.279115869960035,193.74102783203125,30.279035568237305,-0.009745714254677296
26223544931,0,5.404320241218647,193.7224884033203,30.454566955566406,-0.00976200308650732
26248544931,0,5.53254790973464,193.7044219970703,30.631004333496094,-0.009714090265333652
26273544931,0,5.662878617759541,193.6868896484375,30.807212829589844,-0.009545709937810898
26298544932,0,5.7937535359760854,193.67002868652344,30.98130226135254,-0.009174234233796597
26323544932,0,5.92421822542443,193.6538848876953,31.152294158935547,-0.008630411699414253
26348544932,0,6.054399821782302,193.63839721679688,31.320663452148438,-0.00805076863616705
26373544933,0,6.185777224725818,193.6233367919922,31.488473892211914,-0.007630808278918266
26398544933,0,6.318441196223246,193.60862731933594,31.655954360961914,-0.0073467278853058815
26423544934,0,6.452411717396289,193.59425354003906,31.823270797729492,-0.007174150552600622
26448544934,0,6.587328258008358,193.5809783935547,31.990718841552734,-0.0070949578657746315
26473544934,0,6.723673877938017,193.5683135986328,32.15861892700195,-0.007104608695954084
26498544935,0,6.861826048696129,193.5560302734375,32.32729721069336,-0.007193414960056543
26523544935,0,7.001917429958786,193.5441131591797,32.49699783325195,-0.007343904580920935
26548544935,0,7.143860015758473,193.532470703125,32.667903900146484,-0.007536584977060556
26573544936,0,7.2881881611821875,193.52108764648438,32.84012985229492,-0.007753489073365927
26598544936,0,7.434096585154703,193.5099639892578,33.01370620727539,-0.0079751992598176
26623544936,0,7.582340465808469,193.49903869628906,33.188507080078125,-0.008178217336535454
26648544937,0,7.732071068608028,193.4883575439453,33.36423873901367,-0.008337404578924179
26673544937,0,7.8833527273587105,193.47789001464844,33.54041290283203,-0.008425142616033554
26698544938,0,8.035068498303243,193.4676971435547,33.7161750793457,-0.008400041610002518
26723544938,0,8.185966126481821,193.4578094482422,33.89004135131836,-0.008200380951166153
26748544938,0,8.335588181234131,193.44869995117188,34.061885833740234,-0.00789917167276144
26773544939,0,8.484797610671063,193.4401092529297,34.232627868652344,-0.007621195167303085
26798544939,0,8.634083340101398,193.4318389892578,34.40290832519531,-0.007416536565870047
26823544939,0,8.783631613433679,193.42384338378906,34.5728645324707,-0.007278521079570055
26848544940,0,8.933864841136923,193.4160919189453,34.74275207519531,-0.0072070336900651455
26873544940,0,9.084742275154541,193.4085693359375,34.91289520263672,-0.0072045158594846725
26898544941,0,9.236677016602084,193.4012451171875,35.083614349365234,-0.007267610635608435
26923544941,0,9.389954225558855,193.39407348632812,35.255149841308594,-0.007384683936834335
26948544941,0,9.544587544527772,193.3870391845703,35.42762756347656,-0.007537767756730318
26973544942,0,9.700496238848029,193.38015747070312,35.60105514526367,-0.007704355753958225
26998544942,0,9.857734790066921,193.37335205078125,35.775325775146484,-0.007862054742872715
27023544942,0,10.015724134141562,193.36697387695312,35.95022201538086,-0.007989122532308102
27048544943,0,10.17458053810196,193.36083984375,36.125450134277344,-0.008069765754044056
27073544943,0,10.333808890044185,193.3549041748047,36.30068588256836,-0.008094561286270618
27098544944,0,10.493271044675712,193.34915161132812,36.475494384765625,-0.00805103499442339
27123544944,0,10.652335833883647,193.3435821533203,36.64946365356445,-0.007939722388982773
27148544944,0,10.810789480451811,193.33819580078125,36.82262420654297,-0.007797167170792818
27173544945,0,10.969141960896224,193.33297729492188,36.99516677856445,-0.007655260618776083
27198544945,0,11.127334667551498,193.327880859375,37.16714859008789,-0.007525904104113579
27223544945,0,11.285681884253155,193.3229217529297,37.338714599609375,-0.007422220427542925
27248544946,0,11.444000682938526,193.31809997558594,37.51005554199219,-0.007353708613663912
27273544946,0,11.602734226367728,193.3133544921875,37.6813850402832,-0.007326052058488131
27298544947,0,11.761876287985732,193.30870056152344,37.852909088134766,-0.007339784875512123
27323544947,0,11.921844640165794,193.30429077148438,38.02479553222656,-0.0073901391588151455
27348544947,0,12.082402757997896,193.30001831054688,38.197166442871094,-0.007468569092452526
27373544948,0,12.243601823308106,193.29583740234375,38.370059967041016,-0.007563326042145491
27398544948,0,12.405652663275122,193.291748046875,38.54346466064453,-0.007661630865186453
27423544948,0,12.568415682483575,193.28775024414062,38.71730041503906,-0.007750208023935556
27448544949,0,12.731474879381457,193.28379821777344,38.891422271728516,-0.00781856756657362
27473544949,0,12.894905187095896,193.2799530029297,39.065673828125,-0.007858545519411564
27498544950,0,13.058438790218,193.27618408203125,39.23987579345703,-0.007866937667131424
27523544950,0,13.22206805233995,193.2724609375,39.41396713256836,-0.007850420661270618
27548544950,0,13.385835546259193,193.268798828125,39.587955474853516,-0.007820742204785347
27573544951,0,13.549841616945763,193.26522827148438,39.7618408203125,-0.007785074412822723
27598544951,0,13.713909712735646,193.2617950439453,39.93563461303711,-0.007748110219836235
27623544951,0,13.878248671246523,193.25845336914062,40.10934066772461,-0.007712099235504866
27648544952,0,14.04250402500101,193.2551727294922,40.28295135498047,-0.007679292932152748
27673544952,0,14.206998025358338,193.25196838378906,40.45648193359375,-0.007649843581020832
27698544953,0,14.371587382280772,193.24880981445312,40.629920959472656,-0.0076242471113801
27723544953,0,14.536370720998574,193.24571228027344,40.80326843261719,-0.007602236233651638
27748544953,0,14.701182449667147,193.24267578125,40.976531982421875,-0.007583696860820055
27773544954,0,14.865972861987862,193.2396697998047,41.14970016479492,-0.007568094413727522
27798544954,0,15.030884072260037,193.2366943359375,41.32278060913086,-0.007555353455245495
27823544954,0,15.195816519162266,193.23377990722656,41.49576950073242,-0.007544710300862789
27848544955,0,15.36085947582767,193.23089599609375,41.66867446899414,-0.007536051329225302
27873544955,0,15.52621195230211,193.22802734375,41.84148406982422,-0.007529184687882662
27898544955,0,15.691219520332908,193.2252655029297,42.01420211791992,-0.007523539010435343
27923544956,0,15.856405522174432,193.22254943847656,42.18682861328125,-0.00751896109431982
27948544956,0,16.021718520221693,193.21987915039062,42.3593635559082,-0.007515299133956432
27973544957,0,16.187037712213872,193.2172393798828,42.53181076049805,-0.007512514479458332
27998544957,0,16.352579207479597,193.21463012695312,42.70416259765625,-0.0075102257542312145
28023544957,0,16.51756624447747,193.21205139160156,42.87559509277344,-0.007439844310283661
28048544958,0,16.679970141020195,193.2095489501953,43.04466247558594,-0.007236521225422621
28073544958,0,16.84121682702821,193.20709228515625,43.21213150024414,-0.007018282078206539
28098544958,0,17.001679246905884,193.2046661376953,43.37865447998047,-0.006850015837699175
28123544959,0,17.161636493989395,193.20223999023438,43.54490661621094,-0.006770479492843151
28148544959,0,17.321831144171778,193.19985961914062,43.71147918701172,-0.006792719010263681
28173544960,0,17.482940088849336,193.19749450683594,43.878787994384766,-0.006906740367412567
28198544960,0,17.645077437910707,193.19512939453125,44.047157287597656,-0.00709301233291626
28223544960,0,17.80881894194609,193.19276428222656,44.21681213378906,-0.007330209948122501
28248544961,0,17.974055161988268,193.19039916992188,44.3879280090332,-0.007598154246807098
28273544961,0,18.14101394644988,193.1880645751953,44.56066131591797,-0.00788082368671894
28298544961,0,18.30956459446797,193.18569946289062,44.73509216308594,-0.008162920363247395
28323544962,0,18.47981847388071,193.183349609375,44.91110610961914,-0.008421366102993488
28348544962,0,18.651477459521438,193.18101501464844,45.08837890625,-0.0086257578805089
28373544963,0,18.823477288380978,193.1786651611328,45.26604461669922,-0.008721735328435898
28398544963,0,18.99413801207171,193.17633056640625,45.44220733642578,-0.00860565435141325
28423544963,0,19.161765194395187,193.17405700683594,45.61531448364258,-0.008256304077804089
28448544964,0,19.326678501922657,193.17184448242188,45.78545379638672,-0.007794802077114582
28473544964,0,19.4904218140132,193.169677734375,45.95419692993164,-0.007405741140246391
28498544964,0,19.653513551676415,193.16751098632812,46.122108459472656,-0.007118379697203636
28523544965,0,19.816017425146804,193.16539001464844,46.289310455322266,-0.0069194817915558815
28548544965,0,19.977924853394317,193.1632843017578,46.45611572265625,-0.006807520054280758
28573544966,0,20.140260017292736,193.16114807128906,46.62293243408203,-0.006785471457988024
28598544966,0,20.302805234333142,193.15904235839844,46.79023742675781,-0.006854211911559105
28623544966,0,20.46639244723556,193.1569366455078,46.958412170410156,-0.007002145983278751
28648544967,0,20.631192965035005,193.15481567382812,47.12773513793945,-0.0072106956504285336
28673544967,0,20.79733451391889,193.15269470214844,47.29841613769531,-0.007460138760507107
28698544967,0,20.965094687805763,193.15054321289062,47.470619201660156,-0.007732698693871498
28723544968,0,21.134433788195622,193.1483917236328,47.644447326660156,-0.008012010715901852
28748544968,0,21.30544502226655,193.14622497558594,47.819862365722656,-0.008276407606899738
28773544969,0,21.47760375689806,193.14404296875,47.99660110473633,-0.008498155511915684
28798544969,0,21.650490212206897,193.14187622070312,48.17396545410156,-0.008628198876976967
28823544969,0,21.822860212892785,193.13970947265625,48.35072326660156,-0.00860519614070654
28848544970,0,21.992845800383943,193.13758850097656,48.52506637573242,-0.008358003571629524
28873544970,0,22.160083178897114,193.135498046875,48.696414947509766,-0.007950632832944393
28898544970,0,22.32520040845232,193.13345336914062,48.86566925048828,-0.007534296251833439
28923544971,0,22.489716764582862,193.13140869140625,49.03408432006836,-0.007224924396723509
28948544971,0,22.65343941269641,193.12939453125,49.20183563232422,-0.007009127177298069
28973544972,0,22.816994084756807,193.12738037109375,49.36920166015625,-0.006883508991450071
28998544972,0,22.98059921676995,193.12538146972656,49.53660202026367,-0.006850130390375853
29023544972,0,23.14494985510513,193.1233673095703,49.70450210571289,-0.0069093345664441586
29048544973,0,23.309174407047603,193.12136840820312,49.87327194213867,-0.007048952393233776
29073544973,0,23.474782207162843,193.1193389892578,50.04319381713867,-0.007250177673995495
29098544973,0,23.641354316739502,193.11727905273438,50.2144775390625,-0.00749328825622797
29123544974,0,23.809784586784904,193.115234375,50.38728332519531,-0.007760202512145042
29148544974,0,23.98006309254501,193.11314392089844,50.56169891357422,-0.008033258840441704
29173544974,0,24.151139126627243,193.11105346679688,50.73760986328125,-0.008286326192319393
29198544975,0,24.323892354729146,193.10897827148438,50.9146728515625,-0.00848716963082552
29223544975,0,24.496638065045587,193.10687255859375,51.09204864501953,-0.008582040667533875
29248544976,0,24.667898703542168,193.10479736328125,51.26797866821289,-0.008478624746203423
29273544976,0,24.836408269585252,193.10275268554688,51.4409065246582,-0.00814735610038042
29298544976,0,25.002205630814103,193.1007537841797,51.610843658447266,-0.007700884249061346
29323544977,0,25.16669804420758,193.09877014160156,51.77952575683594,-0.007335779722779989
29348544977,0,25.330250442357073,193.09678649902344,51.94733428955078,-0.007064707111567259
29373544977,0,25.49328501783122,193.09481811523438,52.114418029785156,-0.006877214647829533
29398544978,0,25.65574624265426,193.09286499023438,52.28109359741211,-0.006773493252694607
29423544978,0,25.818325920405574,193.09091186523438,52.447776794433594,-0.006757700350135565
29448544979,0,25.98158192995534,193.0889434814453,52.61493682861328,-0.006831476464867592
29473544979,0,26.145472357901053,193.0869903564453,52.782962799072266,-0.006983492057770491
29498544979,0,26.31053050516912,193.08499145507812,52.95213317871094,-0.007195207756012678
29523544980,0,26.4769591923338,193.0830078125,53.12265396118164,-0.007447321433573961
29548544980,0,26.644160100283052,193.0810089111328,53.293983459472656,-0.007662660907953978
29573544980,0,26.811305852440285,193.07899475097656,53.465110778808594,-0.007778131868690252
29598544981,0,26.978273899435735,193.07701110839844,53.636077880859375,-0.00782898161560297
29623544981,0,27.145508085530015,193.07501220703125,53.80691146850586,-0.007839624769985676
29648544982,0,27.311875561389876,193.07302856445312,53.97762680053711,-0.007826235145330429
29673544982,0,27.4784492293507,193.07102966308594,54.14823532104492,-0.007799685001373291
29698544982,0,27.64507426780394,193.0690155029297,54.31875228881836,-0.00776718370616436
29723544983,0,27.811720725987033,193.06703186035156,54.489173889160156,-0.007733118254691362
29748544983,0,27.978542129479862,193.06503295898438,54.65950012207031,-0.007699739653617144
29773544983,0,28.14528665381442,193.06304931640625,54.829734802246094,-0.007669145707041025
29798544984,0,28.311850457974174,193.06105041503906,54.99989318847656,-0.0076417564414441586
29823544984,0,28.47836532578807,193.05905151367188,55.16995620727539,-0.007617800030857325
29848544985,0,28.644724533511045,193.05706787109375,55.33992385864258,-0.007597200572490692
29873544985,0,28.810648720673264,193.05506896972656,55.50981140136719,-0.007579920347779989
29898544985,0,28.976995933848755,193.0530548095703,55.67961120605469,-0.007565271575003862
29923544986,0,29.142570001543085,193.0510711669922,55.84931945800781,-0.007553141098469496
29948544986,0,29.308697782711018,193.04910278320312,56.018943786621094,-0.0075432606972754
29973544986,0,29.47481274800728,193.04714965820312,56.18846893310547,-0.0075350976549088955
29998544987,0,29.64070142658286,193.04519653320312,56.357913970947266,-0.007528536021709442
30023544987,0,29.806822409590676,193.04324340820312,56.52726745605469,-0.007523233536630869
30048544988,0,29.97285689575027,193.04129028320312,56.696533203125,-0.00751899927854538
30073544988,0,30.14016042415931,193.03929138183594,56.86692428588867,-0.0076079582795500755
30098544988,0,30.30881140030895,193.0372772216797,57.038700103759766,-0.00776451313868165
30123544989,0,30.478571600354147,193.03526306152344,57.211917877197266,-0.007957994937896729
30148544989,0,30.649946763088337,193.03323364257812,57.386531829833984,-0.00815910566598177
30173544989,0,30.822328369415878,193.0312042236328,57.56231689453125,-0.008337710052728653
30198544990,0,30.995618448306296,193.02915954589844,57.73890686035156,-0.008465730585157871
30223544990,0,31.168823925477206,193.027099609375,57.9155158996582,-0.008496362715959549
30248544991,0,31.340787550866914,193.0250701904297,58.090633392333984,-0.008354990743100643
30273544991,0,31.50998374320038,193.02305603027344,58.26331329345703,-0.008051874116063118
30298544991,0,31.677430258103364,193.0210723876953,58.43415832519531,-0.007714312057942152
30323544992,0,31.844816579551072,193.01907348632812,58.6045036315918,-0.007466661743819714
30348544992,0,32.01174262832528,193.01710510253906,58.77439880371094,-0.007291796151548624
30373544992,0,32.17838675518897,193.01515197753906,58.94403839111328,-0.007184870075434446
30398544993,0,32.3448618129227,193.01319885253906,59.11369323730469,-0.007145807612687349
30423544993,0,32.5117454492931,193.01123046875,59.28372573852539,-0.007175791077315807
30448544993,0,32.67911412577323,193.0092315673828,59.4544677734375,-0.007271387614309788
30473544994,0,32.84737507752654,193.0072479248047,59.62617111206055,-0.007419512141495943
30498544994,0,33.01676690882651,193.0052490234375,59.7989616394043,-0.007601053453981876
30523544995,0,33.1875721692277,193.0032196044922,59.97283935546875,-0.0077920937910676
30548544995,0,33.359266945790644,193.0011749267578,60.14765167236328,-0.007967455312609673
30573544995,0,33.53191416391702,192.99913024902344,60.323143005371094,-0.008104478940367699
30598544996,0,33.70501890226622,192.99710083007812,60.498958587646484,-0.00818554125726223
30623544996,0,33.87802933573528,192.9950714111328,60.67448043823242,-0.008180581964552402
30648544996,0,34.04927723792591,192.9930419921875,60.848880767822266,-0.008064157329499722
30673544997,0,34.21928144111143,192.99102783203125,61.022010803222656,-0.007879259064793587
30698544997,0,34.38836969254869,192.9890594482422,61.194358825683594,-0.007696993183344603
30723544998,0,34.556842443315766,192.987060546875,61.36615753173828,-0.007541811093688011
30748544998,0,34.72496666284134,192.98507690429688,61.53753662109375,-0.007422144059091806
30773544998,0,34.8932755842528,192.9830780029297,61.70872116088867,-0.007346041034907103
30798544999,0,35.061479321880775,192.98109436035156,61.879940032958984,-0.007317735813558102
30823544999,0,35.22974180402034,192.97909545898438,62.051414489746094,-0.0073361992835998535
30848544999,0,35.398585500310624,192.97711181640625,62.22331237792969,-0.007395059801638126
30873545000,0,35.56807908974787,192.97511291503906,62.39575958251953,-0.007483408320695162
30898545000,0,35.73823716775779,192.9730987548828,62.56879806518555,-0.007588083390146494
30923545001,0,35.908748308844594,192.97108459472656,62.74238204956055,-0.007694132160395384
30948545001,0,36.07968882248114,192.96905517578125,62.91642379760742,-0.007787744980305433
30973545001,0,36.25129450921075,192.96702575683594,63.09075164794922,-0.007857020013034344
30998545002,0,36.423219171101806,192.96499633789062,63.26518249511719,-0.00789406057447195
31023545002,0,36.59481102770526,192.9629669189453,63.43952560424805,-0.00789566244930029
31048545002,0,36.76579990503543,192.9609375,63.61362075805664,-0.007863772101700306
31073545003,0,36.936280172466994,192.9589080810547,63.78734588623047,-0.007804796565324068
31098545003,0,37.10655642060444,192.95689392089844,63.96064376831055,-0.007727815769612789
31123545004,0,37.27683275058332,192.95489501953125,64.13350677490234,-0.007643625605851412
31148545004,0,37.44640817991898,192.95291137695312,64.30597686767578,-0.007563478779047728
31173545004,0,37.61574758716014,192.95091247558594,64.4781494140625,-0.00749672157689929
31198545005,0,37.785009486691074,192.9489288330078,64.65016174316406,-0.0074510215781629086
31223545005,0,37.95408728592936,192.94692993164062,64.82213592529297,-0.007430536672472954
31248545005,0,38.12340910044292,192.94493103027344,64.99421691894531,-0.007436258718371391
31273545006,0,38.292463317091574,192.9429473876953,65.16650390625,-0.007465631701052189
31298545006,0,38.46243295292197,192.94094848632812,65.33908081054688,-0.007513811346143484
31323545007,0,38.632516871762256,192.93896484375,65.5119857788086,-0.007573435083031654
31348545007,0,38.80298598509984,192.93695068359375,65.68521881103516,-0.007636301219463348
31373545007,0,38.97382174432289,192.93492126464844,65.85872650146484,-0.007694055791944265
31398545008,0,39.14496084434337,192.93289184570312,66.03242492675781,-0.007739946711808443
31423545008,0,39.316441060205186,192.9308624267578,66.20622253417969,-0.007768556941300631
31448545008,0,39.487034324825,192.92881774902344,66.3800048828125,-0.007777330931276083
31473545009,0,39.657432208921314,192.92678833007812,66.55368041992188,-0.007766268216073513
31498545009,0,39.82779171679768,192.92477416992188,66.7271728515625,-0.007738611660897732
31523545010,0,39.99822466408752,192.9227752685547,66.90042114257812,-0.007698290050029755
31548545010,0,40.16832222015312,192.9207763671875,67.07341766357422,-0.007651712745428085
31573545010,0,40.3384872702459,192.9187774658203,67.246337890625,-0.00761600723490119
31598545011,0,40.50859588999346,192.9167938232422,67.41917419433594,-0.0075888847932219505
31623545011,0,40.67830535312038,192.914794921875,67.5919189453125,-0.007568056229501963
31648545011,0,40.848078623913466,192.91281127929688,67.76457977294922,-0.007552034687250853
31673545012,0,41.01802600105718,192.9108123779297,67.93714141845703,-0.007539903745055199
31698545012,0,41.187629661653766,192.90882873535156,68.109619140625,-0.007530710659921169
31723545012,0,41.35715815779402,192.90682983398438,68.28201293945312,-0.007523615378886461
31748545013,0,41.52644638789622,192.90484619140625,68.45430755615234,-0.007518312893807888
31773545013,0,41.695876270898026,192.90284729003906,68.62651062011719,-0.007514230906963348
31798545014,0,41.86538481121543,192.90084838867188,68.79862213134766,-0.007511179428547621
31823545014,0,42.034875668144124,192.89886474609375,68.97064971923828,-0.007508928421884775
31848545014,0,42.20452544014886,192.89686584472656,69.14257049560547,-0.0075071738101542
31873545015,0,42.373541485180745,192.89488220214844,69.31441497802734,-0.0075058769434690475
31898545015,0,42.54223447484366,192.89288330078125,69.48615264892578,-0.007504923269152641
31923545015,0,42.71128673186635,192.89089965820312,69.6578140258789,-0.007504198234528303
31948545016,0,42.88009018834191,192.88890075683594,69.82937622070312,-0.00750358821824193
31973545016,0,43.04879629499807,192.8869171142578,70.00084686279297,-0.007503206375986338
31998545017,0,43.217508572193516,192.88491821289062,70.1722183227539,-0.007502901367843151
32023545017,0,43.38660234639946,192.88291931152344,70.34349822998047,-0.007502672728151083
32048545017,0,43.55527495096525,192.8809356689453,70.51469421386719,-0.0075025963596999645
32073545018,0,43.722951892680186,192.87896728515625,70.68494415283203,-0.007431757170706987
32098545018,0,43.88857294403205,192.87701416015625,70.85286712646484,-0.007232439238578081
32123545018,0,44.05284385605109,192.87506103515625,71.0194320678711,-0.007034456357359886
32148545019,0,44.21610632519206,192.87313842773438,71.1854476928711,-0.006906702183187008
32173545019,0,44.379657694131694,192.87123107910156,71.35157775878906,-0.006877558305859566
32198545020,0,44.543536299484465,192.86927795410156,71.518310546875,-0.0069453832693398
32223545020,0,44.70857599336168,192.86732482910156,71.68598175048828,-0.007093698717653751
32248545020,0,44.87435402713439,192.86537170410156,71.8548812866211,-0.007302172016352415
32273545021,0,45.04186295312096,192.86338806152344,72.02517700195312,-0.00755012733861804
32298545021,0,45.21127288822057,192.8614044189453,72.19703674316406,-0.007819559425115585
32323545021,0,45.38237574210027,192.859375,72.37056732177734,-0.008095324039459229
32348545022,0,45.55514704102559,192.8573455810547,72.54576873779297,-0.008360063657164574
32373545022,0,45.72893355958365,192.85528564453125,72.72244262695312,-0.008587915450334549
32398545023,0,45.90393694395514,192.8532257080078,72.90001678466797,-0.008737565949559212
32423545023,0,46.07896455356839,192.8511505126953,73.07740783691406,-0.00875141378492117
32448545023,0,46.25194588774783,192.84912109375,73.25273895263672,-0.008545038290321827
32473545024,0,46.42174844574267,192.84710693359375,73.42485809326172,-0.008132020942866802
32498545024,0,46.588414930238,192.84515380859375,73.59395599365234,-0.007634775247424841
32523545024,0,46.7538790539244,192.84320068359375,73.76188659667969,-0.007248117588460445
32548545025,0,46.918307069519,192.84124755859375,73.92894744873047,-0.00696888193488121
32573545025,0,47.082246419628305,192.8393096923828,74.0953140258789,-0.006783907301723957
32598545026,0,47.245568342430026,192.83740234375,74.2613296508789,-0.006690561771392822
32623545026,0,47.40891605254197,192.83547973632812,74.42741394042969,-0.0066905999556183815
32648545026,0,47.572942231677494,192.83355712890625,74.59403228759766,-0.00678158039227128
32673545027,0,47.73797372096694,192.83160400390625,74.76155090332031,-0.006949923001229763
32698545027,0,47.90412591163187,192.82965087890625,74.93025207519531,-0.0071754478849470615
32723545027,0,48.07181339545988,192.82766723632812,75.10033416748047,-0.007438928820192814
32748545028,0,48.24104032511772,192.82565307617188,75.2719497680664,-0.007722246460616589
32773545028,0,48.41186501203656,192.8236541748047,75.44522857666016,-0.008011133410036564
32798545029,0,48.584166437917055,192.8216094970703,75.6202163696289,-0.008290636353194714
32823545029,0,48.7582900065298,192.819580078125,75.79673767089844,-0.008536646142601967
32848545029,0,48.93350880681293,192.81752014160156,75.97438049316406,-0.008716928772628307
32873545030,0,49.10906878035209,192.81544494628906,76.1522216796875,-0.008778993971645832
32898545030,0,49.28329733690339,192.8134002685547,76.328369140625,-0.008626329712569714
32923545030,0,49.45352048200365,192.81138610839844,76.50135803222656,-0.008245318196713924
32948545031,0,49.62059999730545,192.8094024658203,76.67129516601562,-0.007759516127407551
32973545031,0,49.7867527163463,192.8074493408203,76.83979034423828,-0.007353746797889471
32998545031,0,49.95304454944666,192.80552673339844,77.00740051269531,-0.007055933121591806
33023545032,0,50.118804526789994,192.80357360839844,77.17428588867188,-0.006852037739008665
33048545032,0,50.28416304428123,192.80165100097656,77.34074401855469,-0.006739046424627304
33073545033,0,50.44951857921611,192.79974365234375,77.50720977783203,-0.006718828342854977
33098545033,0,50.615283312777684,192.79779052734375,77.67414855957031,-0.006791536696255207
33123545033,0,50.78204100105417,192.79583740234375,77.8419418334961,-0.0069447350688278675
33148545034,0,50.94970699016324,192.79388427734375,78.01087951660156,-0.007159159053117037
33173545034,0,51.11880862657765,192.79188537597656,78.18116760253906,-0.007414400577545166
33198545034,0,51.28953186938068,192.78990173339844,78.35297393798828,-0.0076927971094846725
33223545035,0,51.461726319837396,192.7878875732422,78.52642059326172,-0.007978517562150955
33248545035,0,51.635422603015485,192.78585815429688,78.7015151977539,-0.008253976702690125
33273545036,0,51.8108161443942,192.78382873535156,78.87806701660156,-0.008492968045175076
33298545036,0,51.98711597630041,192.78175354003906,79.05558776855469,-0.008660280145704746
33323545036,0,52.163226543837844,192.77967834472656,79.23307800292969,-0.00870079267770052
33348545037,0,52.337693668000156,192.77764892578125,79.40867614746094,-0.008525392971932888
33373545037,0,52.50907659832514,192.775634765625,79.5810546875,-0.008131601847708225
33398545037,0,52.677293737745096,192.77366638183594,79.75035858154297,-0.007642176002264023
33423545038,0,52.844212721543904,192.77171325683594,79.91844177246094,-0.007255518343299627
33448545038,0,53.010304662293066,192.769775390625,80.08560943603516,-0.0069727348163723946
33473545039,0,53.17552053281526,192.7678680419922,80.25202941894531,-0.006781122647225857
33498545039,0,53.34041234024533,192.7659454345703,80.41801452636719,-0.006678698118776083
33523545039,0,53.50537459061582,192.7640380859375,80.58399200439453,-0.0066675590351223946
33548545040,0,53.670609654932015,192.7621307373047,80.75045013427734,-0.00674843043088913
33573545040,0,53.836609935690895,192.7601776123047,80.91775512695312,-0.006908571347594261
33598545040,0,54.00373115368129,192.75819396972656,81.08619689941406,-0.007128908298909664
33623545041,0,54.172484344684456,192.75624084472656,81.25599670410156,-0.007389757316559553
33648545041,0,54.34291165629086,192.75425720214844,81.42731475830078,-0.007673189509660006
33673545042,0,54.51323359006671,192.75225830078125,81.5985336303711,-0.00783378817141056
33698545042,0,54.6832315847203,192.75027465820312,81.76958465576172,-0.007908403873443604
33723545042,0,54.853002564083575,192.74827575683594,81.94049835205078,-0.007928507402539253
33748545043,0,55.02257268286567,192.7462921142578,82.11128997802734,-0.007915575057268143
33773545043,0,55.19219769338439,192.74429321289062,82.28196716308594,-0.007884256541728973
33798545043,0,55.36148084282943,192.74229431152344,82.45256805419922,-0.007844049483537674
33823545044,0,55.53084630498527,192.7403106689453,82.62306213378906,-0.007800905499607325
33848545044,0,55.700042094339814,192.73831176757812,82.79346466064453,-0.007758752908557653
33873545045,0,55.869158777652316,192.736328125,82.96379089355469,-0.007719423621892929
33898545045,0,56.03837189989919,192.7343292236328,83.13401794433594,-0.007684137672185898
33923545045,0,56.207440302445725,192.73236083984375,83.30416107177734,-0.007653009612113237
33948545046,0,56.37631540118744,192.73040771484375,83.4742202758789,-0.007626344915479422
33973545046,0,56.54493874412522,192.7284393310547,83.6441650390625,-0.0076037622056901455
33998545046,0,56.713861409562014,192.7264862060547,83.81404876708984,-0.007584764622151852
34023545047,0,56.88276235798087,192.7245330810547,83.98384857177734,-0.007569048088043928
34048545047,0,57.05080355968997,192.7225799560547,84.15353393554688,-0.007556154392659664
34073545048,0,57.21857032047877,192.7206268310547,84.32315063476562,-0.007545358967036009
34098545048,0,57.38608560746802,192.7186737060547,84.49267578125,-0.007536737713962793
34123545048,0,57.55350096796827,192.7167205810547,84.66211700439453,-0.007529795169830322
34148545049,0,57.72068816988939,192.71478271484375,84.83146667480469,-0.007524263579398394
34173545049,0,57.888530413510665,192.7128143310547,85.00116729736328,-0.007557603996247053
34198545049,0,58.05764458182388,192.71080017089844,85.1723403930664,-0.007687570992857218
34223545050,0,58.22817338683927,192.70880126953125,85.344970703125,-0.007870027795433998
34248545050,0,58.40011198704334,192.70677185058594,85.51907348632812,-0.008075335063040257
34273545050,0,58.57351381570014,192.70474243164062,85.69450378417969,-0.008271639235317707
34298545051,0,58.747738429107955,192.7027130126953,85.87090301513672,-0.008427927270531654
34323545051,0,58.922300881949056,192.70065307617188,86.047607421875,-0.008497011847794056
34348545052,0,59.096054037300455,192.69862365722656,86.22342681884766,-0.008424798958003521
34373545052,0,59.26736769183856,192.69659423828125,86.39697265625,-0.00817100703716278
34398545052,0,59.436736782174385,192.69461059570312,86.56854248046875,-0.007845652289688587
34423545053,0,59.6054196560188,192.692626953125,86.73926544189453,-0.007575227878987789
34448545053,0,59.773620844968825,192.69064331054688,86.90950775146484,-0.007377703208476305
34473545053,0,59.941392771368456,192.6886444091797,87.07939910888672,-0.007245867047458887
34498545054,0,60.1092202808911,192.68667602539062,87.24921417236328,-0.007180597633123398
34523545054,0,60.2770977180419,192.68467712402344,87.41927337646484,-0.007183458656072617
34548545055,0,60.44558280848667,192.6826934814453,87.58992004394531,-0.0072533437050879
34573545055,0,60.614914489520324,192.68069458007812,87.76143646240234,-0.007380030117928982
34598545055,0,60.78552467377479,192.6787109375,87.9339599609375,-0.00754467211663723
34623545056,0,60.957306748134684,192.6766815185547,88.10753631591797,-0.007725222036242485
34648545056,0,61.1296070228194,192.6746368408203,88.28202819824219,-0.007897150702774525
34673545056,0,61.3024341647192,192.672607421875,88.45721435546875,-0.008037912659347057
34698545057,0,61.47598387594836,192.6705780029297,88.63279724121094,-0.008129121735692024
34723545057,0,61.64961639255321,192.66854858398438,88.8083267211914,-0.008152811788022518
34748545058,0,61.82228930934013,192.66651916503906,88.98319244384766,-0.008086970075964928
34773545058,0,61.99388793072121,192.66448974609375,89.15689849853516,-0.007939760573208332
34798545058,0,62.16400258791804,192.66249084472656,89.3297119140625,-0.007769281510263681
34823545059,0,62.334084681261594,192.66050720214844,89.50193786621094,-0.007614481262862682
34848545059,0,62.50322129400494,192.6585235595703,89.67366027832031,-0.007484209258109331
34873545059,0,62.67219924579138,192.6565399169922,89.84505462646484,-0.007388994563370943
34898545060,0,62.84137530832922,192.654541015625,90.01632690429688,-0.007335970178246498
34923545060,0,63.010508509795386,192.65255737304688,90.1877212524414,-0.007327844854444265
34948545061,0,63.17996856372298,192.6505584716797,90.35941314697266,-0.007361719384789467
34973545061,0,63.34998013552512,192.64857482910156,90.53156280517578,-0.007430002558976412
34998545061,0,63.52042284847805,192.6465606689453,90.7042465209961,-0.0075216698460280895
35023545062,0,63.69144737481798,192.64456176757812,90.87747192382812,-0.007623255252838135
35048545062,0,63.86288903630704,192.6425323486328,91.05118560791016,-0.007721140049397945
35073545062,0,64.03466195843616,192.6405029296875,91.22528076171875,-0.007802584208548069
35098545063,0,64.2067388455382,192.6384735107422,91.39958953857422,-0.00785793550312519
35123545063,0,64.37896018280146,192.63644409179688,91.57391357421875,-0.0078811664134264
35148545064,0,64.55083229798134,192.63441467285156,91.74811553955078,-0.007871096022427082
35173545064,0,64.72246915543896,192.63238525390625,91.92203521728516,-0.007831194438040257
35198545064,0,64.8937889549281,192.63034057617188,92.09557342529297,-0.007768480572849512
35223545065,0,65.06452401947536,192.62835693359375,92.2686996459961,-0.007692529819905758
35248545065,0,65.23482701866372,192.62635803222656,92.44142150878906,-0.007613642141222954
35273545065,0,65.40491874580039,192.6243896484375,92.61381530761719,-0.007541811093688011
35298545066,0,65.57491583107502,192.6223907470703,92.78597259521484,-0.00748565886169672
35323545066,0,65.74478599559944,192.6204071044922,92.9580078125,-0.007451136130839586
35348545067,0,65.91451212312705,192.618408203125,93.13006591796875,-0.007441103458404541
35373545067,0,66.0846984066129,192.61642456054688,93.30226135253906,-0.007455179467797279
35398545067,0,66.25542158102229,192.61441040039062,93.47467803955078,-0.007490160409361124
35423545068,0,66.42552958946503,192.61241149902344,93.64739990234375,-0.007540247403085232
35448545068,0,66.59635700235859,192.6104278564453,93.82042694091797,-0.007598383352160454
35473545068,0,66.76755355102472,192.60841369628906,93.9937515258789,-0.007656747940927744
35498545069,0,66.9390241751649,192.60638427734375,94.16730499267578,-0.007707788608968258
35523545069,0,67.11160540678136,192.60435485839844,94.34100341796875,-0.007745363749563694
35548545069,0,67.28433855429961,192.60232543945312,94.51476287841797,-0.007765619549900293
35573545070,0,67.4570412353372,192.6002960205078,94.6884765625,-0.007766916416585445
35598545070,0,67.62960624563313,192.59825134277344,94.86204528808594,-0.007750360760837793
35623545071,0,67.80192805864426,192.59625244140625,95.03543090820312,-0.007719156797975302
35648545071,0,67.97403393963533,192.59423828125,95.20858001708984,-0.007678491994738579
35673545071,0,68.14587428409362,192.5922393798828,95.38156127929688,-0.007639543619006872
35698545072,0,68.31791789905611,192.5902557373047,95.55445861816406,-0.0076088737696409225
35723545072,0,68.48988508861235,192.5882568359375,95.7272720336914,-0.007585031911730766
35748545072,0,68.66161260312079,192.58607482910156,95.9000015258789,-0.007566225249320269
35773545073,0,68.8332599889268,192.58384704589844,96.0726318359375,-0.007551424205303192
35798545073,0,69.00507802534634,192.58155822753906,96.24518585205078,-0.007539941929280758
35823545074,0,69.17646217227512,192.57925415039062,96.41763305664062,-0.007531244773417711
35848545074,0,69.34810910771347,192.576904296875,96.5899887084961,-0.00752445450052619
35873545074,0,69.51926447842851,192.57452392578125,96.76226043701172,-0.007519113831222057
35898545075,0,69.69057256106178,192.5721435546875,96.9344482421875,-0.007514994125813246
35923545075,0,69.86200536220261,192.5697021484375,97.10652923583984,-0.007511903997510672
35948545075,0,70.03305474913915,192.5672607421875,97.27852630615234,-0.007509538903832436
35973545076,0,70.20402677159838,192.5647735595703,97.45042419433594,-0.007507631555199623
35998545076,0,70.37472086077486,192.56228637695312,97.62224578857422,-0.007506296504288912
36023545077,0,70.54556587385179,192.5594024658203,97.79395294189453,-0.007504694163799286
36048545077,0,70.71619371014856,192.5563507080078,97.96556091308594,-0.007503359112888575
36073545077,0,70.88671956074069,192.55316162109375,98.1370849609375,-0.007502519991248846
36098545078,0,71.05712056416094,192.5498809814453,98.30850219726562,-0.007501794956624508
36123545078,0,71.22765983437394,192.54649353027344,98.4798355102539,-0.007501375395804644
36148545078,0,71.39793493155369,192.5430450439453,98.65106964111328,-0.0075011467561125755
36173545079,0,71.56809344224095,192.53948974609375,98.82220458984375,-0.007501032203435898
36198545079,0,71.73625080791442,192.5359344482422,98.9910888671875,-0.007338335271924734
36223545080,0,71.90281065331642,192.53236389160156,99.15824127197266,-0.007129213772714138
36248545080,0,72.06845517576815,192.52874755859375,99.32437896728516,-0.00695705646649003
36273545080,0,72.23359327033458,192.5251007080078,99.49024963378906,-0.006868746131658554
36298545081,0,72.39888086924473,192.5208740234375,99.65641021728516,-0.006878778804093599
36323545081,0,72.56492618172919,192.51632690429688,99.82329559326172,-0.0069799828343093395
36348545081,0,72.73225218948346,192.5115966796875,99.99122619628906,-0.007154428865760565
36373545082,0,72.90093714297832,192.5066680908203,100.16044616699219,-0.00738086923956871
36398545082,0,73.07114635987843,192.50155639648438,100.33112335205078,-0.007639887277036905
36423545083,0,73.2426599210248,192.4962615966797,100.50340270996094,-0.007914659567177296
36448545083,0,73.41623551291555,192.4907989501953,100.67738342285156,-0.008190424181520939
36473545083,0,73.59060872457489,192.4851531982422,100.85297393798828,-0.008446047082543373
36498545084,0,73.76613762427169,192.47935485839844,101.0299301147461,-0.008654672652482986
36523545084,0,73.94193021652487,192.47344970703125,101.20743560791016,-0.008762133307754993
36548545084,0,74.11671809993608,192.46693420410156,101.38389587402344,-0.008687135763466358
36573545085,0,74.28923398832119,192.4601287841797,101.55762481689453,-0.00838157907128334
36598545085,0,74.45897713125515,192.45321655273438,101.7283935546875,-0.00794216338545084
36623545086,0,74.62629925886806,192.4461669921875,101.8973388671875,-0.00752647640183568
36648545086,0,74.79268088934306,192.43898010253906,102.06546783447266,-0.007218134123831987
36673545086,0,74.95817671591911,192.43165588378906,102.23289489746094,-0.007002909202128649
36698545087,0,75.12342343316523,192.4241943359375,102.39994049072266,-0.006877634208649397
36723545087,0,75.28859640200152,192.41656494140625,102.56700897216797,-0.006844446528702974
36748545087,0,75.45443193226517,192.40879821777344,102.73455810546875,-0.006903879344463348
36773545088,0,75.62128883848271,192.40084838867188,102.90298461914062,-0.007043840829282999
36798545088,0,75.78896896332027,192.3927459716797,103.07255554199219,-0.007245332933962345
36823545088,0,75.95802473528657,192.38381958007812,103.24343872070312,-0.007486460264772177
36848545089,0,76.12893396199473,192.37440490722656,103.41580200195312,-0.007751810364425182
36873545089,0,76.3010024985344,192.36463928222656,103.58977508544922,-0.00802532397210598
36898545090,0,76.47501791652434,192.3545684814453,103.76527404785156,-0.008282091468572617
36923545090,0,76.65010935173464,192.3441925048828,103.94197082519531,-0.008490487933158875
36948545090,0,76.82572017962258,192.33358764648438,104.11904907226562,-0.008595316670835018
36973545091,0,77.00009673435383,192.32289123535156,104.29488372802734,-0.008512651547789574
36998545091,0,77.17161190144097,192.3122100830078,104.46785736083984,-0.008201677352190018
37023545091,0,77.33991365974693,192.30154418945312,104.6378402709961,-0.007764665875583887
37048545092,0,77.50724961456821,192.2908172607422,104.806396484375,-0.007390710990875959
37073545092,0,77.67338578180465,192.280029296875,104.9740982055664,-0.007112924940884113
37098545093,0,77.8394572339468,192.2685089111328,105.14102935791016,-0.006917879451066256
37123545093,0,78.00446099809734,192.25657653808594,105.30752563476562,-0.006806986406445503
37148545093,0,78.1698588996353,192.24436950683594,105.47401428222656,-0.00678516598418355
37173545094,0,78.3357560520445,192.23187255859375,105.64095306396484,-0.0068535637110471725
37198545094,0,78.50216389863319,192.2190704345703,105.80874633789062,-0.007001192308962345
37223545094,0,78.66968289762062,192.2059783935547,105.9776840209961,-0.007209360599517822
37248545095,0,78.83855521230481,192.1925506591797,106.14794921875,-0.007458421867340803
37273545095,0,79.0092841142812,192.17886352539062,106.3197250366211,-0.007730676792562008
37298545096,0,79.18169905595438,192.16490173339844,106.49310302734375,-0.00800976064056158
37323545096,0,79.35565545621449,192.15061950683594,106.66804504394531,-0.008272898383438587
37348545096,0,79.53085986874139,192.1354217529297,106.84416961669922,-0.008488618768751621
37373545097,0,79.70661006914119,192.1197052001953,107.02076721191406,-0.008606874383985996
37398545097,0,79.88176387834423,192.10374450683594,107.19656372070312,-0.00856498908251524
37423545097,0,80.05429602061956,192.0877227783203,107.36980438232422,-0.008298913948237896
37448545098,0,80.22353332918236,192.0717315673828,107.54015350341797,-0.007892420515418053
37473545098,0,80.39084486371651,192.05567932128906,107.7087173461914,-0.007503359112888575
37498545099,0,80.55724374152076,192.0395050048828,107.87642669677734,-0.007212068885564804
37523545099,0,80.72297299461002,192.02317810058594,108.04345703125,-0.007006837986409664
37548545099,0,80.88832221486788,192.00672912597656,108.21006774902344,-0.006887170951813459
37573545100,0,81.05401760972993,191.9901123046875,108.376708984375,-0.006856882479041815
37598545100,0,81.2204381361313,191.97329711914062,108.54381561279297,-0.006917002145200968
37623545100,0,81.38784052105227,191.95556640625,108.71168518066406,-0.0070533775724470615
37648545101,0,81.55568832703183,191.93724060058594,108.88063049316406,-0.007251284085214138
37673545101,0,81.72499996732442,191.91847229003906,109.05089569091797,-0.007491648197174072
37698545102,0,81.8948729396495,191.89935302734375,109.22195434570312,-0.007698023226112127
37723545102,0,82.06457290292212,191.87998962402344,109.39276123046875,-0.0078057884238660336
37748545102,0,82.23417966821555,191.86044311523438,109.56339263916016,-0.00785030610859394
37773545103,0,82.40355272007822,191.84068298339844,109.73387145996094,-0.00785595178604126
37798545103,0,82.57272362550961,191.82073974609375,109.90422821044922,-0.007838403806090355
37823545103,0,82.74200481962485,191.80064392089844,110.0744400024414,-0.007808611262589693
37848545104,0,82.91102904059699,191.78038024902344,110.24454498291016,-0.007773516234010458
37873545104,0,83.07990604385387,191.75999450683594,110.41453552246094,-0.007737314328551292
37898545105,0,83.248897582143,191.73876953125,110.58432006835938,-0.007699854206293821
37923545105,0,83.41785718079738,191.717041015625,110.75395202636719,-0.007665445562452078
37948545105,0,83.58656500714098,191.69505310058594,110.92344665527344,-0.007635309360921383
37973545106,0,83.75486707427908,191.6728057861328,111.09281158447266,-0.0076099419966340065
37998545106,0,83.92273230982522,191.65028381347656,111.26204681396484,-0.007588617503643036
38023545106,0,84.09072031969671,191.62757873535156,111.43119049072266,-0.007571222726255655
38048545107,0,84.25876847048804,191.60464477539062,111.60020446777344,-0.007557032164186239
38073545107,0,84.42680159284195,191.5814971923828,111.76909637451172,-0.00754532078281045
38098545107,0,84.5952169020002,191.55819702148438,111.93789672851562,-0.007535822223871946
38123545108,0,84.7644899688837,191.53475952148438,112.1065673828125,-0.007528231013566256
38148545108,0,84.9335504343641,191.51048278808594,112.27501678466797,-0.007519228383898735
38173545109,0,85.10253440024535,191.48573303222656,112.44329833984375,-0.007511789444833994
38198545109,0,85.27147780650604,191.460693359375,112.61143493652344,-0.007506487425416708
38223545109,0,85.4414482342922,191.43519592285156,112.7806396484375,-0.007594187278300524
38248545110,0,85.61278822136492,191.40921020507812,112.95114135742188,-0.00774849159643054
38273545110,0,85.78555799210207,191.38278198242188,113.12300872802734,-0.007938386872410774
38298545110,0,85.95955717321107,191.35592651367188,113.29608917236328,-0.008129960857331753
38323545111,0,86.13468771969627,191.32872009277344,113.4701156616211,-0.008289606310427189
38348545111,0,86.3099098735343,191.30126953125,113.64454650878906,-0.008381388150155544
38373545112,0,86.48480728456217,191.273681640625,113.8184814453125,-0.008357889018952847
38398545112,0,86.65778093039512,191.2462921142578,113.99040985107422,-0.008153574541211128
38423545112,0,86.82844904964658,191.21836853027344,114.16008758544922,-0.00784630049020052
38448545113,0,86.99801036571841,191.19017028808594,114.32854461669922,-0.007565882056951523
38473545113,0,87.16709782502468,191.16172790527344,114.49649047851562,-0.007363321725279093
38498545113,0,87.3358107347245,191.133056640625,114.6640625,-0.007229463662952185
38523545114,0,87.50427671708644,191.10414123535156,114.83148956298828,-0.007163546048104763
38548545114,0,87.67300456560093,191.07492065429688,114.99913024902344,-0.007166864816099405
38573545115,0,87.84217183999115,191.04537963867188,115.16731262207031,-0.00723667349666357
38598545115,0,88.01243074403067,191.0155029296875,115.33627319335938,-0.0073619866743683815
38623545115,0,88.1837416774731,190.9852752685547,115.50617980957031,-0.007524378132075071
38648545116,0,88.35611398694105,190.95468139648438,115.67704010009766,-0.00770130380988121
38673545116,0,88.5290510040278,190.92379760742188,115.84873962402344,-0.007868768647313118
38698545116,0,88.70275222745992,190.8919219970703,116.0208969116211,-0.00800243578851223
38723545117,0,88.87672755187586,190.85948181152344,116.19332122802734,-0.008087999187409878
38748545117,0,89.05052040865958,190.82675170898438,116.36566162109375,-0.008113977499306202
38773545118,0,89.22362596535815,190.79380798339844,116.53746032714844,-0.008063700050115585
38798545118,0,89.39587742553304,190.76075744628906,116.70821380615234,-0.007936517708003521
38823545118,0,89.56727611662697,190.72767639160156,116.8780517578125,-0.007779581472277641
38848545119,0,89.73797405594534,190.69448852539062,117.04725646972656,-0.007630121428519487
38873545119,0,89.90815459850953,190.66116333007812,117.21587371826172,-0.007499086670577526
38898545119,0,90.07821616408091,190.6277618408203,117.38408660888672,-0.007398569490760565
38923545120,0,90.24772605542292,190.59420776367188,117.55209350585938,-0.007336351554840803
38948545120,0,90.41721686538976,190.55978393554688,117.71994018554688,-0.007314951159060001
38973545121,0,90.58687668676956,190.52484130859375,117.88792419433594,-0.007335436064749956
38998545121,0,90.75698324611808,190.48947143554688,118.05623626708984,-0.007393533829599619
39023545121,0,90.92772115044671,190.4536895751953,118.2249755859375,-0.007479021325707436
39048545122,0,91.098995315266,190.4175567626953,118.39421844482422,-0.00757923349738121
39073545122,0,91.27067246340798,190.3810577392578,118.56390380859375,-0.007680513896048069
39098545122,0,91.44242579960859,190.34423828125,118.73395538330078,-0.0077690910547971725
39123545123,0,91.61458029444346,190.30718994140625,118.90420532226562,-0.007834360003471375
39148545123,0,91.78670290588012,190.2698974609375,119.07453155517578,-0.00786918867379427
39173545124,0,91.95876891735378,190.23243713378906,119.24472045898438,-0.007870524190366268
39198545124,0,92.13064163989048,190.1949005126953,119.41464233398438,-0.007840234786272049
39223545124,0,92.30208366745586,190.1565704345703,119.58403015136719,-0.007782175205647945
39248545125,0,92.47303587081208,190.1178741455078,119.75289154052734,-0.007706987671554089
39273545125,0,92.64348264675905,190.07891845703125,119.92125701904297,-0.007626802660524845
39298545125,0,92.81350579202905,190.03977966308594,120.08921813964844,-0.007551310118287802
39323545126,0,92.9833596016361,190.00042724609375,120.25684356689453,-0.007489931304007769
39348545126,0,93.15280019529723,189.9608612060547,120.42428588867188,-0.007449037861078978
39373545126,0,93.3222444869886,189.9210968017578,120.59166717529297,-0.007432787213474512
39398545127,0,93.49177860501962,189.88107299804688,120.75908660888672,-0.007440950721502304
39423545127,0,93.66172187826753,189.84083557128906,120.92667388916016,-0.007471468299627304
39448545128,0,93.83181628162345,189.80035400390625,121.09449768066406,-0.007519190199673176
39473545128,0,94.00196388690968,189.7589569091797,121.26239013671875,-0.007573206443339586
39498545128,0,94.17223496348268,189.71701049804688,121.4304428100586,-0.007630083244293928
39523545129,0,94.34281961253583,189.67466735839844,121.5986557006836,-0.007682764437049627
39548545129,0,94.51368390033382,189.63198852539062,121.7669677734375,-0.007724573370069265
39573545129,0,94.68443819392554,189.58901977539062,121.935302734375,-0.007750703953206539
39598545130,0,94.85533824654814,189.5458221435547,122.10356903076172,-0.007758638821542263
39623545130,0,95.02604201863772,189.50241088867188,122.27169036865234,-0.00774849159643054
39648545131,0,95.19681538021818,189.4588623046875,122.43956756591797,-0.007722895126789808
39673545131,0,95.36725872857126,189.41514587402344,122.6072006225586,-0.007685854099690914
39698545131,0,95.53714772947056,189.371337890625,122.7745590209961,-0.0076428246684372425
39723545132,0,95.70713686684766,189.32737731933594,122.94180297851562,-0.007609674707055092
39748545132,0,95.87667417484087,189.28260803222656,123.10871124267578,-0.007581140846014023
39773545132,0,96.0461865499159,189.2373809814453,123.275390625,-0.007558863144367933
39798545133,0,96.21468055092863,189.1918487548828,123.44190216064453,-0.00754188746213913
39823545133,0,96.38255866557029,189.14608764648438,123.60824584960938,-0.007529146503657103
39848545134,0,96.55062465863895,189.10006713867188,123.7744369506836,-0.007520067505538464
39873545134,0,96.71814227056494,189.05386352539062,123.94047546386719,-0.00751339178532362
39898545134,0,96.88596948550934,189.00746154785156,124.10636138916016,-0.007508737966418266
39923545135,0,97.05373402252201,188.9608612060547,124.2721176147461,-0.007505609653890133
39948545135,0,97.22120191020497,188.91409301757812,124.43772888183594,-0.007503206375986338
39973545135,0,97.38861974074403,188.86720275878906,124.60321044921875,-0.007501604501157999
39998545136,0,97.55550037642244,188.8195343017578,124.76834869384766,-0.007497637066990137
40023545136,0,97.72280871811088,188.77137756347656,124.93324279785156,-0.007494203746318817
40048545137,0,97.88959806607082,188.7229461669922,125.09794616699219,-0.007491991389542818
40073545137,0,98.05641769445847,188.6742401123047,125.2624740600586,-0.007490884978324175
40098545137,0,98.22317746641869,188.62530517578125,125.42684173583984,-0.007490694522857666
40123545138,0,98.39058458251766,188.576171875,125.59104919433594,-0.007490961346775293
40148545138,0,98.55804326512013,188.52685546875,125.75511169433594,-0.007491724099963903
40173545138,0,98.72508330535784,188.4773406982422,125.91903686523438,-0.007492220029234886
40198545139,0,98.89219368660041,188.4276885986328,126.08281707763672,-0.007493173703551292
40223545139,0,99.05841666631906,188.37814331054688,126.24565124511719,-0.007423784583806992
40248545140,0,99.22242654198482,188.32913208007812,126.40623474121094,-0.007226717192679644
40273545140,0,99.38503234287944,188.2797088623047,126.56527709960938,-0.00702991709113121
40298545140,0,99.54673066634608,188.22998046875,126.7236557006836,-0.006903192959725857
40323545141,0,99.70875647098767,188.17990112304688,126.882080078125,-0.006875879596918821
40348545141,0,99.87120210895792,188.12936401367188,127.0409927368164,-0.006945306900888681
40373545141,0,100.03434676527093,188.0782928466797,127.20073699951172,-0.007095224689692259
40398545142,0,100.19882960794968,188.0266571044922,127.361572265625,-0.007304956670850515
40423545142,0,100.3647459720703,187.97433471679688,127.52369689941406,-0.007553522475063801
40448545143,0,100.53183180933438,187.92135620117188,127.68724060058594,-0.00782341230660677
40473545143,0,100.70075666613052,187.86769104003906,127.8523178100586,-0.008099138736724854
40498545143,0,100.8714612920157,187.81333923339844,128.01893615722656,-0.008362733758985996
40523545144,0,101.0434611671462,187.7583770751953,128.1868896484375,-0.008588602766394615
40548545144,0,101.21621156873378,187.7023162841797,128.35533142089844,-0.008729632012546062
40573545144,0,101.388462264906,187.64588928222656,128.5233612060547,-0.008730203844606876
40598545145,0,101.55877636461953,187.58984375,128.6892547607422,-0.008510439656674862
40623545145,0,101.72561550279738,187.53453063964844,128.85205078125,-0.008095171302556992
40648545145,0,101.88970528141591,187.4798583984375,129.01210021972656,-0.007614328525960445
40673545146,0,102.05269562708975,187.42529296875,129.17112731933594,-0.007249033078551292
40698545146,0,102.21501757707772,187.37074279785156,129.3292999267578,-0.006987421307712793
40723545147,0,102.37652425712294,187.31622314453125,129.48684692382812,-0.006818659137934446
40748545147,0,102.53783538803646,187.2615966796875,129.6440887451172,-0.006740991957485676
40773545147,0,102.69936870682976,187.20675659179688,129.8014678955078,-0.006756555754691362
40798545148,0,102.86136705142636,187.15089416503906,129.95913696289062,-0.006857988890260458
40823545148,0,103.0243442164721,187.09423828125,130.1175537109375,-0.007032396737486124
40848545148,0,103.1883564571912,187.03689575195312,130.2770233154297,-0.007260934915393591
40873545149,0,103.35393075195125,186.978759765625,130.43772888183594,-0.007524301763623953
40898545149,0,103.52087563190968,186.91986083984375,130.59983825683594,-0.007805597502738237
40923545150,0,103.68905521122983,186.86013793945312,130.76341247558594,-0.008088839240372181
40948545150,0,103.85902627192465,186.7996368408203,130.92843627929688,-0.008351938799023628
40973545150,0,104.03023021186509,186.73851013183594,131.09458923339844,-0.008566400967538357
40998545151,0,104.20172813415132,186.6770477294922,131.26112365722656,-0.008677332662045956
41023545151,0,104.37226911877437,186.6157989501953,131.42657470703125,-0.008602793328464031
41048545151,0,104.53992655412621,186.5553741455078,131.58935546875,-0.008297541178762913
41073545152,0,104.70463021267355,186.49517822265625,131.74905395507812,-0.007858965545892715
41098545152,0,104.86742316493786,186.43511962890625,131.9070281982422,-0.007461778819561005
41123545153,0,105.02936850153206,186.37506103515625,132.06411743164062,-0.007167093455791473
41148545153,0,105.19063550186141,186.31495666503906,132.220458984375,-0.006961672101169825
41173545153,0,105.35137518519672,186.2547607421875,132.37632751464844,-0.006843912415206432
41198545154,0,105.51234236963612,186.1943359375,132.53216552734375,-0.006816713605076075
41223545154,0,105.67383969916644,186.13351440429688,132.68836975097656,-0.006880457047373056
41248545154,0,105.83607462693446,186.0721893310547,132.84530639648438,-0.007023890037089586
41273545155,0,105.99937895681339,186.01026916503906,133.00323486328125,-0.007228700909763575
41298545155,0,106.16414024838144,185.9477081298828,133.16238403320312,-0.007474672514945269
41323545156,0,106.33010717595532,185.8844451904297,133.32290649414062,-0.007744485978037119
41348545156,0,106.49739228955613,185.8197784423828,133.4845733642578,-0.00801769457757473
41373545156,0,106.66602147856553,185.7540740966797,133.64749145507812,-0.008274347521364689
41398545157,0,106.83588404122005,185.68759155273438,133.81143188476562,-0.00848434679210186
41423545157,0,107.00605337838806,185.6206817626953,133.9756622314453,-0.00859348475933075
41448545157,0,107.17516510564988,185.55392456054688,134.13880920410156,-0.008526155725121498
41473545158,0,107.34144094264981,185.4879608154297,134.29931640625,-0.008232385851442814
41498545158,0,107.50493737235287,185.42294311523438,134.45703125,-0.00780811533331871
41523545159,0,107.6668918667312,185.3582763671875,134.61328125,-0.007433474063873291
41548545159,0,107.82811612798841,185.2937774658203,134.76869201660156,-0.007153818383812904
41573545159,0,107.98875974937947,185.2293701171875,134.92340087890625,-0.006957933772355318
41598545160,0,108.1486777360244,185.164306640625,135.07737731933594,-0.0068431878462433815
41623545160,0,108.30843819108017,185.09878540039062,135.23117065429688,-0.006816179491579533
41648545160,0,108.46848742863115,185.0327911376953,135.38528442382812,-0.006879579741507769
41673545161,0,108.62973134603484,184.96617126464844,135.54006958007812,-0.007022592704743147
41698545161,0,108.79184917222773,184.8988800048828,135.69581604003906,-0.007226869929581881
41723545162,0,108.95543435980788,184.830810546875,135.85272216796875,-0.007472841534763575
41748545162,0,109.11978323433571,184.76223754882812,136.01028442382812,-0.007683069445192814
41773545162,0,109.28371855929967,184.6935577392578,136.16758728027344,-0.0077939629554748535
41798545163,0,109.4473408075285,184.62478637695312,136.3246612548828,-0.007841150276362896
41823545163,0,109.61071017141305,184.55587768554688,136.48155212402344,-0.007848970592021942
41848545163,0,109.77389704380369,184.4868927001953,136.63827514648438,-0.007832910865545273
41873545164,0,109.93695399421784,184.41714477539062,136.79452514648438,-0.00780189735814929
41898545164,0,110.09960162815982,184.3470001220703,136.95046997070312,-0.007764780428260565
41923545164,0,110.26210326540253,184.27659606933594,137.106201171875,-0.007727701682597399
41948545165,0,110.42459355150187,184.2059783935547,137.26173400878906,-0.007692873477935791
41973545165,0,110.58673986234102,184.13514709472656,137.41708374023438,-0.0076613640412688255
41998545166,0,110.74873336432933,184.06417846679688,137.57223510742188,-0.007633554749190807
42023545166,0,110.9106783607692,183.9929962158203,137.7272186279297,-0.007609598338603973
42048545166,0,111.0724065119326,183.9216766357422,137.88204956054688,-0.007589571177959442
42073545167,0,111.23406740815187,183.85023498535156,138.03672790527344,-0.007572672329843044
42098545167,0,111.39579959269034,183.77867126464844,138.19125366210938,-0.007558595854789019
42123545167,0,111.55733587811066,183.70700073242188,138.3456268310547,-0.007546999491751194
42148545168,0,111.71874683683143,183.6345977783203,138.49954223632812,-0.0075345635414123535
42173545168,0,111.87999262622571,183.561767578125,138.6531524658203,-0.007524378132075071
42198545169,0,112.04095689293185,183.48873901367188,138.80653381347656,-0.007516443729400635
42223545169,0,112.20165913712577,183.41546630859375,138.959716796875,-0.007510492578148842
42248545169,0,112.36244440795177,183.34201049804688,139.1127166748047,-0.007506677880883217
42273545170,0,112.52397822457652,183.26780700683594,139.26661682128906,-0.007596208713948727
42298545170,0,112.68668952507147,183.19281005859375,139.4216766357422,-0.007753794081509113
42323545170,0,112.85062820216544,183.11700439453125,139.57794189453125,-0.007947771809995174
42348545171,0,113.01596773232384,183.0404510498047,139.73533630371094,-0.008145486935973167
42373545171,0,113.18218544946224,182.9632568359375,139.89358520507812,-0.008314134553074837
42398545172,0,113.34863068513488,182.885009765625,140.052001953125,-0.008420221507549286
42423545172,0,113.51495842030378,182.80642700195312,140.20997619628906,-0.008422625251114368
42448545172,0,113.6794156017222,182.72840881347656,140.36602783203125,-0.008230745792388916
42473545173,0,113.8413306849371,182.65126037597656,140.51974487304688,-0.007902261801064014
42498545173,0,114.00177759771,182.57460021972656,140.671875,-0.007572328671813011
42523545173,0,114.16180789062042,182.49790954589844,140.82350158691406,-0.007340623997151852
42548545174,0,114.32136787956497,182.421142578125,140.9747314453125,-0.007191507611423731
42573545174,0,114.48051820014756,182.34420776367188,141.1258087158203,-0.007118799723684788
42598545175,0,114.6400149898103,182.2670135498047,141.2770233154297,-0.007120744790881872
42623545175,0,114.80025458605748,182.18934631347656,141.42869567871094,-0.007194559555500746
42648545175,0,114.9614989365633,182.1111602783203,141.58108520507812,-0.007328836712986231
42673545176,0,115.12338742391489,182.0316925048828,141.73402404785156,-0.007501985877752304
42698545176,0,115.28633387500321,181.95130920410156,141.8876953125,-0.007695009466260672
42723545176,0,115.44972651036284,181.87013244628906,142.04212951660156,-0.007882692851126194
42748545177,0,115.61404985954655,181.788330078125,142.19715881347656,-0.008041231893002987
42773545177,0,115.77857133039893,181.70606994628906,142.3524627685547,-0.008149721659719944
42798545178,0,115.94315104024602,181.62359619140625,142.50762939453125,-0.00818401575088501
42823545178,0,116.1068798687688,181.5413055419922,142.66200256347656,-0.008113176561892033
42848545178,0,116.26931938980653,181.45947265625,142.8150634765625,-0.007944910787045956
42873545179,0,116.43069647866794,181.37794494628906,142.96714782714844,-0.00775394681841135
42898545179,0,116.59147300674871,181.29652404785156,143.11865234375,-0.007589342538267374
42923545179,0,116.75160470580437,181.21456909179688,143.269287109375,-0.0074530052952468395
42948545180,0,116.91106828761052,181.13232421875,143.41943359375,-0.007356874644756317
42973545180,0,117.07045731444052,181.04981994628906,143.56935119628906,-0.007308466359972954
42998545181,0,117.22983925315394,180.9669952392578,143.7192840576172,-0.007309190928936005
43023545181,0,117.38964254507121,180.8837127685547,143.86941528320312,-0.0073543572798371315
43048545181,0,117.55005108546663,180.7999725341797,144.01988220214844,-0.007434694562107325
43073545182,0,117.71103123109698,180.71575927734375,144.17076110839844,-0.007537157274782658
43098545182,0,117.87247587494994,180.6310577392578,144.3220672607422,-0.007647478487342596
43123545182,0,118.03408294669862,180.54592895507812,144.4737091064453,-0.007750208023935556
43148545183,0,118.19614178381285,180.46047973632812,144.62557983398438,-0.007832224480807781
43173545183,0,118.3583927757343,180.37478637695312,144.7775421142578,-0.007884141989052296
43198545183,0,118.52018530263788,180.28836059570312,144.92904663085938,-0.007897417061030865
43223545184,0,118.68194451107826,180.20159912109375,145.08010864257812,-0.007875139825046062
43248545184,0,118.8432145286632,180.11471557617188,145.23072814941406,-0.007823030464351177
43273545185,0,119.00394446771274,180.02780151367188,145.38082885742188,-0.007749788463115692
43298545185,0,119.1644045779441,179.9408721923828,145.53041076660156,-0.007665941491723061
43323545185,0,119.32439069230877,179.85394287109375,145.67950439453125,-0.007582323160022497
43348545186,0,119.48369354764704,179.7669677734375,145.8282012939453,-0.007509538903832436
43373545186,0,119.64275582578438,179.679931640625,145.97659301757812,-0.007455522660166025
43398545186,0,119.80197424173143,179.5927734375,146.12484741210938,-0.007425920572131872
43423545187,0,119.96106149310147,179.5054473876953,146.27304077148438,-0.007422983646392822
43448545187,0,120.12041930500862,179.4178924560547,146.4213104248047,-0.0074453759007155895
43473545188,0,120.2794754928868,179.3294219970703,146.5693359375,-0.0074853538535535336
43498545188,0,120.4387387369869,179.2404022216797,146.71737670898438,-0.007539675105363131
43523545188,0,120.59821405352224,179.15093994140625,146.86553955078125,-0.007601625751703978
43548545189,0,120.75772760231517,179.06103515625,147.01380920410156,-0.007662851829081774
43573545189,0,120.91740322647004,178.9707794189453,147.16213989257812,-0.007714960258454084
43598545189,0,121.0774252161983,178.8802490234375,147.3104705810547,-0.007751963101327419
43623545190,0,121.23725964713907,178.7895050048828,147.45872497558594,-0.007770121097564697
43648545190,0,121.39725399789447,178.6986083984375,147.60678100585938,-0.007768099196255207
43673545191,0,121.55679371409312,178.60765075683594,147.75462341308594,-0.007747423369437456
43698545191,0,121.7164152214801,178.51666259765625,147.90219116210938,-0.007712137419730425
43723545191,0,121.875505514313,178.425048828125,148.04905700683594,-0.007664720993489027
43748545192,0,122.03415228176924,178.33316040039062,148.1954345703125,-0.007614519447088242
43773545192,0,122.19248652779861,178.24102783203125,148.34156799316406,-0.0075784707441926
43798545192,0,122.3509190009603,178.14871215820312,148.4874725341797,-0.007552339695394039
43823545193,0,122.50881970416975,178.05616760253906,148.63314819335938,-0.007534372620284557
43848545193,0,122.66646634397803,177.96347045898438,148.77862548828125,-0.007521402556449175
43873545194,0,122.82406189803763,177.87063598632812,148.9239044189453,-0.007512895856052637
43898545194,0,122.98181401011863,177.7776641845703,149.06898498535156,-0.007506906986236572
43923545194,0,123.13931564029113,177.68458557128906,149.21389770507812,-0.007503015920519829
43948545195,0,123.29690347302014,177.59140014648438,149.358642578125,-0.007500574458390474
43973545195,0,123.45433381878173,177.4981231689453,149.5032196044922,-0.007498972117900848
43998545195,0,123.61135226739833,177.4041748046875,149.647216796875,-0.007495157420635223
44023545196,0,123.76787553481023,177.3098602294922,149.79086303710938,-0.0074919150210917
44048545196,0,123.9241622131298,177.21533203125,149.9342498779297,-0.007490045856684446
44073545197,0,124.08053140219198,177.12060546875,150.077392578125,-0.007489359006285667
44098545197,0,124.23683652089646,177.02572631835938,150.22032165527344,-0.007489359006285667
44123545197,0,124.39307017324856,176.9306640625,150.363037109375,-0.00748985493555665
44148545198,0,124.54856320841104,176.83547973632812,150.50555419921875,-0.007490694522857666
44173545198,0,124.7042354430081,176.7401885986328,150.6478729248047,-0.007491610012948513
44198545198,0,124.86008056437544,176.64476013183594,150.79000854492188,-0.0074926018714904785
44223545199,0,125.01546447006051,176.5492706298828,150.93199157714844,-0.007493402808904648
44248545199,0,125.17037536643448,176.453125,151.07339477539062,-0.007491457276046276
44273545200,0,125.3244375349672,176.35708618164062,151.2137451171875,-0.0074192071333527565
44298545200,0,125.47630305981113,176.26214599609375,151.35202026367188,-0.007221491076052189
44323545200,0,125.62692551064796,176.1676788330078,151.4890594482422,-0.0070291543379426
44348545201,0,125.77677564396889,176.07325744628906,151.62554931640625,-0.00691002095118165
44373545201,0,125.92679206842004,175.97854614257812,151.7620391845703,-0.006889574229717255
44398545201,0,126.07718653898148,175.88327026367188,151.89892578125,-0.006964876316487789
44423545202,0,126.22882511580225,175.78726196289062,152.03651428222656,-0.007118456065654755
44448545202,0,126.38143182357724,175.69039916992188,152.1750030517578,-0.007330324500799179
44473545202,0,126.5354740068557,175.5925750732422,152.31455993652344,-0.007579767610877752
44498545203,0,126.69055057275958,175.4937286376953,152.45530700683594,-0.007849390618503094
44523545203,0,126.84684640872653,175.39321899414062,152.59690856933594,-0.008120386861264706
44548545204,0,127.00450089937989,175.29135131835938,152.73956298828125,-0.008378679864108562
44573545204,0,127.16343541866983,175.18833923339844,152.88319396972656,-0.008598596788942814
44598545204,0,127.3229996462222,175.0846405029297,153.0272979736328,-0.008734590373933315
44623545205,0,127.48211384510041,174.98092651367188,153.17092895507812,-0.008726083673536777
44648545205,0,127.63926837328161,174.87835693359375,153.31263732910156,-0.008495104499161243
44673545205,0,127.79336351113363,174.7774200439453,153.45166015625,-0.008076860569417477
44698545206,0,127.945083961543,174.67788696289062,153.58839416503906,-0.007604753598570824
44723545206,0,128.09602267396468,174.57875061035156,153.7242889404297,-0.00725197046995163
44748545207,0,128.24615213312714,174.47991943359375,153.85946655273438,-0.0070005059242248535
44773545207,0,128.3959840881695,174.3812713623047,153.9940948486328,-0.006842081435024738
44798545207,0,128.54507578236525,174.2820281982422,154.1280517578125,-0.006772882770746946
44823545208,0,128.69424473058393,174.18226623535156,154.261962890625,-0.006796953734010458
44848545208,0,128.8437597117313,174.08181762695312,154.39622497558594,-0.006909067276865244
44873545208,0,128.9943095141539,173.98052978515625,154.5311737060547,-0.007092096842825413
44898545209,0,129.14604440970743,173.87826538085938,154.66696166992188,-0.007325899321585894
44923545209,0,129.2990585590359,173.77491760253906,154.80377197265625,-0.007591364439576864
44948545210,0,129.45335333760744,173.67044067382812,154.9417266845703,-0.00787121057510376
44973545210,0,129.60910273756105,173.56480407714844,155.08087158203125,-0.008149721659719944
44998545210,0,129.76620107848802,173.45809936523438,155.2211456298828,-0.008400842547416687
45023545211,0,129.924343742066,173.3505401611328,155.3621826171875,-0.008593637496232986
45048545211,0,130.08223597965807,173.24215698242188,155.5028839111328,-0.008670122362673283
45073545211,0,130.23851172637276,173.13441467285156,155.6419677734375,-0.008534281514585018
45098545212,0,130.39180802742547,173.02833557128906,155.77838134765625,-0.00817032065242529
45123545212,0,130.54253828384225,172.92385864257812,155.91221618652344,-0.007700197398662567
45148545213,0,130.69234591851378,172.81997680664062,156.0448760986328,-0.007318613585084677
45173545213,0,130.84076350644065,172.71641540527344,156.1766815185547,-0.007037699222564697
45198545213,0,130.98874686167295,172.61314392089844,156.30780029296875,-0.006845095194876194
45223545214,0,131.1359880163629,172.5099639892578,156.43844604492188,-0.006739427801221609
45248545214,0,131.2832522099905,172.40660095214844,156.56898498535156,-0.0067238640040159225
45273545214,0,131.43089054794333,172.30282592773438,156.69981384277344,-0.0067992424592375755
45298545215,0,131.57923773243635,172.19839477539062,156.83119201660156,-0.006953470408916473
45323545215,0,131.72843041244943,172.09259033203125,156.96292114257812,-0.007164728362113237
45348545216,0,131.87853542990774,171.98556518554688,157.0953826904297,-0.007416765671223402
45373545216,0,132.0299546804961,171.87733459472656,157.22882080078125,-0.00769291166216135
45398545216,0,132.18282002808903,171.76785278320312,157.3633575439453,-0.007976992055773735
45423545217,0,132.33669237656935,171.65711975097656,157.49899291992188,-0.008250963874161243
45448545217,0,132.49201024567114,171.54527282714844,157.63560485839844,-0.008489572443068027
45473545217,0,132.64829628754683,171.43263244628906,157.77281188964844,-0.008655207231640816
45498545218,0,132.804543747317,171.31988525390625,157.9098663330078,-0.008693468756973743
45523545218,0,132.9589250901905,171.2081756591797,158.0453338623047,-0.00851486437022686
45548545219,0,133.11044197043918,171.09841918945312,158.17819213867188,-0.008119546808302402
45573545219,0,133.25930552714357,170.99050903320312,158.30857849121094,-0.007629358675330877
45598545219,0,133.4065362168048,170.8826904296875,158.4374542236328,-0.007240640930831432
45623545220,0,133.5528537085864,170.7751007080078,158.56532287597656,-0.006955873686820269
45648545220,0,133.69861083974507,170.6677703857422,158.69239807128906,-0.006763575132936239
45673545220,0,133.8438696847152,170.5605010986328,158.81895446777344,-0.0066613792441785336
45698545221,0,133.98922506138058,170.45301818847656,158.9453582763672,-0.006650965195149183
45723545221,0,134.1348896627903,170.34507751464844,159.07196044921875,-0.006732828449457884
45748545221,0,134.28085541300584,170.23638916015625,159.19908142089844,-0.006894037593156099
45773545222,0,134.42760370889377,170.12681579589844,159.32693481445312,-0.007116052787750959
45798545222,0,134.57564771648373,170.01622009277344,159.45570373535156,-0.00737823685631156
45823545223,0,134.72487342863073,169.904541015625,159.58551025390625,-0.007663004100322723
45848545223,0,134.8739839549624,169.79281616210938,159.71514892578125,-0.007824861444532871
45873545223,0,135.02282744265403,169.6805419921875,159.84408569335938,-0.007897493429481983
45898545224,0,135.17169414528104,169.56800842285156,159.9725799560547,-0.007915842346847057
45923545224,0,135.31972060810665,169.45530700683594,160.10076904296875,-0.007901957258582115
45948545224,0,135.46766889368308,169.3424530029297,160.2286834716797,-0.007870256900787354
45973545225,0,135.6153985604714,169.22946166992188,160.35635375976562,-0.007830888964235783
45998545225,0,135.76319089023784,169.11636352539062,160.48379516601562,-0.0077886986546218395
46023545226,0,135.91069320234777,169.00314331054688,160.6110076904297,-0.007747461553663015
46048545226,0,136.05812268647358,168.8898468017578,160.738037109375,-0.007708818651735783
46073545226,0,136.20537088517293,168.7764434814453,160.86488342285156,-0.007674562744796276
46098545227,0,136.352519334211,168.6630096435547,160.99156188964844,-0.0076445029117167
46123545227,0,136.4991791646571,168.54896545410156,161.11756896972656,-0.007615778129547834
46148545227,0,136.64547005514777,168.43463134765625,161.24314880371094,-0.0075912498869001865
46173545228,0,136.791525527892,168.3201141357422,161.36846923828125,-0.007571374997496605
46198545228,0,136.937640771397,168.2054443359375,161.49351501464844,-0.007555238902568817
46223545229,0,137.08356624769087,168.09066772460938,161.6183319091797,-0.007542993873357773
46248545229,0,137.22926367978016,167.9757537841797,161.742919921875,-0.007532923016697168
46273545229,0,137.37500934671183,167.86073303222656,161.86727905273438,-0.007525331806391478
46298545230,0,137.52058782181103,167.74562072753906,161.99143981933594,-0.007519152015447617
46323545230,0,137.6659065808374,167.63043212890625,162.11541748046875,-0.007514612283557653
46348545230,0,137.81165992372638,167.5148468017578,162.23953247070312,-0.007548982743173838
46373545231,0,137.95845935652778,167.39816284179688,162.3646240234375,-0.007679750677198172
46398545231,0,138.10638286455736,167.2798614501953,162.4901580810547,-0.00785999558866024
46423545232,0,138.25540661415707,167.16015625,162.61642456054688,-0.008064844645559788
46448545232,0,138.40542231825583,167.039306640625,162.74343872070312,-0.008263323456048965
46473545232,0,138.55619593012847,166.91754150390625,162.87098693847656,-0.008424456231296062
46498545233,0,138.70702462947654,166.7952880859375,162.99864196777344,-0.008504183031618595
46523545233,0,138.8575425193334,166.67335510253906,163.1256103515625,-0.008449938148260117
46548545233,0,139.0061009688713,166.5528106689453,163.2508087158203,-0.008204920217394829
46573545234,0,139.152558472584,166.43359375,163.3743133544922,-0.007873003371059895
46598545234,0,139.2980937037548,166.31497192382812,163.4969482421875,-0.007583963684737682
46623545235,0,139.44323716962538,166.196533203125,163.619140625,-0.0073761772364377975
46648545235,0,139.5881749427242,166.0782012939453,163.74098205566406,-0.00723873358219862
46673545235,0,139.73252414072192,165.95933532714844,163.86215209960938,-0.00716789485886693
46698545236,0,139.87669514265193,165.8399200439453,163.98312377929688,-0.007167055271565914
46723545236,0,140.0213965507362,165.71986389160156,164.10430908203125,-0.007235414814203978
46748545236,0,140.16694683187163,165.59898376464844,164.22589111328125,-0.0073629021644592285
46773545237,0,140.31303607393733,165.47718811035156,164.34803771972656,-0.007530481554567814
46798545237,0,140.46019413829026,165.3544464111328,164.4707794189453,-0.007714960258454084
46823545238,0,140.60802686293746,165.23089599609375,164.593994140625,-0.00789131410419941
46848545238,0,140.75662475964984,165.10667419433594,164.71762084960938,-0.008036729879677296
46873545238,0,140.90525424418001,164.98204040527344,164.8413848876953,-0.00813183095306158
46898545239,0,141.053824275042,164.85731506347656,164.96498107910156,-0.008156626485288143
46923545239,0,141.20131905268724,164.73252868652344,165.08741760253906,-0.008083650842308998
46948545239,0,141.34783351230396,164.60826110839844,165.20863342285156,-0.007926256395876408
46973545240,0,141.49314332931476,164.48440551757812,165.32896423339844,-0.0077491020783782005
46998545240,0,141.6378136673993,164.3607635498047,165.4486846923828,-0.007591593079268932
47023545240,0,141.78213987952498,164.2372589111328,165.56787109375,-0.0074624656699597836
47048545241,0,141.92585951930164,164.11380004882812,165.68667602539062,-0.007370874751359224
47073545241,0,142.0696588963344,163.990234375,165.8052520751953,-0.007323572412133217
47098545242,0,142.21389708072718,163.86642456054688,165.92376708984375,-0.007321588695049286
47123545242,0,142.35827844051735,163.7422332763672,166.0424041748047,-0.007361643016338348
47148545242,0,142.50286086895525,163.61756896972656,166.16123962402344,-0.007435457315295935
47173545243,0,142.6477113159353,163.49240112304688,166.28033447265625,-0.007530862931162119
47198545243,0,142.79270494047893,163.3662567138672,166.39913940429688,-0.007630922831594944
47223545243,0,142.93819371314987,163.2394256591797,166.51791381835938,-0.007725908420979977
47248545244,0,143.0836205064776,163.11209106445312,166.6366729736328,-0.0078034233301877975
47273545244,0,143.2294910577886,162.9844207763672,166.75537109375,-0.007854769006371498
47298545245,0,143.37469375209542,162.8565673828125,166.87384033203125,-0.007873727940022945
47323545245,0,143.51990959225077,162.72865295410156,166.99205017089844,-0.00786030013114214
47348545245,0,143.6646979987258,162.60081481933594,167.10989379882812,-0.007817613892257214
47373545246,0,143.80906423752606,162.4730987548828,167.227294921875,-0.007753564976155758
47398545246,0,143.9532912321221,162.34556579589844,167.34432983398438,-0.007677347399294376
47423545246,0,144.09696390178428,162.21820068359375,167.4609375,-0.007599069736897945
47448545247,0,144.23981630941628,162.0904998779297,167.57667541503906,-0.007526552304625511
47473545247,0,144.3825704261459,161.962646484375,167.6918487548828,-0.007470133248716593
47498545248,0,144.52519637045964,161.8346405029297,167.80673217773438,-0.007436792831867933
47523545248,0,144.6676127697483,161.70640563964844,167.92140197753906,-0.007429010700434446
47548545248,0,144.80995341416588,161.577880859375,168.03599548339844,-0.007446176838129759
47573545249,0,144.95252901574116,161.448974609375,168.1505584716797,-0.007484781555831432
47598545249,0,145.09530248655537,161.31971740722656,168.26515197753906,-0.007537729572504759
47623545249,0,145.2378252668597,161.19007873535156,168.37977600097656,-0.00759807787835598
47648545250,0,145.3808803631874,161.06007385253906,168.4945068359375,-0.007657777983695269
47673545250,0,145.5242529817937,160.92977905273438,168.60923767089844,-0.007709085941314697
47698545251,0,145.66749625668464,160.7992706298828,168.7239227294922,-0.007745973765850067
47723545251,0,145.810256859305,160.66818237304688,168.8379669189453,-0.007761613931506872
47748545251,0,145.95271330761292,160.5368194580078,168.9515838623047,-0.007758104708045721
47773545252,0,146.09503371959983,160.4053497314453,169.06483459472656,-0.007737619802355766
47798545252,0,146.23723060468035,160.2738494873047,169.17776489257812,-0.007704012095928192
47823545252,0,146.37931456698968,160.142333984375,169.2903289794922,-0.007662317715585232
47848545253,0,146.52123644170814,160.01080322265625,169.402587890625,-0.007623102515935898
47873545253,0,146.66290017566357,159.87916564941406,169.51461791992188,-0.007593538612127304
47898545254,0,146.8042284629216,159.7474822998047,169.62643432617188,-0.007570650428533554
47923545254,0,146.94534252852728,159.61572265625,169.7380828857422,-0.007553255185484886
47948545254,0,147.08642979566278,159.48391723632812,169.8495330810547,-0.007540094666182995
47973545255,0,147.2271679166437,159.3516387939453,169.96023559570312,-0.007527086418122053
47998545255,0,147.367546222265,159.21910095214844,170.07046508789062,-0.007516672369092703
48023545255,0,147.5074734097389,159.08642578125,170.18040466308594,-0.007509119343012571
48048545256,0,147.64729143147565,158.9536590576172,170.2900390625,-0.007504121866077185
48073545256,0,147.78712209000787,158.82077026367188,170.39942932128906,-0.007500803098082542
48098545257,0,147.92685323976303,158.68777465820312,170.508544921875,-0.00749874347820878
48123545257,0,148.06639760773973,158.5547332763672,170.61746215820312,-0.007497408427298069
48148545257,0,148.20583682769825,158.42161560058594,170.72613525390625,-0.007496568839997053
48173545258,0,148.3450050643369,158.2884521484375,170.83460998535156,-0.007496149279177189
48198545258,0,148.4842319167859,158.15524291992188,170.94288635253906,-0.007496225647628307
48223545258,0,148.62325272150287,158.0220184326172,171.05099487304688,-0.007496302016079426
48248545259,0,148.761725232308,157.88832092285156,171.15835571289062,-0.007493898738175631
48273545259,0,148.8997780316768,157.75439453125,171.26524353027344,-0.007491610012948513
48298545259,0,149.03766585525503,157.62033081054688,171.371826171875,-0.007490198593586683
48323545260,0,149.17559970412256,157.48617553710938,171.47813415527344,-0.007489588111639023
48348545260,0,149.31349724194735,157.35191345214844,171.58419799804688,-0.007490045856684446
48373545261,0,149.4490990614255,157.21932983398438,171.68869018554688,-0.007328417152166367
48398545261,0,149.58319233319685,157.08792114257812,171.7919464111328,-0.007121546193957329
48423545261,0,149.71695032540882,156.9571533203125,171.89442443847656,-0.0069528985768556595
48448545262,0,149.85000492487328,156.82647705078125,171.99664306640625,-0.006869508884847164
48473545262,0,149.98335084935036,156.69540405273438,172.09890747070312,-0.006885339971631765
48498545262,0,150.11740182007125,156.5636444091797,172.20152282714844,-0.006991465110331774
48523545263,0,150.2519385590326,156.4305419921875,172.30409240722656,-0.007165796589106321
48548545263,0,150.38732600300207,156.29611206054688,172.40707397460938,-0.007391397841274738
48573545264,0,150.523524247605,156.1603240966797,172.51068115234375,-0.007649233099073172
48598545264,0,150.66114845550783,156.0230712890625,172.61505126953125,-0.007923280820250511
48623545264,0,150.79987340392188,155.88430786132812,172.72023010253906,-0.008198091760277748
48648545265,0,150.93999925360373,155.74407958984375,172.82620239257812,-0.008452875539660454
48673545265,0,151.08095864772594,155.6026611328125,172.9328155517578,-0.008659250102937222
48698545265,0,151.222495992237,155.460693359375,173.03955078125,-0.008762896060943604
48723545266,0,151.36290079730924,155.31951904296875,173.1454620361328,-0.008678133599460125
48748545266,0,151.50100337816988,155.1804656982422,173.2495880126953,-0.008362047374248505
48773545267,0,151.636336787088,155.0439453125,173.35150146484375,-0.007882120087742805
48798545267,0,151.76946926240424,154.91024780273438,173.45193481445312,-0.007350809406489134
48823545267,0,151.90313703873923,154.77865600585938,173.5531768798828,-0.006957552395761013
48848545268,0,152.03780746542125,154.64987182617188,173.6564483642578,-0.0066767907701432705
48873545268,0,152.17385726289334,154.52452087402344,173.76214599609375,-0.006469690706580877
48898545268,0,152.31168451396107,154.4029998779297,173.8706817626953,-0.0063158441334962845
48923545269,0,152.4514712826398,154.28570556640625,173.9823760986328,-0.006203081458806992
48948545269,0,152.59322321652124,154.17312622070312,174.09744262695312,-0.006113855633884668
48973545270,0,152.73672235069995,154.06581115722656,174.2159881591797,-0.006030733231455088
48998545270,0,152.88224086463458,153.9643096923828,174.33804321289062,-0.005937349516898394
49023545270,0,153.02916339573278,153.86923217773438,174.46348571777344,-0.005819475743919611
49048545271,0,153.177391597169,153.78005981445312,174.59230041503906,-0.005736849270761013
49073545271,0,153.32794831714392,153.69375610351562,174.7244110107422,-0.005863039288669825
49098545271,0,153.4814660073086,153.60699462890625,174.85948181152344,-0.006243593525141478
49123545272,0,153.637737271265,153.51866149902344,174.99710083007812,-0.006756555754691362
49148545272,0,153.79669233047784,153.42788696289062,175.1365966796875,-0.007295419927686453
49173545273,0,153.95791765109956,153.33480834960938,175.27764892578125,-0.007780725602060556
49198545273,0,154.12088729507715,153.23941040039062,175.4199981689453,-0.008189394138753414
49223545273,0,154.28660720567706,153.1439666748047,175.56491088867188,-0.008507921360433102
49248545274,0,154.45457920843015,153.04812622070312,175.71212768554688,-0.00877296645194292
49273545274,0,154.6242892987185,152.95095825195312,175.86094665527344,-0.009006273932754993
49298545274,0,154.7963388472612,152.8528289794922,176.01161193847656,-0.009207155555486679
49323545275,0,154.97064504375734,152.75448608398438,176.1645050048828,-0.00937370490282774
49348545275,0,155.14721861182878,152.65591430664062,176.31961059570312,-0.009513552300632
49373545276,0,155.3257556248144,152.55746459960938,176.47702026367188,-0.009627191349864006
49398545276,0,155.50645636957753,152.4588623046875,176.63665771484375,-0.009723246097564697
49423545276,0,155.68905651396526,152.35943603515625,176.798095703125,-0.009810221381485462
49448545277,0,155.87344965662726,152.2586212158203,176.96102905273438,-0.00988765899091959
49473545277,0,156.05976423702006,152.15589904785156,177.12506103515625,-0.009950868785381317
49498545277,0,156.24715288348892,152.05087280273438,177.28982543945312,-0.009994852356612682
49523545278,0,156.4359911583693,151.94374084472656,177.4554443359375,-0.010024416260421276
49548545278,0,156.62591458504878,151.8339080810547,177.62132263183594,-0.010033190250396729
49573545278,0,156.81677210710637,151.72108459472656,177.78717041015625,-0.010023004375398159
49598545279,0,157.00832313514044,151.6048126220703,177.95237731933594,-0.009986993856728077
49623545279,0,157.20061176888404,151.48590087890625,178.1178741455078,-0.00996521208435297
49648545280,0,157.39369367099232,151.36361694335938,178.2827911376953,-0.009931566193699837
49673545280,0,157.58731221764938,151.23806762695312,178.44737243652344,-0.009903986006975174
49698545280,0,157.78149590876697,151.1094512939453,178.6117706298828,-0.009887888096272945
49723545281,0,157.97649981557237,150.9777069091797,178.77598571777344,-0.009880755096673965
49748545281,0,158.17195027748136,150.8424530029297,178.9395294189453,-0.009865381754934788
49773545281,0,158.3682229514554,150.70407104492188,179.1028289794922,-0.009861452504992485
49798545282,0,158.56533544677535,150.56263732910156,179.2660369873047,-0.009867403656244278
49823545282,0,158.7628652592083,150.41783142089844,179.42864990234375,-0.009865648113191128
49848545283,0,158.96130851362113,150.2699432373047,179.59104919433594,-0.009871141985058784
49873545283,0,159.1590132824444,150.1200408935547,179.7517547607422,-0.009744493290781975
49898545283,0,159.35548255625923,149.96864318847656,179.91075134277344,-0.009529726579785347
49923545284,0,159.5511235922499,149.81582641601562,180.06822204589844,-0.009275552816689014
49948545284,0,159.7459259834519,149.66207885742188,180.22474670410156,-0.009024431928992271
49973545284,0,159.9397730942308,149.5068359375,180.379638671875,-0.008773386478424072
49998545285,0,160.13219770389804,149.3500213623047,180.53277587890625,-0.008534853346645832
50023545285,0,160.32389205097212,149.19198608398438,180.68450927734375,-0.008324739523231983
50048545286,0,160.51477712219673,149.03260803222656,180.8346710205078,-0.008140070363879204
50073545286,0,160.70476205663925,148.87213134765625,180.98353576660156,-0.007985842414200306
50098545286,0,160.8939376485475,148.71060180664062,181.131103515625,-0.007859384641051292
50123545287,0,161.0820803361198,148.5478515625,181.2771759033203,-0.007751161698251963
50148545287,0,161.26929077025662,148.38406372070312,181.42196655273438,-0.00766456825658679
50173545287,0,161.4554296971846,148.2191925048828,181.5653076171875,-0.007592851761728525
50198545288,0,161.6406579051614,148.05337524414062,181.70738220214844,-0.00753765320405364
50223545288,0,161.8251495559624,147.88653564453125,181.84808349609375,-0.007492830511182547
50248545289,0,162.00871354401212,147.71884155273438,181.987548828125,-0.007459566462785006
50273545289,0,162.1917664246478,147.55032348632812,182.1259002685547,-0.007435648236423731
50298545289,0,162.37373879873073,147.38088989257812,182.26284790039062,-0.007416117005050182
50323545290,0,162.55470614239377,147.2106475830078,182.39865112304688,-0.007402193266898394
50348545290,0,162.73501775199432,147.03964233398438,182.53330993652344,-0.007393610198050737
50373545290,0,162.91504301487998,146.86752319335938,182.66712951660156,-0.0074282861314713955
50398545291,0,163.09586341840642,146.69322204589844,182.80087280273438,-0.007577517069876194
50423545291,0,163.27723853390884,146.5167694091797,182.9343719482422,-0.007779696024954319
50448545292,0,163.45898710379046,146.33824157714844,183.0675811767578,-0.008001101203262806
50473545292,0,163.64118265011533,146.1576690673828,183.20054626464844,-0.008221476338803768
50498545292,0,163.82398382843186,145.9750213623047,183.3331756591797,-0.008426478132605553
50523545293,0,164.00720652234173,145.7904510498047,183.4656524658203,-0.008614427410066128
50548545293,0,164.19107689293992,145.60394287109375,183.59793090820312,-0.00877983309328556
50573545293,0,164.37537944173945,145.41537475585938,183.7298583984375,-0.00892078597098589
50598545294,0,164.55997109666228,145.22491455078125,183.8616180419922,-0.00904205534607172
50623545294,0,164.7451449695825,145.032470703125,183.99305725097656,-0.009142572991549969
50648545295,0,164.93104229319366,144.83810424804688,184.12432861328125,-0.009227029979228973
50673545295,0,165.11749547003902,144.6417694091797,184.2552947998047,-0.009295427240431309
50698545295,0,165.30450434006772,144.44349670410156,184.38595581054688,-0.009351351298391819
50723545296,0,165.49184584340662,144.24330139160156,184.5164031982422,-0.009397013112902641
50748545296,0,165.6794246596144,144.0412139892578,184.6465606689453,-0.009433900937438011
50773545296,0,165.8679618310162,143.83718872070312,184.77642822265625,-0.009462893009185791
50798545297,0,166.05648508119947,143.6312713623047,184.9060516357422,-0.009486467577517033
50823545297,0,166.24583018197544,143.42343139648438,185.03536987304688,-0.009505045600235462
50848545297,0,166.435547663942,143.21372985839844,185.16448974609375,-0.00951992254704237
50873545298,0,166.62595718339648,143.00213623046875,185.29327392578125,-0.009531404823064804
50898545298,0,166.81663558975313,142.78866577148438,185.42173767089844,-0.009539796970784664
50923545299,0,167.00790425476703,142.5733184814453,185.54994201660156,-0.009547082707285881
50948545299,0,167.1997435513894,142.35610961914062,185.67784118652344,-0.009552194736897945
50973545299,0,167.39223680087932,142.13705444335938,185.8054962158203,-0.009556886740028858
50998545300,0,167.5851077827758,141.9161376953125,185.93283081054688,-0.009559824131429195
51023545300,0,167.77848528990262,141.693359375,186.059814453125,-0.009561502374708652
51048545300,0,167.9725231941702,141.46875,186.18653869628906,-0.009563447907567024
51073545301,0,168.16663007747474,141.2423095703125,186.31292724609375,-0.009564516134560108
51098545301,0,168.3614828844752,141.01402282714844,186.43898010253906,-0.009565012529492378
51123545302,0,168.55663479390225,140.783935546875,186.564697265625,-0.009565431624650955
51148545302,0,168.75219545666224,140.55203247070312,186.69009399414062,-0.009565775282680988
51173545302,0,168.9482141494005,140.31829833984375,186.81515502929688,-0.009565813466906548
51198545303,0,169.1447984633336,140.08274841308594,186.93988037109375,-0.009565546177327633
51223545303,0,169.34177449512285,139.8454132080078,187.064208984375,-0.009565278887748718
51248545303,0,169.53942770422256,139.60626220703125,187.18821716308594,-0.009564745239913464
51273545304,0,169.73758666167288,139.36532592773438,187.31187438964844,-0.00956443976610899
51298545304,0,169.93594427820383,139.12258911132812,187.4351348876953,-0.009563867934048176
51323545305,0,170.1348824810188,138.87806701660156,187.5580291748047,-0.009563028812408447
51348545305,0,170.33445071670403,138.6317596435547,187.6804962158203,-0.009562266059219837
51373545305,0,170.53455132505297,138.3836669921875,187.80262756347656,-0.009561464190483093
51398545306,0,170.73481441661357,138.13380432128906,187.92437744140625,-0.009560815989971161
51423545306,0,170.93547021346464,137.88217163085938,188.04568481445312,-0.00956009142100811
51448545306,0,171.13667759692473,137.62876892089844,188.1665802001953,-0.009559061378240585
51473545307,0,171.3384688170097,137.37359619140625,188.2870330810547,-0.009558222256600857
51498545307,0,171.54074748233273,137.11666870117188,188.40708923339844,-0.009557001292705536
51523545308,0,171.74372277696986,136.8579864501953,188.5266876220703,-0.009556276723742485
51548545308,0,171.94694466968664,136.5975341796875,188.64585876464844,-0.009555170312523842
51573545308,0,172.15037904965035,136.33534240722656,188.7645721435547,-0.009554216638207436
51598545309,0,172.35437632199805,136.07139587402344,188.8828125,-0.00955326296389103
51623545309,0,172.55871006448794,135.80569458007812,189.00057983398438,-0.009552271105349064
51648545309,0,172.76361092972013,135.5382537841797,189.1178741455078,-0.009551050141453743
51673545310,0,172.96885005209074,135.2690887451172,189.2346649169922,-0.009550172835588455
51698545310,0,173.17419337524316,134.99818420410156,189.3509521484375,-0.00954887643456459
51723545311,0,173.3803499505256,134.7255401611328,189.46673583984375,-0.009547922760248184
51748545311,0,173.58664929636888,134.451171875,189.5819854736328,-0.009546510875225067
51773545311,0,173.79357383587615,134.17507934570312,189.6967315673828,-0.009545442648231983
51798545312,0,174.00056726608645,133.89724731445312,189.81092834472656,-0.009544146247208118
51823545312,0,174.2082082389621,133.61770629882812,189.92459106445312,-0.009543039835989475
51848545312,0,174.41619100179284,133.33644104003906,190.0376739501953,-0.009541666135191917
51873545313,0,174.62426136268087,133.05377197265625,190.15005493164062,-0.009511949494481087
51898545313,0,174.83136148245555,132.7711181640625,190.26119995117188,-0.009360238909721375
51923545313,0,175.03727928875475,132.48936462402344,190.3708038330078,-0.009076693095266819
51948545314,0,175.24226521658227,132.2073974609375,190.4792022705078,-0.008812181651592255
51973545314,0,175.4464837180807,131.9251708984375,190.58644104003906,-0.008578760549426079
51998545315,0,175.65012228509985,131.64268493652344,190.6925506591797,-0.00837673433125019
52023545315,0,175.85296398633014,131.35995483398438,190.7975311279297,-0.008204729296267033
52048545315,0,176.05489658346997,131.07696533203125,190.90138244628906,-0.008060114458203316
52073545316,0,176.25614649335336,130.79376220703125,191.0041046142578,-0.007939607836306095
52098545316,0,176.4567225913242,130.51031494140625,191.10569763183594,-0.00784015841782093
52123545316,0,176.65664674761214,130.22665405273438,191.20614624023438,-0.007758752908557653
52148545317,0,176.85607487155036,129.9427947998047,191.30548095703125,-0.007692529819905758
52173545317,0,177.05497957057221,129.65872192382812,191.4036865234375,-0.007638933602720499
52198545318,0,177.2531645889448,129.3744659423828,191.5007781982422,-0.007595445960760117
52223545318,0,177.4504298469146,129.0900421142578,191.5967559814453,-0.007560922764241695
52248545318,0,177.64737539808,128.80540466308594,191.691650390625,-0.007533304393291473
52273545319,0,177.84374071432106,128.52059936523438,191.78543090820312,-0.007511255796998739
52298545319,0,178.03986014070645,128.23565673828125,191.87808227539062,-0.007493707817047834
52323545319,0,178.23509376700804,127.95053100585938,191.96966552734375,-0.007479898631572723
52348545320,0,178.4295745860774,127.6652603149414,192.06016540527344,-0.007469408214092255
52373545320,0,178.62321281992936,127.37985229492188,192.1496124267578,-0.007461206521838903
52398545321,0,178.81644710311284,127.0936508178711,192.23814392089844,-0.007506220135837793
52423545321,0,179.0095697017957,126.80680084228516,192.3257598876953,-0.00756756030023098
52448545321,0,179.2018226942427,126.5196533203125,192.412353515625,-0.007609598338603973
52473545322,0,179.39356675769469,126.23249053955078,192.49786376953125,-0.007618257775902748
52498545322,0,179.58477853439186,125.94544982910156,192.58224487304688,-0.0075932336039841175
52523545322,0,179.77486397325976,125.65867614746094,192.6654510498047,-0.0075411247089505196
52548545323,0,179.96422308527255,125.37223052978516,192.74745178222656,-0.007470514625310898
52573545323,0,180.15275284874218,125.08616638183594,192.82833862304688,-0.007389375939965248
52598545324,0,180.3399188194408,124.80049896240234,192.9080047607422,-0.007304308470338583
52623545324,0,180.52613048166967,124.51522827148438,192.98648071289062,-0.007220117840915918
52648545324,0,180.71165262113757,124.23041534423828,193.06378173828125,-0.007141306065022945
52673545325,0,180.8960055193234,123.94600677490234,193.139892578125,-0.007069666404277086
52698545325,0,181.07957020223694,123.66202545166016,193.21484375,-0.007006799802184105
52723545325,0,181.26208365376698,123.37849426269531,193.28866577148438,-0.006953394040465355
52748545326,0,181.44359523441165,123.09536743164062,193.3612823486328,-0.006908991374075413
52773545326,0,181.6244259388509,122.81265258789062,193.4327850341797,-0.006873438134789467
52798545327,0,181.8042675981091,122.53035736083984,193.50320434570312,-0.0068455529399216175
52823545327,0,181.98349590860425,122.24847412109375,193.572509765625,-0.006825525779277086
52848545327,0,182.16138515260542,121.96697235107422,193.64065551757812,-0.006811258848756552
52873545328,0,182.33857678625094,121.68587493896484,193.70773315429688,-0.006802713498473167
52898545328,0,182.51479542206798,121.4051742553711,193.7737274169922,-0.006799089722335339
52923545328,0,182.69000599783925,121.12483978271484,193.838623046875,-0.0067988610826432705
52948545329,0,182.8647094659258,120.84487915039062,193.90248107910156,-0.006802599411457777
52973545329,0,183.038452160258,120.56529235839844,193.9652862548828,-0.006808588281273842
52998545330,0,183.21153266129355,120.28606414794922,194.02708435058594,-0.006817171350121498
53023545330,0,183.38377168960895,120.00718688964844,194.0878143310547,-0.006827165838330984
53048545330,0,183.55497526432606,119.7286376953125,194.14747619628906,-0.006838609930127859
53073545331,0,183.725479205713,119.450439453125,194.20616149902344,-0.006851274985820055
53098545331,0,183.89520582722815,119.17257690429688,194.26388549804688,-0.0068646264262497425
53123545331,0,184.064417369035,118.89502716064453,194.320556640625,-0.006878549698740244
53148545332,0,184.23271515538747,118.61779022216797,194.3762664794922,-0.006892854813486338
53173545332,0,184.40065650809473,118.34088897705078,194.43101501464844,-0.006907350849360228
53198545332,0,184.56754213210596,118.06428527832031,194.48480224609375,-0.0069222282618284225
53223545333,0,184.73373518881954,117.7879867553711,194.53765869140625,-0.006937219761312008
53248545333,0,184.89929805909375,117.511962890625,194.58949279785156,-0.006951944902539253
53273545334,0,185.06412101332847,117.2362289428711,194.6404266357422,-0.006966669578105211
53298545334,0,185.22838063027098,116.96077728271484,194.6904296875,-0.006981394253671169
53323545334,0,185.39190455469034,116.68561553955078,194.73953247070312,-0.006995813921093941
53348545335,0,185.55495192579255,116.41072082519531,194.78770446777344,-0.007010309491306543
53373545335,0,185.71702412273066,116.13607025146484,194.83493041992188,-0.007024195045232773
53398545335,0,185.87838384790643,115.86168670654297,194.88121032714844,-0.0070375846698880196
53423545336,0,186.03925813505631,115.58755493164062,194.92657470703125,-0.007051050662994385
53448545336,0,186.19928871547614,115.31366729736328,194.9711151123047,-0.007064554374665022
53473545337,0,186.35899215573752,115.0400390625,195.01475524902344,-0.007077943999320269
53498545337,0,186.51798285998538,114.76664733886719,195.0575408935547,-0.00709095224738121
53523545337,0,186.67589905794273,114.49348449707031,195.09939575195312,-0.007103311829268932
53548545338,0,186.83344703578834,114.22055053710938,195.14036560058594,-0.007115671411156654
53573545338,0,186.99034869436744,113.94783782958984,195.18052673339844,-0.007127916440367699
53598545338,0,187.146726801984,113.67534637451172,195.21981811523438,-0.007139894645661116
53623545339,0,187.30260366345118,113.40306091308594,195.2582244873047,-0.007151262369006872
53648545339,0,187.45786487266096,113.13099670410156,195.2957763671875,-0.007162706460803747
53673545340,0,187.6125566810189,112.859130859375,195.33251953125,-0.0071739982813596725
53698545340,0,187.76655448850602,112.58747100830078,195.3683624267578,-0.00718456506729126
53723545340,0,187.92015713599156,112.31600189208984,195.40338134765625,-0.007195360492914915
53748545341,0,188.07311849165384,112.04474639892578,195.43759155273438,-0.007205774541944265
53773545341,0,188.22543412749363,111.77366638183594,195.4709930419922,-0.007216226775199175
53798545341,0,188.37743975355443,111.50279235839844,195.50352478027344,-0.007225839886814356
53823545342,0,188.528850900651,111.23208618164062,195.53524780273438,-0.0072355675511062145
53848545342,0,188.6796083056564,110.9615707397461,195.56614685058594,-0.007245409302413464
53873545343,0,188.83022631178048,110.69123077392578,195.59628295898438,-0.007254946045577526
53898545343,0,188.9803119552388,110.42105865478516,195.6255645751953,-0.007263758219778538
53923545343,0,189.12936104384798,110.15106964111328,195.65403747558594,-0.007272531744092703
53948545344,0,189.2780044069846,109.8812484741211,195.68177795410156,-0.007281572557985783
53973545344,0,189.4259393627453,109.61157989501953,195.7086944580078,-0.00729011744260788
53998545344,0,189.57381768435846,109.34208679199219,195.73486328125,-0.007298776879906654
54023545345,0,189.7209066197608,109.07275390625,195.76022338867188,-0.007306978572160006
54048545345,0,189.8680829502089,108.80357360839844,195.78489685058594,-0.007315408904105425
54073545346,0,190.01431747768564,108.5345687866211,195.8088836669922,-0.007323725149035454
54098545346,0,190.1601021932507,108.26570129394531,195.83212280273438,-0.007331735920161009
54123545346,0,190.3055955771248,107.99700164794922,195.85459899902344,-0.0073393271304667
54148545347,0,190.4507672660937,107.72843170166016,195.87643432617188,-0.007347071077674627
54173545347,0,190.59562591611274,107.46003723144531,195.897705078125,-0.007354929111897945
54198545347,0,190.74015104081113,107.1917724609375,195.91839599609375,-0.007362711243331432
54223545348,0,190.88404297667304,106.92366027832031,195.9383544921875,-0.007369959261268377
54248545348,0,191.02757096360858,106.65567779541016,195.95762634277344,-0.00737667316570878
54273545349,0,191.1711333783373,106.38784790039062,195.97634887695312,-0.007383539341390133
54298545349,0,191.31428755886844,106.12016296386719,195.99456787109375,-0.007390863727778196
54323545349,0,191.45702774310158,105.85262298583984,196.0122833251953,-0.007397920824587345
54348545350,0,191.5994893429673,105.58521270751953,196.0293731689453,-0.007404253352433443
54373545350,0,191.7417907356632,105.31792449951172,196.04579162597656,-0.007410166319459677
54398545350,0,191.88375882909858,105.05078125,196.06175231933594,-0.007416460197418928
54423545351,0,192.0257299682066,104.78376770019531,196.07730102539062,-0.007422945462167263
54448545351,0,192.16715754748236,104.51688385009766,196.09228515625,-0.00742870569229126
54473545351,0,192.3083421577519,104.25013732910156,196.10682678222656,-0.0074348472990095615
54498545352,0,192.44950984596406,103.98348999023438,196.12083435058594,-0.007440378423780203
54523545352,0,192.59050796157766,103.71700286865234,196.13442993164062,-0.007446253206580877
54548545353,0,192.73151158154772,103.45059967041016,196.14767456054688,-0.007451822515577078
54573545353,0,192.87214834885262,103.18433380126953,196.16038513183594,-0.007457010447978973
54598545353,0,193.01270618320896,102.91818237304688,196.1727294921875,-0.007462427485734224
54623545354,0,193.1528046967876,102.65213775634766,196.1845703125,-0.007467195857316256
54648545354,0,193.2926488955867,102.38619995117188,196.1960906982422,-0.007472269237041473
54673545354,0,193.43283705312132,102.12039184570312,196.2073211669922,-0.007477457169443369
54698545355,0,193.57273191797344,101.85468292236328,196.21807861328125,-0.007482035085558891
54723545355,0,193.71267802265263,101.58909606933594,196.22853088378906,-0.0074868034571409225
54748545356,0,193.85259122595602,101.3236083984375,196.23855590820312,-0.00749111408367753
54773545356,0,193.99203985964303,101.05821990966797,196.24826049804688,-0.007495538797229528
54798545356,0,194.1314605455268,100.7929458618164,196.25775146484375,-0.007500345353037119
54823545357,0,194.2707640745002,100.52776336669922,196.26681518554688,-0.00750435097143054
54848545357,0,194.40996273022776,100.2626724243164,196.27540588378906,-0.00750778429210186
54873545357,0,194.54916704532891,99.99769592285156,196.28379821777344,-0.007512018550187349
54898545358,0,194.6883273309574,99.7328109741211,196.2919921875,-0.007516138255596161
54923545358,0,194.82777327284586,99.46800231933594,196.2999725341797,-0.007520487066358328
54948545359,0,194.96721939384315,99.20330810546875,196.30758666992188,-0.0075240349397063255
54973545359,0,195.10650742266722,98.93869018554688,196.3147735595703,-0.007527391891926527
54998545359,0,195.24558593200587,98.6741714477539,196.32174682617188,-0.007530939299613237
55023545360,0,195.38497921718826,98.40972137451172,196.32858276367188,-0.007534410804510117
55048545360,0,195.52435285323,98.1453628540039,196.33506774902344,-0.0075378441251814365
55073545360,0,195.66404882069799,97.881103515625,196.34136962890625,-0.007541315164417028
55098545361,0,195.8034131180411,97.61691284179688,196.34732055664062,-0.007544290740042925
55123545361,0,195.94270274143759,97.35279846191406,196.35313415527344,-0.007547609508037567
55148545362,0,196.08199112379492,97.0887680053711,196.35882568359375,-0.007550814189016819
55173545362,0,196.2211966279586,96.8248062133789,196.36415100097656,-0.007553827483206987
55198545362,0,196.36064267698868,96.56092834472656,196.36935424804688,-0.007556612137705088
55223545363,0,196.50032049651847,96.29712677001953,196.3744659423828,-0.007559855002909899
55248545363,0,196.6398166368704,96.03339385986328,196.37925720214844,-0.00756260147318244
55273545363,0,196.7791894889372,95.76973724365234,196.38392639160156,-0.0075654624961316586
55298545364,0,196.91872638293515,95.50614929199219,196.38829040527344,-0.007567789405584335
55323545364,0,197.05855604394202,95.24261474609375,196.39254760742188,-0.007570459507405758
55348545365,0,197.198786390308,94.97916412353516,196.39675903320312,-0.007573130074888468
55373545365,0,197.33883304731555,94.71576690673828,196.400634765625,-0.007575418800115585
55398545365,0,197.4790803689548,94.45243835449219,196.40444946289062,-0.0075779748149216175
55423545366,0,197.61895273372593,94.1891860961914,196.408203125,-0.007580530364066362
55448545366,0,197.75894453504887,93.92598724365234,196.41165161132812,-0.0075827050022780895
55473545366,0,197.89937981853123,93.662841796875,196.4150390625,-0.007585031911730766
55498545367,0,198.03941071877307,93.3997573852539,196.41818237304688,-0.007587091531604528
55523545367,0,198.17981057212057,93.13673400878906,196.4212188720703,-0.007589266169816256
55548545368,0,198.3202479810445,92.87376403808594,196.4242706298828,-0.007591211702674627
55573545368,0,198.46090271930598,92.61085510253906,196.4270477294922,-0.007593385875225067
55598545368,0,198.60176866622825,92.3479995727539,196.42977905273438,-0.00759529322385788
55623545369,0,198.74277490189138,92.08518981933594,196.43247985839844,-0.007597620133310556
55648545369,0,198.8838369862598,91.82244110107422,196.4349365234375,-0.0075994133949279785
55673545369,0,199.0249649581618,91.55973052978516,196.43731689453125,-0.007601129822432995
55698545370,0,199.16598452342086,91.2970962524414,196.43948364257812,-0.007602846249938011
55723545370,0,199.30723188371448,91.03449249267578,196.4416046142578,-0.007604868151247501
55748545370,0,199.44882112273595,90.77194213867188,196.44374084472656,-0.007606737315654755
55773545371,0,199.5905088221674,90.50942993164062,196.4456329345703,-0.007608072366565466
55798545371,0,199.73205540912298,90.24696350097656,196.44749450683594,-0.007610056083649397
55823545372,0,199.87393134423576,89.98455047607422,196.44937133789062,-0.007611658424139023
55848545372,0,200.01559688841354,89.72217559814453,196.45079040527344,-0.007612917106598616
55873545372,0,200.15762856876785,89.4598388671875,196.45216369628906,-0.0076141380704939365
55898545373,0,200.29986860495367,89.19754791259766,196.453369140625,-0.007615434937179089
55923545373,0,200.44231991410786,88.93531036376953,196.45455932617188,-0.007616884540766478
55948545373,0,200.58483448323415,88.67311096191406,196.45579528808594,-0.007618753705173731
55973545374,0,200.72740960679232,88.41095733642578,196.45681762695312,-0.007620012387633324
55998545374,0,200.8704019882696,88.14883422851562,196.45779418945312,-0.007621538359671831
56023545375,0,201.01362259664904,87.88674926757812,196.4587860107422,-0.007623064331710339
56048545375,0,201.15682447930166,87.62468719482422,196.45956420898438,-0.007624361198395491
56073545375,0,201.30038074395995,87.36266326904297,196.4603271484375,-0.007625696714967489
56098545376,0,201.4434423771696,87.10091400146484,196.46090698242188,-0.007607195060700178
56123545376,0,201.5858132328479,86.84098815917969,196.46148681640625,-0.007463076151907444
56148545376,0,201.72687605791785,86.58454132080078,196.4621124267578,-0.007129175588488579
56173545377,0,201.86424500973746,86.33328247070312,196.46234130859375,-0.0065718102268874645
56198545377,0,201.99800366324547,86.0887451171875,196.4623260498047,-0.005797197576612234
56223545378,0,202.1270561966694,85.85233306884766,196.46180725097656,-0.0048319268971681595
56248545378,0,202.2512546242137,85.62480163574219,196.46072387695312,-0.003751718904823065
56273545378,0,202.37013057119066,85.40535736083984,196.4588623046875,-0.0027237343601882458
56298545379,0,202.48485012298914,85.19277954101562,196.4558563232422,-0.001880037714727223
56323545379,0,202.59596036176185,84.98577117919922,196.45204162597656,-0.0012920403387397528
56348545379,0,202.70461670675994,84.78318786621094,196.44775390625,-0.0009709572768770158
56373545380,0,202.8104537894937,84.58464813232422,196.44293212890625,-0.0008542656432837248
56398545380,0,202.91415963723784,84.39010620117188,196.4375,-0.000868761504534632
56423545381,0,203.0147315125877,84.1994400024414,196.43142700195312,-0.000973207934293896
56448545381,0,203.1129846022002,84.01215362548828,196.42466735839844,-0.0011610054643824697
56473545381,0,203.20912379808726,83.82777404785156,196.41722106933594,-0.0014214729890227318
56498545382,0,203.30395864170396,83.64598083496094,196.40960693359375,-0.0017325234366580844
56523545382,0,203.39745284024232,83.4666519165039,196.4018096923828,-0.002067110501229763
56548545382,0,203.4892790175814,83.28958892822266,196.3938446044922,-0.0024095559492707253
56573545383,0,203.57950934205374,83.1146011352539,196.3851318359375,-0.0027523445896804333
56598545383,0,203.66859224525106,82.94144439697266,196.37620544433594,-0.0030939506832510233
56623545384,0,203.75706392159222,82.76994323730469,196.36720275878906,-0.0034284996800124645
56648545384,0,203.84529198387747,82.59990692138672,196.3585662841797,-0.003750917734578252
56673545384,0,203.9318310754062,82.43161010742188,196.34927368164062,-0.004029123578220606
56698545385,0,204.01695281370408,82.265380859375,196.33981323242188,-0.0042420984245836735
56723545385,0,204.10193056674316,82.10084533691406,196.3308563232422,-0.004428446292877197
56748545385,0,204.1855710008474,81.93769073486328,196.32125854492188,-0.004613878671079874
56773545386,0,204.2687108962381,81.77571868896484,196.31155395507812,-0.004801485221832991
56798545386,0,204.35133720686238,81.61489868164062,196.3018341064453,-0.0049819969572126865
56823545387,0,204.43332037828853,81.45516204833984,196.29208374023438,-0.005154421087354422
56848545387,0,204.51518542889733,81.29634094238281,196.28280639648438,-0.005322458688169718
56873545387,0,204.59626181993315,81.1384506225586,196.27288818359375,-0.005480654072016478
56898545388,0,204.6767777094189,80.98140716552734,196.2633514404297,-0.005628015846014023
56923545388,0,204.75709237010858,80.82521057128906,196.25379943847656,-0.005761606618762016
56948545388,0,204.83688712521888,80.66985321044922,196.24415588378906,-0.00588131183758378
56973545389,0,204.91688188709185,80.51527404785156,196.23495483398438,-0.00598892429843545
56998545389,0,204.99672485159599,80.36146545410156,196.22567749023438,-0.0060849785804748535
57023545389,0,205.07543341453552,80.20840454101562,196.21624755859375,-0.00617122882977128
57048545390,0,205.15432123859776,80.05606079101562,196.20681762695312,-0.006248972378671169
57073545390,0,205.2332641598442,79.90437316894531,196.19786071777344,-0.006320116575807333
57098545391,0,205.31140804993248,79.75337219238281,196.1883544921875,-0.006384317763149738
57123545391,0,205.389598633943,79.60297393798828,196.17933654785156,-0.006443712394684553
57148545391,0,205.4672856054556,79.45317840576172,196.17030334472656,-0.006499025505036116
57173545392,0,205.54533636766706,79.3039321899414,196.1616973876953,-0.0065509057603776455
57198545392,0,205.62254851711262,79.1552734375,196.15249633789062,-0.006598665378987789
57223545392,0,205.69997191682484,79.00711059570312,196.1437530517578,-0.006644136738032103
57248545393,0,205.7771716511668,78.85944366455078,196.135009765625,-0.00668739527463913
57273545393,0,205.8548365681931,78.71224212646484,196.12673950195312,-0.006728708744049072
57298545394,0,205.93197619291902,78.56549835205078,196.1183624267578,-0.006768038030713797
57323545394,0,206.0087520495561,78.41920471191406,196.10987854003906,-0.006805727258324623
57348545394,0,206.08552170609983,78.27332305908203,196.1013946533203,-0.006841509137302637
57373545395,0,206.1627093546114,78.12782287597656,196.0934295654297,-0.0068755364045500755
57398545395,0,206.23966478337934,77.98271179199219,196.0854034423828,-0.006908075883984566
57423545395,0,206.3168319702696,77.83794403076172,196.07777404785156,-0.006938707549124956
57448545396,0,206.39364534125662,77.69353485107422,196.070068359375,-0.006968424189835787
57473545396,0,206.47051814020907,77.54946899414062,196.0623016357422,-0.006996729411184788
57498545397,0,206.54696513866904,77.40573120117188,196.0544891357422,-0.0070237754844129086
57523545397,0,206.6235329867448,77.26229858398438,196.04673767089844,-0.007049753330647945
57548545397,0,206.70031478486356,77.11913299560547,196.0394744873047,-0.007074358407407999
57573545398,0,206.77708882557414,76.97624969482422,196.03216552734375,-0.007097742520272732
