ts,agent_id,steer_unclip,throttle_unclip
2061969947,0,0.003476428875886158,5.245776146650314
2086969947,0,0.002587972809925557,4.8192110905051235
2111969947,0,0.003726244657683054,4.889908744096756
2136969948,0,0.0022996168321518977,5.106120837628842
2161969948,0,0.0034930751854470197,5.1590984728932385
2186969948,0,0.003948930026623848,5.2319788616895675
2211969949,0,0.0028740839795138133,5.292213319838047
2236969949,0,0.003891997933403145,5.34034510910511
2261969950,0,0.0033822817382199648,5.400821348516137
2286969950,0,0.003137400436279721,5.463914357077879
2311969950,0,0.002672362216004887,5.522362206331175
2336969951,0,0.0029511586325099057,5.580879128480355
2361969951,0,0.0026316760123162746,5.648112650300442
2386969951,0,0.0025779759741129185,5.709895466583641
2411969952,0,0.0024773852643013477,5.780982725487308
2436969952,0,0.0024680088849431433,5.842207402077119
2461969953,0,0.0024137140510995655,5.90744207912219
2486969953,0,0.002399798441855457,5.970910916930429
2511969953,0,0.002546627065859367,6.034230712578118
2536969954,0,0.0023070790032960415,6.096655970972328
2561969954,0,0.0022032012649464017,6.158435829142834
2586969954,0,0.002336376625390672,6.218663748075516
2611969955,0,0.0023104854178018076,6.277328193202309
2636969955,0,0.0024045550993356006,6.340282309275112
2661969956,0,0.002450412183065566,6.40341286132869
2686969956,0,0.0024123902749195432,6.461727472472064
2711969956,0,0.0024380072314090376,6.522922507101621
2736969957,0,0.0022638511153681984,6.583298181674534
2761969957,0,0.002568970796343231,6.646926354149691
2786969957,0,0.0024509801796210526,6.7044663954539345
2811969958,0,0.0025982556118331677,6.764922294710877
2836969958,0,0.002622186365371316,6.827501968617803
2861969958,0,0.002700811281644417,6.888846243487867
2886969959,0,0.0026357731294188395,6.9511140079837395
2911969959,0,0.0026361368844082895,7.011456442541685
2936969960,0,0.0028224923823214937,7.070020225053622
2961969960,0,0.0027154941012948047,7.132472483970477
2986969960,0,0.002783466768374841,7.194993067423958
3011969961,0,0.002861468429886179,7.256339928325389
3036969961,0,0.0027582082544739947,7.319697379562682
3061969961,0,0.0027906032725249345,7.321831870265951
3086969962,0,0.002614677520890485,7.326164868325072
3111969962,0,0.00272543473010655,7.328455157374055
3136969963,0,0.0026337792832692875,7.324436764298166
3161969963,0,0.002642953081098261,7.327578021675786
3186969963,0,0.002647091037370427,7.328985906261508
3211969964,0,0.002660175118499233,7.328814458877054
3236969964,0,0.0026013614979211144,7.33074018243388
3261969964,0,0.002589491198326063,7.332577788806223
3286969965,0,0.0025600416993546917,7.331546707124175
3311969965,0,0.0024420544503109525,7.331969499852765
3336969966,0,0.002515444832942739,7.330151133866701
3361969966,0,0.002471546637964637,7.333741017877801
3386969966,0,0.002518610910214256,7.332837533112215
3411969967,0,0.002587009562927625,7.335028953657227
3436969967,0,0.0024556337201545836,7.3344873061608995
3461969967,0,0.0026032369540307135,7.336345521820066
3486969968,0,0.002423661320058539,7.332736326839243
3511969968,0,0.0025145127967122483,7.334470848484097
3536969969,0,0.0024068419792273826,7.331863022487014
3561969969,0,0.0024451821077683877,7.3365737222671425
3586969969,0,0.0024693125969236117,7.334692775425354
3611969970,0,0.002563759883584117,7.335461952379045
3636969970,0,0.0025654304340186162,7.336107683976775
3661969970,0,0.002487451018038227,7.334451119624788
3686969971,0,0.0024379577597650223,7.335427284357638
3711969971,0,0.0024081582135986874,7.33635106235401
3736969972,0,0.0023765344377415284,7.334194953577909
3761969972,0,0.0023759353732330747,7.338096465475379
3786969972,0,0.0024389894029209092,7.336333188950918
3811969973,0,0.0025610918409395807,7.337220170881121
3836969973,0,0.002489384815346987,7.337799131384285
3861969973,0,0.0024858459235832736,7.336601086771226
3886969974,0,0.002390015523615841,7.337734302254289
3911969974,0,0.0024212721768051113,7.3380392027656
3936969975,0,0.0023706448225384686,7.335688577347309
3961969975,0,0.0022851123557009073,7.339527492747355
3986969975,0,0.0024315558803742116,7.338591092256915
4011969976,0,0.002509105563619321,7.336712097433319
4036969976,0,0.00248825498822178,7.339626306956402
4061969976,0,0.002480844232972316,7.338773821698027
4086969977,0,0.002378601992921534,7.339374557687156
4111969977,0,0.002373694217411664,7.3401630482631735
4136969977,0,0.002349955041177639,7.3376285364241065
4161969978,0,0.002367397636770559,7.340122011862929
4186969978,0,0.002388438888282429,7.338103491546075
4211969979,0,0.002538251972946273,7.337918965425003
4236969979,0,0.0024512054808426926,7.341929989768993
4261969979,0,0.0025175038503862835,7.340582088204047
4286969980,0,0.002396522701756355,7.340347472528985
4311969980,0,0.002351787808604926,7.3411079834835276
4336969980,0,0.0023903399576014166,7.338031798581047
4361969981,0,0.0023740143825290083,7.340289328403762
4386969981,0,0.0024605898761710745,7.338398879631598
4411969982,0,0.00255511542541582,7.338828474940011
4436969982,0,0.002482667039707063,7.15900384928407
4461969982,0,0.0024954679525765293,6.9970072854945045
4486969983,0,0.002489834469467346,6.843300358901013
4511969983,0,0.002585736017238633,6.6916991004649695
4536969983,0,0.0026449181834407166,6.540085637711944
4561969984,0,0.0023942488179451715,6.392588850903515
4586969984,0,0.0019655391880846274,6.252968404249662
4611969985,0,0.0017035587447323257,6.109401536275853
4636969985,0,0.0020670187236780917,5.977127723412247
4661969985,0,0.0021353746877091485,5.848120611697085
4686969986,0,0.002245161440880641,5.719458448338551
4711969986,0,0.002322864803382076,5.596023624127296
4736969986,0,0.0025053902253020497,5.46799115872159
4761969987,0,0.002295528394185177,5.351432438550325
4786969987,0,0.0024914708689559944,5.23690185932721
4811969988,0,0.0027574071302025956,5.1244487862100865
4836969988,0,0.0028177105857934226,5.01874830511122
4861969988,0,0.002916334248540175,4.908779737763032
4886969989,0,0.003316725629510631,4.800236340035896
4911969989,0,0.0033391001908667315,4.699684122201539
4936969989,0,0.003254182441054471,4.605552273715943
4961969990,0,0.0029835931134357986,4.505962551618671
4986969990,0,0.00247724842296552,4.416878508084502
5011969991,0,0.0027974974947184163,4.322304915374263
5036969991,0,0.0024584867470891416,4.225449296783057
5061969991,0,0.0013215192282880481,4.130670856245798
5086969992,0,0.000570306564248504,4.038256616590957
5111969992,0,0.0007982925869192215,3.9630745578746316
5136969992,0,0.0008748604304711412,3.8809695211140847
5161969993,0,0.0011063796530812633,3.797690230121616
5186969993,0,0.0008114350092471873,3.71589012237899
5211969994,0,-2.3736332208661138e-05,3.63148375138039
5236969994,0,-0.00013719715797118963,3.5540524353709078
5261969994,0,-0.00024642184349223334,3.4642197189704627
5286969995,0,3.6962705171595985e-05,3.38205623507246
5311969995,0,-0.0007383519889016307,3.29565513610265
5336969995,0,-0.00038167951044356475,3.2123439343072415
5361969996,0,0.0005969087281096266,3.1282205206314284
5386969996,0,0.0006339482747961749,3.039235229565875
5411969996,0,0.0009010285927287527,2.9508735019596144
5436969997,0,0.001579613578593828,2.8705264051701103
5461969997,0,0.00150860664739116,2.786156151197391
5486969998,0,0.0018150544681523985,2.7084075647199954
5511969998,0,0.0012987903508687537,2.640779092192054
5536969998,0,0.0010033092525936166,2.5609984765608864
5561969999,0,0.001820999578642464,2.492355346216793
5586969999,0,0.001459065008611334,2.4101463001617427
5611969999,0,0.0016041709545721774,2.34909474875748
5636970000,0,0.0021457821884569555,2.2902026792652
5661970000,0,0.002021812832065147,2.244097797283643
5686970001,0,0.0023765828182481493,2.204948280014118
5711970001,0,0.0018723355650354949,2.13120966028503
5736970001,0,0.001806408587028024,2.080226540298245
5761970002,0,0.0014886681868390309,2.0303767432652884
5786970002,0,0.00201619073260458,1.9604913146340346
5811970002,0,0.0022787019385736348,1.89685923072246
5836970003,0,0.0028147650667138544,1.8399010860355696
5861970003,0,0.0028645998344455593,1.783279483124604
5886970004,0,0.002386897826850945,1.7225349011205608
5911970004,0,0.002157517307224684,1.6614897440939194
5936970004,0,0.0018247206087840437,1.6501029583159623
5961970005,0,0.0015325891491143671,1.6433541188315177
5986970005,0,0.0014059033695714015,1.6273393357803096
6011970005,0,0.00019931345583064472,1.6128316261805469
6036970006,0,5.783889377852436e-05,1.6080856926189708
6061970006,0,-5.2864243106611516e-05,1.5969250986855947
6086970007,0,-0.0007894304202447095,1.583207829253954
6111970007,0,-0.0010795782791429283,1.557568854117598
6136970007,0,-0.002516452289618896,1.554012497208761
6161970008,0,-0.0016246757554165667,1.5286343070908064
6186970008,0,-0.002151331720931171,1.5170267442477305
6211970008,0,-0.00022444855574987145,1.5017889756975986
6236970009,0,-0.0005428107877445511,1.485379173578931
6261970009,0,-0.0012861132389515744,1.491648219198569
6286970010,0,-0.0015676664431441935,1.4793731051399175
6311970010,0,-0.001112906756380436,1.4704577227528572
6336970010,0,-0.0009637923431504414,1.4473741046892974
6361970011,0,-0.0003936536858322435,1.429722153829137
6386970011,0,9.783818910541153e-05,1.4252063928663947
6411970011,0,0.0005561339217207275,1.4054650509242077
6436970012,0,0.0006404554529366891,1.3759094208481535
6461970012,0,0.0002842767402373721,1.3054499738259644
6486970013,0,0.0005265165139322597,1.262400320872157
6511970013,0,0.0014414516582891637,1.1840971316254405
6536970013,0,0.0024590217785741253,1.1261389110332125
6561970014,0,0.002319241957209815,1.0729263607115664
6586970014,0,0.0026059234951042523,1.0123891947207155
6611970014,0,0.0018562831975298879,0.9498976402131442
6636970015,0,0.002235458303390992,0.9004131922034776
6661970015,0,0.002028310049513121,0.8508508959718963
6686970015,0,0.0015749320531002152,0.8004285474306184
6711970016,0,0.0015991351130153707,0.755582810616031
6736970016,0,0.00103914497843895,0.7040731968246855
6761970017,0,0.0002784440432773966,0.6560814231456286
6786970017,0,-0.0008353250225989639,0.618402503353319
6811970017,0,-0.0007611050565742356,0.5568941492643933
6836970018,0,-0.0012486496513540541,0.5102047962074925
6861970018,0,-0.00012578789614511426,0.492731072240277
6886970018,0,-0.0007309383877400128,0.44404821373207637
6911970019,0,-0.000884872353203098,0.4303616119074089
6936970019,0,-0.00237468744452705,0.39665718992793675
6961970020,0,-0.002971712856921787,0.40418031258474346
6986970020,0,-0.0045596080417710455,0.3887779912885307
7011970020,0,-0.004628656985411644,0.36862743553885896
7036970021,0,-0.004012509889253024,0.33358262869683997
7061970021,0,-0.004091858188979571,0.31741957359038353
7086970021,0,-0.004629129406829237,0.31026294350524053
7111970022,0,-0.0051809233144016415,0.2972705001290397
7136970022,0,-0.005457413640871988,0.28072289757323843
7161970023,0,-0.00392771593661947,0.26942001833911344
7186970023,0,-0.0031725531465099355,0.2730173225352053
7211970023,0,-0.003168069411911037,0.27908637072527204
7236970024,0,-0.003074268147309529,0.2788242387794175
7261970024,0,-0.004417612677794711,0.286740799475668
7286970024,0,-0.0014354396726370552,0.2787846236345722
7311970025,0,-0.0005996820732774469,0.28791643737852296
7336970025,0,-0.001076860433035694,0.28002022313054614
7361970026,0,-0.0010452295423981496,0.2928705764389505
7386970026,0,-0.001543713823498605,0.27995789907856455
7411970026,0,-0.0014651652250873813,0.3129156089140999
7436970027,0,-0.0014601621115203469,0.3353926892051899
7461970027,0,-0.0022239608220617165,0.3435773692090775
7486970027,0,-0.001676280680508167,0.36131269798821436
7511970028,0,-0.0016510388626567386,0.3444014110877257
7536970028,0,-0.0019287756986506135,0.3285945424859851
7561970029,0,-0.0014301163939526764,0.3105165071440963
7586970029,0,-0.00128925512596978,0.3546609171416406
7611970029,0,-0.0017577292634044918,0.35010337334879893
7636970030,0,-0.001958714694512503,0.38797672513793263
7661970030,0,-0.002013016121370181,0.39260016729874664
7686970030,0,-0.002259154794716284,0.37680561489860437
7711970031,0,-0.002774235012543794,0.3862626368225178
7736970031,0,-0.003630214240714871,0.3884798037205482
7761970032,0,-0.002489218333259547,0.3891493878822189
7786970032,0,-0.003147836399450952,0.3999521115545835
7811970032,0,-0.0013505418442098735,0.4091324161099242
7836970033,0,-0.0021072926533014366,0.4162445358709685
7861970033,0,-0.0034146321261681128,0.43986389562146394
7886970033,0,-0.0039690001612839665,0.4494471315514781
7911970034,0,-0.004010267310475536,0.4649620598844413
7936970034,0,-0.0030121447308961093,0.4787683218535977
7961970034,0,-0.0011520821601386903,0.5124740688372066
7986970035,0,-0.0017867006491339627,0.5095674856246623
8011970035,0,-0.0008097658855423453,0.5263899181404584
8036970036,0,-0.001509542956263462,0.5452390383238738
8061970036,0,-0.0005668132108528376,0.5725300118222756
8086970036,0,0.0007019058111256476,0.5801738437775655
8111970037,0,0.0012706158205424505,0.5864725886040543
8136970037,0,0.0018735123497112451,0.5910897082171177
8161970037,0,0.002871058632079453,0.6298742192453575
8186970038,0,0.0025520831060155498,0.5891315255549733
8211970038,0,0.001461069953723948,0.5629655788876573
8236970039,0,0.0013789298141741594,0.5554018749632359
8261970039,0,0.0010187767851515413,0.5444971147629177
8286970039,0,0.0012072131666157305,0.5543447945651867
8311970040,0,0.0009108341830559522,0.5576140778899507
8336970040,0,0.0009597895639320186,0.5325142510310255
8361970040,0,0.0012265952513417187,0.5493672808754116
8386970041,0,0.00019497628570768665,0.5576819888216341
8411970041,0,0.0012162973182118474,0.5437566619761851
8436970042,0,0.0012752005850228218,0.5055454282394534
8461970042,0,-0.0001708258789409629,0.5460422201524932
8486970042,0,-0.0008794138936913961,0.5150277150759988
8511970043,0,-0.0006254290405362406,0.4510226323960624
8536970043,0,-0.0006676879901135405,0.43467292787612943
8561970043,0,-0.0003425809463134732,0.37587657821875126
8586970044,0,-0.0012259008525496804,0.34040316804554843
8611970044,0,-0.0010148693515374429,0.2919651809417753
8636970045,0,-0.001698749156965355,0.2106768883326441
8661970045,0,-0.0019266099595012887,0.170895693760061
8686970045,0,-0.002577448724819264,0.16636159028564038
8711970046,0,-0.003355048686352291,0.16314261604987895
8736970046,0,-0.00189261269290755,0.15928672130186772
8761970046,0,-0.0015256821240897717,0.15542522713316317
8786970047,0,0.000705868743800332,0.1514533912898756
8811970047,0,0.0009888320974653438,0.1473859810991485
8836970048,0,0.0013042203512589137,0.143253651892688
8861970048,0,0.00031620075982679625,0.13887965003598526
8886970048,0,0.0018687838666670883,0.13440776779832214
8911970049,0,0.002797881692859229,0.12978988738724517
8936970049,0,0.004693293338483618,0.12504442627544238
8961970049,0,0.003148866615877182,0.11995328626973123
8986970050,0,0.0025883144136503128,0.11490175763164245
9011970050,0,-0.0018934977715874975,0.10971375437650459
9036970051,0,-0.0021098269380747264,0.10435290900084467
9061970051,0,-0.003673144825560555,0.0987251062805658
9086970051,0,-0.0008608457398415008,0.09303984451630223
9111970052,0,-7.27130744069922e-06,0.08733505765469428
9136970052,0,-0.00037895881842417656,0.0816342754550312
9161970052,0,-0.004177064798875479,0.07556297481301412
9186970053,0,-0.006557627627158028,0.06996161618888476
9211970053,0,-0.009932005746974665,0.06475097025291075
9236970053,0,-0.004592982053603021,0.059711550752287554
9261970054,0,-0.007460961410618449,0.054852707606396954
9286970054,0,-0.0105069611106138,0.04994386356156434
9311970055,0,-0.008048388984273243,0.04503134741223732
9336970055,0,0.004734655825732353,0.04043275233682832
9361970055,0,0.011213648052271666,0.0357124226055324
9386970056,0,0.015714320097355173,0.030919914692056592
9411970056,0,0.022332019236376673,0.026301618784191128
9436970056,0,0.021054773861584285,0.022145449503488457
9461970057,0,0.021525052307324745,0.017605707149435535
9486970057,0,0.02064899090003775,0.013383085289461683
9511970058,0,0.019605471752731054,0.009913490989634866
9536970058,0,0.006919030007842749,0.006710214668694303
9561970058,0,0.0027792608896344824,0.004189031858144843
9586970059,0,0.008755343441673601,0.0021233394734069045
9611970059,0,0.005506871321469688,0.0006267772567699947
9636970059,0,0.003834825360133717,6.273049455345348e-05
9661970060,0,0.002444232996064971,0.0
9686970060,0,0.0030181538706360632,0.0
9711970061,0,0.002862266186479139,0.0
9736970061,0,0.0028091443902093644,0.0
9761970061,0,0.00286178238141293,0.0
9786970062,0,0.0027701753150822877,0.0
9811970062,0,0.0026817684769690126,0.0
9836970062,0,0.0027514890558779947,0.0
9861970063,0,0.002903042415824115,0.0
9886970063,0,0.0029546587245643328,0.0
9911970064,0,0.0030682974198364965,0.0
9936970064,0,0.00302528999536265,0.0
9961970064,0,0.0029899864550901466,0.0
9986970065,0,0.0030642391491046473,0.0
10011970065,0,0.0030179290435758837,0.0
10036970065,0,0.00305272316557279,0.0
10061970066,0,0.0030930639703581784,0.0
10086970066,0,0.003146517315393913,0.0
10111970067,0,0.0031907100622799727,0.006344315435934908
10136970067,0,0.0032126420842960995,0.0060851027456732655
10161970067,0,0.0033202858656155,0.006271236529743963
10186970068,0,0.003372821403981515,0.006400378128867766
10211970068,0,0.003486885563120728,0.006483191581848377
10236970068,0,0.003555584459566362,0.006548260239221526
10261970069,0,0.0037042179136423017,0.006590158198240801
10286970069,0,0.003793913949961418,0.00662914832638577
10311970070,0,0.003950012231617751,0.00665617649667324
10336970070,0,0.003936401656740424,0.006686470297336789
10361970070,0,0.0038061969068188244,0.006716134562212613
10386970071,0,0.0036421001890531907,0.0067673444612563255
10411970071,0,0.0033676247683879974,0.006807527142944081
10436970071,0,0.0031443942649269007,0.006843429683191618
10461970072,0,0.0028683535925769135,0.006901596942012268
10486970072,0,0.0026343242754468116,0.006965340490644351
10511970072,0,0.0024250928138720876,0.007003886466066976
10536970073,0,0.002305262836708522,0.007062339185000435
10561970073,0,0.002333343451933737,0.007109930283899797
10586970074,0,0.002226396919092108,0.007181729798570312
10611970074,0,0.002214880935560251,0.007249409087243707
10636970074,0,0.0021521499169019154,0.007281216517403455
10661970075,0,0.0021840725135352625,0.00738788242379571
10686970075,0,0.0022017911626071376,0.007454554756064469
10711970075,0,0.0022295103469887724,0.0075266448739106685
10736970076,0,0.0023018776242011343,0.007595770593921053
10761970076,0,0.002309232884163592,0.007698652174608382
10786970077,0,0.0023072009028855135,0.007790022686076163
10811970077,0,0.0022991227812358957,0.00787247328768461
10836970077,0,0.0022753878738701015,0.007975317102615356
10861970078,0,0.0022623379436871463,0.008099981033887779
10886970078,0,0.002252573619086182,0.008197078808594252
10911970078,0,0.002251688540406234,0.008298248073205524
10936970079,0,0.0022880834879898627,0.008353619165687567
10961970079,0,0.002261357526950034,0.008430683396015954
10986970080,0,0.0021756230003495258,0.00853251897500574
11011970080,0,0.0020900421530053435,0.00872929498641515
11036970080,0,0.0020635652092790046,0.008781072437794921
11061970081,0,0.0019764304938986437,0.008936357681062884
11086970081,0,0.0019435530937375717,0.008995170094083092
11111970081,0,0.0019357752158202198,0.008955548562423924
11136970082,0,0.0019884516268378664,0.008970740798707121
11161970082,0,0.0020093505827420283,0.008890535217681515
11186970083,0,0.0020306849632057778,0.008868596774116102
11211970083,0,0.0019502239118269508,0.008929311311750385
11236970083,0,0.0020217174940079822,0.008882198974030819
11261970084,0,0.002038754547118933,0.008901872190815131
11286970084,0,0.0020542505387983996,0.008868231449822135
11311970084,0,0.002067979219030125,0.009027349481544569
11336970085,0,0.0021690745564827757,0.009109454806213163
11361970085,0,0.0019300122437080215,0.009211267805589703
11386970086,0,0.002601408455471658,0.009851494809743178
11411970086,0,0.006323118770056369,0.025156976849273347
11436970086,0,0.00688775201031232,0.02839748254331727
11461970087,0,0.007008233701359192,0.029139260319909283
11486970087,0,0.007215024793261713,0.030326440328692417
11511970087,0,0.00525528414930442,0.02246747001348282
11536970088,0,0.008063438163970923,0.03372269558284721
11561970088,0,0.017007576573926927,0.07745530642974388
11586970089,0,0.018996368289154013,0.10256321123361048
11611970089,0,0.019242336207770862,0.10181233756788012
11636970089,0,0.020174112037300077,0.1011559596090084
11661970090,0,0.017640927209057522,0.09671961326237345
11686970090,0,0.015120163364411842,0.08863557678273175
11711970090,0,0.01489681902446458,0.08299200917828346
11736970091,0,0.013602012948724875,0.0719973869414431
11761970091,0,0.01467519076954628,0.06700956271403802
11786970091,0,0.0056118840570025565,0.052300412818288365
11811970092,0,-0.006189685336569441,0.07701128930200557
11836970092,0,-0.009134285186511642,0.10700106237044384
11861970093,0,-0.010681734267825808,0.12189959520762533
11886970093,0,-0.011282789491830852,0.14269026129574547
11911970093,0,-0.01225838667671001,0.18930654530430763
11936970094,0,-0.011407128816802704,0.2184405099651905
11961970094,0,-0.011548731444901764,0.21956151246958322
11986970094,0,-0.010205082401816085,0.20961384118686385
12011970095,0,-0.008612354858129041,0.2530801410388367
12036970095,0,-0.00847763933744308,0.31679596949940253
12061970096,0,-0.009437080279023001,0.36047270181250435
12086970096,0,-0.01019649486189087,0.34597885547113555
12111970096,0,-0.006630958245634577,0.44233472918621675
12136970097,0,-0.004628383777844843,0.5862724109750707
12161970097,0,-0.00294664179379961,0.5936131148740694
12186970097,0,0.00027505883077000895,0.8496939599616092
12211970098,0,0.0011590133754165967,1.216283958810891
12236970098,0,0.0009028229403419578,1.4843726760321563
12261970099,0,0.0022143387892948813,2.0905117316959965
12286970099,0,0.0016998234850299752,2.186371919328308
12311970099,0,0.0021351057490105797,2.4381830772126545
12336970100,0,0.0004846019197256147,2.737750633387629
12361970100,0,-0.00040073431527182354,2.8761786119242827
12386970100,0,-0.0034385178668780783,3.209591856629267
12411970101,0,-0.0029050317121934615,3.479168808545319
12436970101,0,-0.0025833312252419374,3.511447335295647
12461970102,0,-0.003376249308944796,3.7625665105001604
12486970102,0,-0.0034130640285711636,3.8056852662362513
12511970102,0,-0.003107075822622823,3.935440393085135
12536970103,0,-0.0028890021119850878,4.030805765702325
12561970103,0,-0.0031104012709749743,4.091707676142121
12586970103,0,-0.0024460003112862917,4.217730830032855
12611970104,0,-0.0037754468297665753,4.36025452681407
12636970104,0,-0.003593550354432674,4.425922133598791
12661970105,0,-0.004694635189837888,4.5847502713831
12686970105,0,-0.0052343410855354485,4.685216791116845
12711970105,0,-0.005972251956166394,4.784973641760744
12736970106,0,-0.0059230617875376075,4.890642176460089
12761970106,0,-0.005916146221002968,4.931603496126651
12786970106,0,-0.006498263322578077,4.990777708049658
12811970107,0,-0.006420564228944874,5.054948591383207
12836970107,0,-0.006117978310976846,5.051975245791195
12861970108,0,-0.007109879726587253,5.1387691459858225
12886970108,0,-0.007346335183828788,5.152484248509252
12911970108,0,-0.007245661041374954,5.172568632246354
12936970109,0,-0.007404388945861742,5.292940822286406
12961970109,0,-0.007524483592855645,5.254211832540077
12986970109,0,-0.007668879483734022,5.2474306928149055
13011970110,0,-0.007592297410621332,5.269341466307043
13036970110,0,-0.0075865757042353705,5.264918186624473
13061970110,0,-0.008546806386438075,5.3163997302721056
13086970111,0,-0.008064059999550191,5.32459910189882
13111970111,0,-0.006830308700210016,5.323417996395001
13136970112,0,-0.005974585604132814,5.364061004446564
13161970112,0,-0.006134959868800791,5.3385858285648835
13186970112,0,-0.007102984081437696,5.324026710880236
13211970113,0,-0.005514785806944019,5.308858420343751
13236970113,0,-0.006433497476729508,5.305936959380987
13261970113,0,-0.006081971830402263,5.298041040542811
13286970114,0,-0.005951499564738172,5.2715616477839795
13311970114,0,-0.005527731861333347,5.2598482251144665
13336970115,0,-0.005578889978216743,5.241750137973741
13361970115,0,-0.005018926879805786,5.188201944884908
13386970115,0,-0.005193681538588794,5.155868430153936
13411970116,0,-0.005017717367140264,5.12710976472136
13436970116,0,-0.004749874344750367,5.075068496990167
13461970116,0,-0.003965505381158643,5.0546524927442285
13486970117,0,-0.0036876063281719804,4.988581671144328
13511970117,0,-0.003950047809293257,4.937778047972865
13536970118,0,-0.004426407969307181,4.889933585078724
13561970118,0,-0.004323535359714248,4.837552200559494
13586970118,0,-0.0053577270299356525,4.790253128671275
13611970119,0,-0.005397326474604879,4.728402276670537
13636970119,0,-0.0046508892511600355,4.663456782627012
13661970119,0,-0.005525578928788717,4.631340539891287
13686970120,0,-0.005827989823159261,4.4876377615922705
13711970120,0,-0.005115350652457365,4.412480301828945
13736970121,0,-0.003602364144374144,4.362123574319557
13761970121,0,-0.0027929511538257058,4.26227796607894
13786970121,0,-0.002267984237174603,4.204317109761335
13811970122,0,-0.0010494699515078655,4.163107579995849
13836970122,0,0.00016044967945327187,4.123710390954717
13861970122,0,0.00019141035777850922,4.092908106059484
13886970123,0,0.0004903293179358858,4.080238328517581
13911970123,0,0.0008694432366856753,4.046855713127528
13936970124,0,0.0004370367669368611,3.9519599826389875
13961970124,0,0.0006848175315959219,3.937815560138233
13986970124,0,0.00022577759295228978,3.8638281261047234
14011970125,0,0.00023881898539878282,3.838597001637403
14036970125,0,-0.0002328753016383746,3.768496793939871
14061970125,0,-0.00011383791100974613,3.7398981616904177
14086970126,0,-0.00010202595261385534,3.702410480768833
14111970126,0,-0.00017952298648411235,3.696255145362784
14136970127,0,-0.0003291354343410876,3.7225970711238734
14161970127,0,-0.000368558432456755,3.6781268937429195
14186970127,0,-8.637912759021764e-05,3.6720886464677904
14211970128,0,6.722755797513784e-05,3.653408501977296
14236970128,0,0.00013090484242473573,3.605409278610491
14261970128,0,-0.0001530431968456192,3.5764467162013194
14286970129,0,-0.00020080614052908757,3.567380998297935
14311970129,0,-0.0002596624497895184,3.57150121522369
14336970129,0,0.0009022039544484256,3.5595543828550427
14361970130,0,0.003234845890922949,3.508972052568098
14386970130,0,0.0030057627691167984,3.4976122169111963
14411970131,0,0.0019471574414808305,3.4956561680543863
14436970131,0,0.0021965390317266126,3.5009752642001324
14461970131,0,0.002116455063708213,3.480483205495918
14486970132,0,0.0016545450226570987,3.461231526674613
14511970132,0,0.0012292931760638738,3.4641166900626494
14536970132,0,0.0008719504852935003,3.4395865768110827
14561970133,0,0.000894249629977515,3.5424366120833644
14586970133,0,0.0011006266416616042,3.612050949222445
14611970134,0,0.0006599428364123817,3.5108068115375515
14636970134,0,0.0009772919236801763,3.398784002157748
14661970134,0,2.0157593901210278e-05,3.3424984662160044
14686970135,0,0.0001669739330667114,3.283082422656779
14711970135,0,0.00010954911761982927,3.2525144795083145
14736970135,0,2.007790836089345e-05,3.1776592384198485
14761970136,0,0.00017589871358219465,3.138884043781505
14786970136,0,0.000296356214375755,3.0742621871240297
14811970137,0,3.133775979887492e-05,2.9729519584158637
14836970137,0,0.00017651200765141884,2.970728184738748
14861970137,0,0.0004057729989672051,2.9627085496450376
14886970138,0,0.0004960126045077673,2.8471612899724343
14911970138,0,0.00037254982047940145,2.762637845373686
14936970138,0,0.0006123093817319282,2.7087272926900128
14961970139,0,0.0003076644463203574,2.562484296476851
14986970139,0,0.0008237635006990605,2.5164227215834694
15011970140,0,0.000983459015318267,2.425812080916891
15036970140,0,0.0011351646315646356,2.335688577358228
15061970140,0,0.0013713326516785976,2.3091227566301606
15086970141,0,0.0024814376056564616,2.2511032346924935
15111970141,0,0.0016270961999301102,2.1374296487425943
15136970141,0,0.0004317419473740244,2.1371688552614416
15161970142,0,-1.03349318746655e-05,2.0589018023353423
15186970142,0,0.000559039598030137,1.9814746113385493
15211970143,0,0.0015455707774056225,1.9467889856519458
15236970143,0,0.002155224924984498,1.8796985320783743
15261970143,0,0.0019855744096499983,1.8042902980501978
15286970144,0,0.0022479034772411857,1.7661466195133426
15311970144,0,0.002010413530931611,1.65861773555127
15336970144,0,0.0020547741866347668,1.5645260655284865
15361970145,0,0.0022940058311826947,1.4891748247580066
15386970145,0,0.0019938360926335594,1.4293430277903352
15411970146,0,0.0017812322251561418,1.3861192544880607
15436970146,0,0.0016475597312746839,1.3638037161392589
15461970146,0,0.0018505259172419978,1.3255203962034832
15486970147,0,0.0010819090774236155,1.3209442400569387
15511970147,0,0.0003070170013052833,1.231312153803241
15536970147,0,0.00029501152088290877,1.1317958185942294
15561970148,0,0.0018677266103018135,1.0606414763401841
15586970148,0,0.0019454854680902545,0.9957883968452126
15611970148,0,0.0017887326266384622,0.9010122015897727
15636970149,0,0.0015840076669598692,0.8031018644858581
15661970149,0,0.0016159117651642144,0.7814916490814668
15686970150,0,0.0009981268465608694,0.7533801513857084
15711970150,0,0.00012269865472818082,0.8158462769123
15736970150,0,-0.0010375199663724974,0.7640906417549918
15761970151,0,-0.0009287862006980488,0.7913034892451373
15786970151,0,-0.001538545647026629,0.8664046027000952
15811970151,0,-0.002064117320010493,0.6761771708968861
15836970152,0,-0.0021523733247795977,0.5658729354702214
15861970152,0,-0.002943396030987777,0.48020255033539117
15886970153,0,-0.0025941172323062493,0.35546591803060085
15911970153,0,-0.0024634642512203677,0.3463261836092586
15936970153,0,-0.0017534305130956153,0.3259158622780317
15961970154,0,-0.0019226214136172164,0.30708159887103176
15986970154,0,-0.0016900918921923637,0.2888102297094532
16011970154,0,-0.00014548730007629272,0.2714813538422631
16036970155,0,0.000430427135958797,0.25512582933334516
16061970155,0,0.0002955807033137432,0.23903647366142272
16086970156,0,0.0012855938562098582,0.22348502022666833
16111970156,0,0.002708648117265167,0.20910732713585914
16136970156,0,0.00526329823793057,0.19470040454870427
16161970157,0,0.006118980068281535,0.18100080732756169
16186970157,0,0.006707099198589793,0.16806845657767125
16211970157,0,0.007694768742826946,0.1554296497724958
16236970158,0,0.005318598579954361,0.14339254890915434
16261970158,0,0.0054839773811454495,0.13207697781996006
16286970159,0,0.005728331667570886,0.12107578064921617
16311970159,0,0.003258444194505344,0.11176022668961696
16336970159,0,0.0026519703537587545,0.10255535837408643
16361970160,0,-0.0021468963668388936,0.11525701577151727
16386970160,0,-0.00039219230994107614,0.08397973662265285
16411970160,0,-0.002673832654700684,0.07879449502394745
16436970161,0,-0.001606729433372358,0.07138097321796619
16461970161,0,-0.0019259867047395252,0.06416802525178504
16486970162,0,-0.0027649601848333477,0.056798223054519356
16511970162,0,-0.0038456512137417668,0.0501726636995516
16536970162,0,-0.004879761775466777,0.044489288805462227
16561970163,0,-0.004232558662925756,0.03943207194747368
16586970163,0,-0.00422976824605859,0.034880166908086915
16611970163,0,-0.005727241686989419,0.031155864755210417
16636970164,0,-0.004216523370893074,0.028332707074215445
16661970164,0,-0.005373914578268583,0.025573774825471175
16686970164,0,-0.002091331354984763,0.02286862365274491
16711970165,0,-0.002270958215375713,0.019219470309281273
16736970165,0,-0.002898268401959071,0.015800443005351827
16761970166,0,-0.002690434283252046,0.011866663635405594
16786970166,0,-0.002244252175720963,0.006823940201556078
16811970166,0,-0.001700325792298766,0.0035624594820602984
16836970167,0,-0.0013544336290807041,0.001487311709715966
16861970167,0,-0.000427372053034873,0.00025060995909488294
16886970167,0,0.0023226143631125086,0.00025060995909488294
16911970168,0,0.0029585320110061602,0.00025060995909488294
16936970168,0,0.0025928095318978276,0.00025060995909488294
16961970169,0,0.004267630257584114,0.00025060995909488294
16986970169,0,0.003759134057525282,0.00025060995909488294
17011970169,0,-0.0005558464883667359,0.00025060995909488294
17036970170,0,0.001786098734939776,0.00025060995909488294
17061970170,0,0.0001938549963189429,0.00025060995909488294
17086970170,0,0.0009544961673252588,0.00025060995909488294
17111970171,0,0.0002957457662186852,0.00025060995909488294
17136970171,0,0.0019211102304897713,0.1791226559285992
17161970172,0,0.00035204075454036115,0.2313652959181106
17186970172,0,0.001451887618158512,0.33619050111991866
17211970172,0,0.0011477506780664614,0.6367194628453413
17236970173,0,-0.0015138047097143345,0.6994717427310346
17261970173,0,0.0001049600842712269,0.9348708704447002
17286970173,0,0.0002854222198794263,1.1847917841364888
17311970174,0,0.0019560551858308494,1.380841859489556
17336970174,0,0.0032388258990705583,1.7303530723936003
17361970175,0,0.007241173034134246,1.7200959427826616
17386970175,0,0.0075077396649229945,1.8928181427561588
17411970175,0,0.006925474575915871,2.0231259592808604
17436970176,0,0.007461830833007969,2.0295762814560403
17461970176,0,0.005179272681578641,2.1800874116355975
17486970176,0,0.007868457607508216,2.1303848458899437
17511970177,0,0.007669094346328085,2.1092828204148404
17536970177,0,0.008247302587559437,2.1330875437093697
17561970178,0,0.009021757816162103,2.1267222011489304
17586970178,0,0.009551606895113687,2.1202126595366626
17611970178,0,0.00914215839871258,2.1311519558943655
17636970179,0,0.011263023205190473,2.089772845786764
17661970179,0,0.01070202277179932,2.074647842736698
17686970179,0,0.010221795017167875,2.0544007029485223
17711970180,0,0.010639271831755906,2.0464977851307293
17736970180,0,0.00977528847565122,2.057970441027294
17761970181,0,0.01081425274055517,2.0276551004984977
17786970181,0,0.00961461681316313,2.0836788356178926
17811970181,0,0.008146501802014743,2.0991819065100046
17836970182,0,0.007459110140988582,2.1248595585629464
17861970182,0,0.0066305896962370325,2.146961680777502
17886970182,0,0.005456201278520732,2.152585087582806
17911970183,0,0.006433847520150892,2.135936428439869
17936970183,0,0.0058363454174703315,2.093583098794536
17961970183,0,0.006321574862712729,2.060349025957182
17986970184,0,0.006153489599063025,2.076010302901405
18011970184,0,0.006410512463442759,2.0882466145224927
18036970185,0,0.007096126852328639,2.0766597840865906
18061970185,0,0.005734719317400926,2.1087239438440677
18086970185,0,0.006213367590786803,2.0863266371545723
18111970186,0,0.005482362325997957,2.0639378525314696
18136970186,0,0.004534209694977558,2.1128651042284097
18161970186,0,0.004015839602699826,2.1137352493849435
18186970187,0,0.002149555867973388,2.1805976442232695
18211970187,0,0.002064270995493239,2.1574432563417902
18236970188,0,0.0024064278990089507,2.138696911838551
18261970188,0,0.0013771767322871891,2.201682385258771
18286970188,0,0.0005340467974921984,2.2356466730624414
18311970189,0,-0.0013932419101710697,2.2750593173997835
18336970189,0,-0.0038931679860238987,2.3917587281568387
18361970189,0,-0.003023869888971298,2.3839974569323594
18386970190,0,-0.004516580695912118,2.3882641941737224
18411970190,0,-0.0050853504694841605,2.4122991905055597
18436970191,0,-0.006153673164170549,2.3891999212803983
18461970191,0,-0.007222251990950812,2.420496024510079
18486970191,0,-0.006843765595831018,2.430066614155972
18511970192,0,-0.00586421828488187,2.4769592900379154
18536970192,0,-0.007636901391813669,2.5336528294133647
18561970192,0,-0.009445450106668422,2.5400762237322025
18586970193,0,-0.008874863218185942,2.5769324853755102
18611970193,0,-0.008091558625739875,2.5850880832826206
18636970194,0,-0.008470247080622615,2.570167483121978
18661970194,0,-0.010039184221656857,2.6019243207594824
18686970194,0,-0.00890081224520768,2.6290457509582312
18711970195,0,-0.005688481786405674,2.5843263051810403
18736970195,0,-0.006981388215782467,2.619342423123938
18761970195,0,-0.007433569506134542,2.6532836965883875
18786970196,0,-0.008576490673162166,2.658411284312189
18811970196,0,-0.010259777987507114,2.6643707975859785
18836970197,0,-0.009667851026736575,2.5635894662889704
18861970197,0,-0.01075373584532636,2.4523876860375595
18886970197,0,-0.009216004131062614,2.440900043820771
18911970198,0,-0.010465342491271186,2.446784281159703
18936970198,0,-0.012899755669334979,2.4056888884381604
18961970198,0,-0.011075074901434303,2.28591469012845
18986970199,0,-0.009382287932318729,2.274175268402666
19011970199,0,-0.008495685266412683,2.2350925231046515
19036970200,0,-0.007171655941717866,2.2005957051856253
19061970200,0,-0.006411221099342727,2.152049522362273
19086970200,0,-0.00731531616430439,2.0776839254640245
19111970201,0,-0.007931782002624278,2.0247726919118105
19136970201,0,-0.008703032734141346,2.2217434658513517
19161970201,0,-0.0078295269559688,2.1557393086024295
19186970202,0,-0.007688581733577355,2.145134840274476
19211970202,0,-0.007500337451183572,2.134951947165838
19236970202,0,-0.006539597350705271,2.0818613888208244
19261970203,0,-0.005054119429504278,1.900915900690683
19286970203,0,-0.0036665038895487946,1.7182448205453131
19311970204,0,-0.0031592428153648737,1.7836711235186427
19336970204,0,-0.003239800627756943,1.8128435803255256
19361970204,0,-0.00287006398955515,1.7708748144698732
19386970205,0,-0.0003042891982790894,1.711523259439869
19411970205,0,0.0013179760676561042,1.663482388975732
19436970205,0,0.00152266545343277,1.6497484372237405
19461970206,0,0.0010815092267659552,1.7438854364577432
19486970206,0,0.0013887112142480487,1.747061668758728
19511970207,0,0.0018399348551602472,1.761155838468276
19536970207,0,0.0013429902125351983,1.7689698158966538
19561970207,0,0.0023585098531130797,1.7267474294643923
19586970208,0,0.002841318850068356,1.6711460494876433
19611970208,0,0.002741746075618188,1.6244873871331216
19636970208,0,0.0026585074139768875,1.5531151496101727
19661970209,0,0.002058638935340132,1.4977872714805796
19686970209,0,0.0015578124685367936,1.4249070557267427
19711970210,0,0.001177888887779143,1.357574809510773
19736970210,0,0.0006933936878725192,1.2910251756589917
19761970210,0,0.0010233672414562205,1.21178828206176
19786970211,0,0.001233453899633273,1.1702662280357359
19811970211,0,0.0017186121970718183,1.1358035836835974
19836970211,0,0.0015673918088477362,1.0776413039994466
19861970212,0,0.0006671259186895118,1.0402981048237703
19886970212,0,-7.308160304984911e-05,0.9570525365145947
19911970213,0,-0.00013361842343731845,1.0244289391961312
19936970213,0,-0.0005649904041180904,0.9418475897753092
19961970213,0,-0.0015206918171274308,0.95456852992485
19986970214,0,0.0009647585265532028,0.8093483334087753
20011970214,0,0.0001701627776354612,0.8098720502954271
20036970214,0,-0.0006056499510647454,0.801026103742189
20061970215,0,-0.0013770643225306798,0.7819421926521242
20086970215,0,-0.0017489325489359463,0.677160975560431
20111970216,0,-0.0015763905868528077,0.7163303854639017
20136970216,0,-0.0007266638276844464,0.6323719112117442
20161970216,0,-0.0005315253230971821,0.6020218449506611
20186970217,0,5.569023010212441e-05,0.511971767136159
20211970217,0,0.0010542126603392135,0.5162630920426063
20236970217,0,0.0023174803375863823,0.44478430087288123
20261970218,0,0.002873036541026603,0.37108880658059623
20286970218,0,0.0032682995882952408,0.34251424219040955
20311970219,0,0.003671063037046199,0.2916381952154909
20336970219,0,0.0036614751589987937,0.29869281242825374
20361970219,0,0.0029425536372165617,0.3062980251820386
20386970220,0,0.0030315894219159097,0.26612726895268957
20411970220,0,0.0036588853789384966,0.2880596655445131
20436970220,0,0.0032672209875888093,0.3705388379027525
20461970221,0,0.0027086623468259375,0.3736923650050812
20486970221,0,0.0018867700314814558,0.39666874754370257
20511970221,0,0.0014454700862508545,0.3866901238323374
20536970222,0,0.0011329988924153108,0.35079129421148586
20561970222,0,0.001786517084026439,0.33644643548938463
20586970223,0,0.0008093162276484064,0.3001775360379387
20611970223,0,0.0005669697322477373,0.31951483172503004
20636970223,0,0.0005463112559206029,0.26792219921252775
20661970224,0,-0.0015155919425471544,0.31098680467014667
20686970224,0,-0.00297516921723303,0.29221847074926793
20711970224,0,-0.002474726948570503,0.20904500387938343
20736970225,0,-0.0016070965560402463,0.20075485773712695
20761970225,0,-0.0026001662185899423,0.2632103862878387
20786970226,0,-0.0025083542465841996,0.3055555459957729
20811970226,0,-0.004162273170454171,0.30234938059024646
20836970226,0,-0.004608170686769837,0.24982110849424177
20861970227,0,-0.004890960439793443,0.24388512416537486
20886970227,0,-0.004136193231473339,0.22388460968172252
20911970227,0,-0.0027354637283114316,0.2112399671409499
20936970228,0,-0.0023465612947073684,0.20678359886918954
20961970228,0,-0.0024087786262218763,0.20754916407583865
20986970229,0,-0.0023227580854498745,0.1923267098834359
21011970229,0,-6.22756746004581e-05,0.16030542331587602
21036970229,0,0.0013297197241602945,0.09941136572579519
21061970230,0,0.002245763351301249,0.07920262763730379
21086970230,0,0.002606114171218581,0.06912077935421482
21111970230,0,0.0030297595004007767,0.0560602547811929
21136970231,0,0.0036926193986579745,0.05605911303087651
21161970231,0,0.0032870939921613917,0.0509822298919026
21186970232,0,0.003043347307980871,0.06175152587170836
21211970232,0,0.003065754597326744,0.07232378382937842
21236970232,0,0.0026003013956436847,0.09233789838449029
21261970233,0,0.0027715982711593737,0.16144432875217665
21286970233,0,0.0028846379019230846,0.16135537512759754
21311970233,0,0.002234951731027549,0.19674511605961326
21336970234,0,0.0020369189337794916,0.21906326264310408
21361970234,0,0.0009483874168863285,0.21043446238954736
21386970235,0,0.0004469789610474613,0.23089169328418369
21411970235,0,0.00039568281742458837,0.27464412794462534
21436970235,0,-0.0005526277617203673,0.3005014689424928
21461970236,0,-0.0010685517925015887,0.33777260494662864
21486970236,0,-0.0014630805944344503,0.3460587760980679
21511970236,0,-0.0017032200849595592,0.35249111318651605
21536970237,0,-0.0018075256113221166,0.35077524189690185
21561970237,0,-0.001515035566721014,0.331666783377334
21586970238,0,-0.0012493838966898304,0.38203333136687256
21611970238,0,-0.0026877107453205035,0.40167793190411266
21636970238,0,-0.0022600839850346215,0.4025201990559006
21661970239,0,-0.0017153934741990296,0.4187861013651779
21686970239,0,-0.0017329456374098856,0.406595961393717
21711970239,0,-0.0005578457416550418,0.3861300599025844
21736970240,0,0.0009667093993348877,0.41800955667061057
21761970240,0,0.0002381160450967026,0.44966607593671776
21786970240,0,0.0009501803415434568,0.49258841021200556
21811970241,0,0.0017308453504665266,0.5090436818464734
21836970241,0,0.0028616144725958337,0.49077509462120544
21861970242,0,0.00414251115268202,0.4720595726186752
21886970242,0,0.004116998973175945,0.387045305001444
21911970242,0,0.0031271195781510776,0.3934790854282815
21936970243,0,0.002671025158587013,0.48106427049259126
21961970243,0,0.002404045870535908,0.4913799208063246
21986970243,0,0.0031307723064009567,0.5212589315188776
22011970244,0,0.00361811911028606,0.5343447835206422
22036970244,0,0.003691277551077282,0.5209061941781549
22061970245,0,0.0031168301827576685,0.544950972417181
22086970245,0,0.0019749278522812404,0.5546783259526167
22111970245,0,0.00269215605633174,0.5818784318197273
22136970246,0,0.0037576114945228,0.5670219233650574
22161970246,0,0.004121452825697225,0.5537090674774106
22186970246,0,0.002577761771382644,0.5291464940253338
22211970247,0,0.0023564764488789238,0.54148628435785
22236970247,0,0.0023164999208492697,0.5515636162729664
22261970248,0,0.0029495204301699745,0.5454915746909518
22286970248,0,0.0035265803458471193,0.5513474054796502
22311970248,0,0.003847304684929761,0.5762374875020868
22336970249,0,0.004405225841370098,0.5686347374673607
22361970249,0,0.005207465710333946,0.5638986167436364
22386970249,0,0.005476643465524149,0.5680826471558493
22411970250,0,0.007869984439378929,0.5881244993056183
22436970250,0,0.009443050998948875,0.5580488595715671
22461970251,0,0.00952977305706688,0.5471932881278878
22486970251,0,0.013123054470914195,0.5321766964280363
22511970251,0,0.011542015088444336,0.5138549503284343
22536970252,0,0.013053366619994986,0.48875368989230433
22561970252,0,0.013428011033706645,0.4864833221630984
22586970252,0,0.010777473594830726,0.5033618992657739
22611970253,0,0.010447609608864962,0.48849193777251104
22636970253,0,0.00852646522554255,0.4642387910067835
22661970254,0,0.006204153950187671,0.43801248099411255
22686970254,0,0.006612429930781262,0.4295082964520456
22711970254,0,0.006285528539367989,0.45259123757409553
22736970255,0,0.006447627426801394,0.4611325360700533
22761970255,0,0.006866998195928021,0.46008793396478675
22786970255,0,0.005795944848529705,0.46148025134205634
22811970256,0,0.006472870667608898,0.46124114101204866
22836970256,0,0.007246759559692884,0.47441192228818657
22861970257,0,0.007043197155129272,0.45447657507377665
22886970257,0,0.006336141664073858,0.46893414136462713
22911970257,0,0.006374924331954838,0.4719085496605057
22936970258,0,0.003409409873591627,0.46631512624042587
22961970258,0,0.0038578530583291996,0.4339226522920574
22986970258,0,0.004013023572623273,0.4368936292673056
23011970259,0,0.004862818633683335,0.4269693374653538
23036970259,0,0.0040498411381617964,0.438442273286663
23061970259,0,0.003731399220626799,0.4355199752571685
23086970260,0,0.0039043794531816805,0.4478117292383151
23111970260,0,0.004010512055147217,0.4438142690522993
23136970261,0,0.0042231614572191,0.43163090271339427
23161970261,0,0.0049763221481281756,0.409734176539793
23186970261,0,0.004984549680165887,0.4061724714354085
23211970262,0,0.005699239330574864,0.3857848790506629
23236970262,0,0.006656784894660108,0.41067044583184775
23261970262,0,0.00699367259182237,0.3839532030968703
23286970263,0,0.007490817871254288,0.38034168063037643
23311970263,0,0.007011611799086193,0.3699049779088226
23336970264,0,0.007289436858356848,0.3720510377677438
23361970264,0,0.006957067046739333,0.3654078993657186
23386970264,0,0.0068272180358370065,0.35928981453756303
23411970265,0,0.004644429026796485,0.34329674455710624
23436970265,0,0.004249537371063966,0.32459948100654523
23461970265,0,0.003203509552193361,0.34149762568925285
23486970266,0,0.003188621162758811,0.35206454092644524
23511970266,0,0.003114083877528892,0.3726242639508538
23536970267,0,0.003046056616351643,0.3807765037177807
23561970267,0,0.0028907665737470944,0.37380268044623194
23586970267,0,0.0007015742623596868,0.3885521175813342
23611970268,0,0.0005017883832246598,0.3994672585382164
23636970268,0,0.0001204091184001495,0.4067103266485965
23661970268,0,0.0001313075389945513,0.42834484645311227
23686970269,0,-0.0006439644663963627,0.4370046627531499
23711970269,0,-0.00017188028939408364,0.45147687470158976
23736970270,0,-0.00029497452779848394,0.4331032799318119
23761970270,0,0.00013209301074910257,0.42989073227135605
23786970270,0,-0.0003976877663107823,0.426385330260568
23811970271,0,-0.0008524986794933146,0.42695056514466373
23836970271,0,-0.0013592631420063337,0.42350826244477086
23861970271,0,-0.0003362601754190572,0.4143699638569993
23886970272,0,0.0006430466559530629,0.40907617781161515
23911970272,0,0.0008042533499261344,0.40827329975442594
23936970273,0,-0.00010224793376188078,0.39897102917574434
23961970273,0,-2.7447401657701497e-05,0.39059477948006394
23986970273,0,-7.405063613834472e-05,0.3814927348608708
24011970274,0,0.0007354164267410227,0.36346033682075257
24036970274,0,0.0011198393946144196,0.37604415326978263
24061970274,0,0.0007320397519700976,0.38940708710287686
24086970275,0,0.0010000065715387,0.3890158242621709
24111970275,0,0.0010508985956356803,0.40234873187868225
24136970276,0,0.0010117616116915075,0.3726458913093452
24161970276,0,0.002777393971261345,0.39615089818057453
24186970276,0,0.0029203939422281014,0.3892493474435821
24211970277,0,0.00421626154320131,0.3795287444435182
24236970277,0,0.001949318911761924,0.41634175893437925
24261970277,0,0.0016488702738216804,0.4196377771289919
24286970278,0,0.0005641295119178737,0.4497222628212979
24311970278,0,0.0013341408486918006,0.44358288557252573
24336970278,0,0.0001317201962569061,0.4518035705799075
24361970279,0,-0.0005380325012376963,0.4713296102519522
24386970279,0,-0.0010271451936144636,0.4615334700370049
24411970280,0,-0.0017936475207022968,0.4403758087716719
24436970280,0,-0.0017898909166587894,0.44621523350152387
24461970280,0,-0.0030231754864056795,0.4802425886656138
24486970281,0,-0.002023575878418236,0.4820341647017713
24511970281,0,-0.0015163731454334748,0.45900567699734157
24536970281,0,-0.0024242148537461056,0.43987764232663845
24561970282,0,-0.002785948786970366,0.43952839504158336
24586970282,0,-0.005433936288556146,0.3993613382520153
24611970283,0,-0.004124860809275426,0.3963775062925768
24636970283,0,-0.003013095265555602,0.4400730740645464
24661970283,0,-0.0016476436894568116,0.45342155370024556
24686970284,0,-0.0007040729770046294,0.4315957745564564
24711970284,0,-0.00013725265325819608,0.41237519615576523
24736970284,0,-0.0002476171265969855,0.4218716023802219
24761970285,0,-0.00030551009459322886,0.41626465498958753
24786970285,0,0.00016943564708007025,0.40753018457537454
24811970286,0,0.0004740080117317095,0.4091289642454583
24836970286,0,0.0012048524824838447,0.3942238483174726
24861970286,0,0.0013686204973956716,0.41789861904908715
24886970287,0,0.0014851321409874722,0.40039145687747485
24911970287,0,0.0015584670283322532,0.40031452397001344
24936970287,0,0.0011486869831651837,0.4103079603324898
24961970288,0,0.002426993883191074,0.4326065596912389
24986970288,0,0.002985794426487051,0.4149367483167234
25011970289,0,0.0030517342110992153,0.41389390266366044
25036970289,0,0.002298607671135991,0.4320462913021476
25061970289,0,0.0025208734103768227,0.447279059264095
25086970290,0,0.0025228925850502076,0.43919312486635453
25111970290,0,0.0025090244551229275,0.4362706977820136
25136970290,0,0.0020481147521940043,0.42539779322946425
25161970291,0,0.0017246996031695923,0.43111170515988906
25186970291,0,0.0005431935591557075,0.43973669091832895
25211970292,0,0.0003033571582750181,0.48586600389709855
25236970292,0,-0.0006951638490059939,0.49978578084700254
25261970292,0,-0.0010095190366875995,0.5154584215722536
25286970293,0,-0.003123150957425664,0.5314546119760692
25311970293,0,-0.0029113268698784892,0.47504085230348586
25336970293,0,-0.003886343488678195,0.4808184202636559
25361970294,0,-0.007786839696612298,0.453328641208916
25386970294,0,-0.006821635782920178,0.4711120848622485
25411970295,0,-0.007006396668837254,0.47780164471389686
25436970295,0,-0.005813501284382371,0.4823627855404109
25461970295,0,-0.005004811155521093,0.46593956899969746
25486970296,0,-0.005358007352282839,0.427911701624682
25511970296,0,-0.005306913268422911,0.46386197089874015
25536970296,0,-0.004856038251749599,0.43557614382833465
