ts,agent_id,x,y,z,v
2027149002,0,192.36241149902344,-86.26268005371094,0.5393258333206177,0.0
2052149003,0,192.36241149902344,-86.26268005371094,0.4919061064720154,0.0
2077149003,0,192.36241149902344,-86.26268005371094,0.4383743107318878,0.0
2102149004,0,192.36241149902344,-86.26268005371094,0.3787320554256439,0.0
2127149004,0,192.36241149902344,-86.26268005371094,0.31298086047172546,0.0
2152149004,0,192.36241149902344,-86.26268005371094,0.24112220108509064,0.0
2177149005,0,192.36241149902344,-86.26268005371094,0.16315768659114838,0.0
2202149005,0,192.36241149902344,-86.26268005371094,0.08290393650531769,0.0
2227149005,0,192.36241149902344,-86.26268005371094,0.026514854282140732,3.6420758302078334e-08
2252149006,0,192.36241149902344,-86.26268005371094,-0.008726844564080238,8.50152833493677e-08
2277149006,0,192.36241149902344,-86.26268005371094,-0.029134521260857582,4.065862280530724e-08
2302149007,0,192.36241149902344,-86.26268005371094,-0.03932075574994087,8.344092462593322e-08
2327149007,0,192.36241149902344,-86.26268005371094,-0.04107673466205597,0.0002859899821612718
2352149007,0,192.36244201660156,-86.26265716552734,-0.03865554556250572,0.001159313004156031
2377149008,0,192.36241149902344,-86.26264190673828,-0.03404334932565689,0.0004835808047665772
2402149008,0,192.36241149902344,-86.26263427734375,-0.028247259557247162,0.00013375873270873384
2427149008,0,192.36241149902344,-86.26263427734375,-0.02195255272090435,4.4838288017903845e-05
2452149009,0,192.36241149902344,-86.26263427734375,-0.015612220391631126,0.00012746939108881214
2477149009,0,192.36241149902344,-86.26263427734375,-0.009513778612017632,0.00016162171556736434
2502149010,0,192.36244201660156,-86.26264190673828,-0.003827972337603569,0.00016966689010014996
2527149010,0,192.36244201660156,-86.26264190673828,0.0013550185831263661,0.00016444118744836364
2552149010,0,192.36244201660156,-86.26264190673828,0.006000022869557142,0.00015280008515349496
2577149011,0,192.36244201660156,-86.26265716552734,0.01010768860578537,0.00013930307778069493
2602149011,0,192.36244201660156,-86.26265716552734,0.013701400719583035,0.00012435234521785448
2627149011,0,192.36244201660156,-86.26265716552734,0.016817854717373848,0.00011048855370629825
2652149012,0,192.36245727539062,-86.26266479492188,0.01950054056942463,9.747932256465627e-05
2677149012,0,192.36245727539062,-86.26266479492188,0.02179538644850254,8.570597750091893e-05
2702149013,0,192.36245727539062,-86.26266479492188,0.02374778687953949,7.452520035200684e-05
2727149013,0,192.36245727539062,-86.26266479492188,0.02540103904902935,6.562527197532308e-05
2752149013,0,192.36245727539062,-86.2626724243164,0.026795310899615288,5.7323070816375604e-05
2777149014,0,192.36245727539062,-86.2626724243164,0.02796676568686962,5.0091704700580996e-05
2802149014,0,192.36245727539062,-86.2626724243164,0.028947867453098297,4.353516210927123e-05
2827149014,0,192.36245727539062,-86.2626724243164,0.029767073690891266,3.8321942509789264e-05
2852149015,0,192.36245727539062,-86.2626724243164,0.030449293553829193,3.321883581401919e-05
2877149015,0,192.36245727539062,-86.2626724243164,0.03101608157157898,2.9022405190654945e-05
2902149016,0,192.36245727539062,-86.2626724243164,0.03148593753576279,2.5370704116847458e-05
2927149016,0,192.36245727539062,-86.2626724243164,0.031874656677246094,2.2099550667657404e-05
2952149016,0,192.36245727539062,-86.2626724243164,0.032195623964071274,1.856381784793446e-05
2977149017,0,192.36245727539062,-86.2626724243164,0.03246017545461655,1.6372989975552627e-05
3002149017,0,192.36245727539062,-86.2626724243164,0.03267795592546463,1.4068556385507108e-05
3027149017,0,192.36245727539062,-86.2626724243164,0.03285682573914528,1.2584232578457344e-05
3052149018,0,192.36245727539062,-86.2626724243164,0.03300369158387184,1.122936065995976e-05
3077149018,0,192.36245727539062,-86.2626724243164,0.03312404453754425,9.792703858863941e-06
3102149019,0,192.36245727539062,-86.2626724243164,0.033222541213035583,8.330078998682133e-06
3127149019,0,192.36245727539062,-86.2626724243164,0.03330310806632042,6.965640861746483e-06
3152149019,0,192.36245727539062,-86.2626724243164,0.033368948847055435,5.933323450726343e-06
3177149020,0,192.36245727539062,-86.2626724243164,0.03342258557677269,5.4892955057770166e-06
3202149020,0,192.36245727539062,-86.26268005371094,0.033466413617134094,4.5894530115641466e-06
3227149020,0,192.36245727539062,-86.26268005371094,0.0334714874625206,5.014582957384397e-07
3252149021,0,192.36245727539062,-86.26268005371094,0.0334848016500473,3.229392391758016e-07
3277149021,0,192.36245727539062,-86.26268005371094,0.03350048139691353,3.8068827221903063e-07
3302149021,0,192.36245727539062,-86.26268005371094,0.033516958355903625,4.117799997835079e-07
3327149022,0,192.36245727539062,-86.26268005371094,0.033533286303281784,4.4352550498073635e-07
3352149022,0,192.36245727539062,-86.26268005371094,0.03354877233505249,3.7132687543966163e-07
3377149023,0,192.36245727539062,-86.26268005371094,0.0335630401968956,2.80847448106674e-07
3402149023,0,192.36245727539062,-86.26268005371094,0.03357597440481186,2.785930117835573e-07
3427149023,0,192.36245727539062,-86.26268005371094,0.0335874930024147,2.273873301184131e-07
3452149024,0,192.36245727539062,-86.26268005371094,0.0335976779460907,2.1184871957002453e-07
3477149024,0,192.36245727539062,-86.26268005371094,0.033606529235839844,1.5507472413045783e-07
3502149024,0,192.36245727539062,-86.26268005371094,0.033614158630371094,2.2190615805443668e-07
3527149025,0,192.36245727539062,-86.26268005371094,0.033620718866586685,1.3183927144077763e-07
3552149025,0,192.36245727539062,-86.26268005371094,0.03362636640667915,1.019116151258812e-07
3577149026,0,192.36245727539062,-86.26268005371094,0.03363117203116417,7.654919737971518e-08
3602149026,0,192.36245727539062,-86.26268005371094,0.033635213971138,1.715900114728668e-07
3627149026,0,192.36245727539062,-86.26268005371094,0.033638570457696915,6.60440391217173e-08
3652149027,0,192.36245727539062,-86.26268005371094,0.033638570457696915,7.744410259323085e-08
3677149027,0,192.36245727539062,-86.26268005371094,0.033640097826719284,2.2248669538787526e-08
3702149027,0,192.36245727539062,-86.26268005371094,0.03364143148064613,8.069770550018741e-08
3727149028,0,192.36245727539062,-86.26268005371094,0.033642884343862534,8.348328181817506e-08
3752149028,0,192.36245727539062,-86.26268005371094,0.03364429250359535,6.17879578224745e-08
3777149029,0,192.36245727539062,-86.26268005371094,0.033645667135715485,6.669277660269743e-08
3802149029,0,192.36245727539062,-86.26268005371094,0.03364696353673935,8.145353110929445e-08
3827149029,0,192.36245727539062,-86.26268005371094,0.03364810720086098,3.2048385393568575e-08
3852149030,0,192.36245727539062,-86.26268005371094,0.03364913910627365,8.504739156576518e-08
3877149030,0,192.36245727539062,-86.26268005371094,0.03364913910627365,3.2090301212003444e-08
3902149030,0,192.36245727539062,-86.26268005371094,0.03365085646510124,1.1551022401864935e-07
3927149031,0,192.36245727539062,-86.26268005371094,0.03365085646510124,1.780425893370211e-08
3952149031,0,192.36245727539062,-86.26268005371094,0.03365215286612511,1.3112424125621077e-08
3977149032,0,192.36245727539062,-86.26268005371094,0.03365215286612511,4.8647319998483535e-08
4002149032,0,192.36245727539062,-86.26268005371094,0.03365215286612511,2.3321235991344597e-08
4027149032,0,192.36245727539062,-86.26268005371094,0.033653486520051956,9.601660585929009e-08
4052149033,0,192.36245727539062,-86.26268005371094,0.033653486520051956,1.7135230529892557e-08
4077149033,0,192.36245727539062,-86.26268005371094,0.033653486520051956,5.797454803846361e-08
4102149033,0,192.36245727539062,-86.26268005371094,0.033653486520051956,9.9442477347524e-08
4127149034,0,192.36245727539062,-86.26268005371094,0.033653486520051956,7.773003565285492e-09
4152149034,0,192.36245727539062,-86.26268005371094,0.033653486520051956,1.0626750630370722e-08
4177149035,0,192.36245727539062,-86.26268005371094,0.033653486520051956,9.756895251527253e-09
4202149035,0,192.36245727539062,-86.26268005371094,0.033653486520051956,9.410482841064542e-09
4227149035,0,192.36245727539062,-86.26268005371094,0.03365451842546463,9.281769766280298e-09
4252149036,0,192.36245727539062,-86.26268005371094,0.03365451842546463,2.329890706020838e-08
4277149036,0,192.36245727539062,-86.26268005371094,0.03365451842546463,6.451197195059914e-09
4302149036,0,192.36245727539062,-86.26268005371094,0.03365451842546463,5.229735290938448e-09
4327149037,0,192.36245727539062,-86.26268005371094,0.03365451842546463,4.3486467948329276e-08
4352149037,0,192.36245727539062,-86.26268005371094,0.03365451842546463,2.867033953095911e-09
4377149038,0,192.36245727539062,-86.26266479492188,0.03365615755319595,0.0013511489259257208
4402149038,0,192.36251831054688,-86.25653839111328,0.03353568911552429,0.3201690680639296
4427149038,0,192.3626708984375,-86.24253845214844,0.033331070095300674,0.6303410064204784
4452149039,0,192.36288452148438,-86.2209243774414,0.033090971410274506,0.9311122793891546
4477149039,0,192.3632049560547,-86.19197845458984,0.032845571637153625,1.2220579724474925
4502149039,0,192.3635711669922,-86.15595245361328,0.03261302784085274,1.5028869306008203
4527149040,0,192.36399841308594,-86.11312103271484,0.03240310773253441,1.7734188906117485
4552149040,0,192.364501953125,-86.06375122070312,0.032220955938100815,2.0335704647418775
4577149040,0,192.36505126953125,-86.00809478759766,0.03206798434257507,2.2833437316556875
4602149041,0,192.36569213867188,-85.9464111328125,0.03194373846054077,2.522822752930868
4627149041,0,192.3664093017578,-85.87895202636719,0.03184661641716957,2.75216372926167
4652149042,0,192.3671417236328,-85.80596160888672,0.031774330884218216,2.971586891388809
4677149042,0,192.36795043945312,-85.72769165039062,0.03172428160905838,3.1813694294530173
4702149042,0,192.36878967285156,-85.64435577392578,0.0316937230527401,3.3818360523166535
4727149043,0,192.36965942382812,-85.55619049072266,0.03168002888560295,3.5733492297707063
4752149043,0,192.37057495117188,-85.46341705322266,0.03168082982301712,3.756301193225951
4777149043,0,192.3715362548828,-85.36622619628906,0.03169364854693413,3.931105960790936
4802149044,0,192.3725128173828,-85.26482391357422,0.03171653673052788,4.098236452183446
4827149044,0,192.37353515625,-85.15938568115234,0.0317472442984581,4.258388648915093
4852149045,0,192.37454223632812,-85.05006408691406,0.03178440034389496,4.412077354116698
4877149045,0,192.37559509277344,-84.93702697753906,0.0318262092769146,4.559641164173179
4902149045,0,192.3766632080078,-84.82039642333984,0.03187156468629837,4.701399430124968
4927149046,0,192.3777313232422,-84.7003402709961,0.0319194421172142,4.837674546548309
4952149046,0,192.3788299560547,-84.57698059082031,0.03196888044476509,4.968790951099148
4977149046,0,192.37989807128906,-84.4504165649414,0.032166898250579834,5.095992709528692
5002149047,0,192.3810272216797,-84.32077026367188,0.032418593764305115,5.218223583358372
5027149047,0,192.38214111328125,-84.18814086914062,0.03258155658841133,5.336218787253937
5052149048,0,192.38331604003906,-84.0526351928711,0.03268703445792198,5.450232023366234
5077149048,0,192.38449096679688,-83.91436004638672,0.03275550901889801,5.560531922067922
5102149048,0,192.38571166992188,-83.77337646484375,0.032801054418087006,5.667374574369181
5127149049,0,192.3870086669922,-83.6297836303711,0.03283241018652916,5.7710177829123595
5152149049,0,192.38829040527344,-83.48365783691406,0.032855451107025146,5.871690052387222
5177149049,0,192.3896026611328,-83.3350601196289,0.03287391737103462,5.969607625890924
5202149050,0,192.39093017578125,-83.1840591430664,0.03289005160331726,6.0649770500801266
5227149050,0,192.39230346679688,-83.03072357177734,0.03290512040257454,6.157983969919638
5252149051,0,192.39370727539062,-82.87510681152344,0.032919999212026596,6.248801941204638
5277149051,0,192.39515686035156,-82.71725463867188,0.03293495252728462,6.337594141516581
5302149051,0,192.39663696289062,-82.55721282958984,0.03295009583234787,6.424506479918172
5327149052,0,192.39816284179688,-82.39502716064453,0.032965581864118576,6.509673789813634
5352149052,0,192.39968872070312,-82.23075103759766,0.032981108874082565,6.593219488238556
5377149052,0,192.4011993408203,-82.06441497802734,0.03299678862094879,6.675257294051743
5402149053,0,192.40272521972656,-81.89604187011719,0.03301239013671875,6.755890308386199
5427149053,0,192.40423583984375,-81.7256851196289,0.03302780166268349,6.8352125730866575
5452149054,0,192.40576171875,-81.55335998535156,0.033043134957551956,6.91331064215797
5477149054,0,192.4072265625,-81.37911224365234,0.03305797651410103,6.990266005669692
5502149054,0,192.40870666503906,-81.20294952392578,0.03307228162884712,7.066148038905887
5527149055,0,192.41018676757812,-81.02491760253906,0.03308635577559471,7.141024273579587
5552149055,0,192.41171264648438,-80.84502410888672,0.033099785447120667,7.214955012664422
5577149055,0,192.41322326660156,-80.66329193115234,0.0331127904355526,7.287989387474862
5602149056,0,192.41470336914062,-80.47976684570312,0.033125266432762146,7.360183732092066
5627149056,0,192.4162139892578,-80.29443359375,0.033137090504169464,7.431580511993614
5652149057,0,192.4176483154297,-80.10734558105469,0.033148422837257385,7.502220029731659
5677149057,0,192.4191131591797,-79.91848754882812,0.0331592932343483,7.572143568038702
5702149057,0,192.42056274414062,-79.7279052734375,0.03316963091492653,7.6413827577376745
5727149058,0,192.42198181152344,-79.53559875488281,0.03317943587899208,7.709975322798387
5752149058,0,192.4234161376953,-79.34158325195312,0.033188819885253906,7.777944610429307
5777149058,0,192.42483520507812,-79.14588928222656,0.03319763019680977,7.8453178729933315
5802149059,0,192.42628479003906,-78.94851684570312,0.03320610150694847,7.912119080143826
5827149059,0,192.42770385742188,-78.74947357177734,0.03321418538689613,7.978371112065959
5852149059,0,192.4290771484375,-78.5488052368164,0.03322189301252365,8.044092427106103
5877149060,0,192.430419921875,-78.34648132324219,0.03322906419634819,8.10963675471764
5902149060,0,192.43177795410156,-78.14400482177734,0.03326816484332085,8.102092046955281
5927149061,0,192.43307495117188,-77.94161224365234,0.03332572802901268,8.097983903215749
5952149061,0,192.43438720703125,-77.73928833007812,0.03338966146111488,8.094701133419386
5977149061,0,192.43568420410156,-77.53703308105469,0.03345336765050888,8.091645119227861
6002149062,0,192.43698120117188,-77.33484649658203,0.03351325914263725,8.088655903777157
6027149062,0,192.4382781982422,-77.13273620605469,0.0335678867995739,8.08568524383842
6052149062,0,192.4395294189453,-76.93069458007812,0.033616598695516586,8.082720778771131
6077149063,0,192.44078063964844,-76.72872161865234,0.033659666776657104,8.079759205719103
6102149063,0,192.4420623779297,-76.52681732177734,0.03369724377989769,8.076799248386088
6127149064,0,192.443359375,-76.32498168945312,0.03372981771826744,8.073839298657361
6152149064,0,192.4447021484375,-76.12321472167969,0.033758047968149185,8.070878118447565
6177149064,0,192.4460906982422,-75.92152404785156,0.03378231078386307,8.06792193732064
6202149065,0,192.44747924804688,-75.71990203857422,0.03380321338772774,8.064966950332341
6227149065,0,192.4488983154297,-75.51835632324219,0.03382125869393349,8.062014723248627
6252149065,0,192.45030212402344,-75.31687927246094,0.033836591988801956,8.059063549741559
6277149066,0,192.4517364501953,-75.11547088623047,0.03384983167052269,8.056112869698298
6302149066,0,192.4532012939453,-74.91413879394531,0.0338611975312233,8.05316440660156
6327149067,0,192.45468139648438,-74.71287536621094,0.03387092426419258,8.050216975274926
6352149067,0,192.45616149902344,-74.51168823242188,0.033879317343235016,8.047270799208524
6377149067,0,192.45765686035156,-74.31057739257812,0.0338863730430603,8.04432584662269
6402149068,0,192.45912170410156,-74.10877990722656,0.033874206244945526,8.100112953906816
6427149068,0,192.46055603027344,-73.9041519165039,0.03380996733903885,8.210534870761672
6452149068,0,192.46202087402344,-73.69683837890625,0.03372490033507347,8.316382373339358
6477149069,0,192.46347045898438,-73.48694610595703,0.03363601490855217,8.418154031527775
6502149069,0,192.46493530273438,-73.27458953857422,0.033552054315805435,8.516167692974042
6527149070,0,192.4663848876953,-73.05984497070312,0.03347720950841904,8.610713442122828
6552149070,0,192.46778869628906,-72.84281921386719,0.0334131233394146,8.702068780045092
6577149070,0,192.4691162109375,-72.62356567382812,0.03335968032479286,8.790509148640826
6602149071,0,192.47042846679688,-72.40215301513672,0.03331611678004265,8.876277061890649
6627149071,0,192.4716796875,-72.17866516113281,0.033281631767749786,8.959595840957991
6652149071,0,192.47293090820312,-71.953125,0.033254776149988174,9.040679704569243
6677149072,0,192.47418212890625,-71.72561645507812,0.03323463350534439,9.119489943809821
6702149072,0,192.4754180908203,-71.4961929321289,0.03322051838040352,9.1952668850883
6727149073,0,192.47665405273438,-71.26494598388672,0.03321247175335884,9.267376097632743
6752149073,0,192.47789001464844,-71.031982421875,0.033209916204214096,9.335469505614558
6777149073,0,192.47915649414062,-70.79740142822266,0.03321269899606705,9.399137769574898
6802149074,0,192.48043823242188,-70.56132507324219,0.03322086110711098,9.457886084940158
6827149074,0,192.4817657470703,-70.3238754272461,0.03323390707373619,9.511393789191501
6852149074,0,192.483154296875,-70.085205078125,0.03325183689594269,9.559187175913129
6877149075,0,192.4845428466797,-69.845458984375,0.03327446058392525,9.600955543534122
6902149075,0,192.48593139648438,-69.60477447509766,0.03330142796039581,9.636805052173099
6927149076,0,192.48733520507812,-69.36331176757812,0.03333248198032379,9.666466011203205
6952149076,0,192.48880004882812,-69.12123107910156,0.033367156982421875,9.689948324851647
6977149076,0,192.49038696289062,-68.8786849975586,0.03340515121817589,9.707364183043628
7002149077,0,192.49212646484375,-68.63581085205078,0.03344566375017166,9.719482031205795
7027149077,0,192.4940643310547,-68.3927230834961,0.03348754718899727,9.726616590581166
7052149077,0,192.49598693847656,-68.14954376220703,0.03353065252304077,9.728881645748132
7077149078,0,192.49794006347656,-67.90640258789062,0.03357459977269173,9.726363373362409
7102149078,0,192.5,-67.66341400146484,0.03361877426505089,9.719522362574292
7127149078,0,192.50216674804688,-67.42066955566406,0.033662643283605576,9.708818656033753
7152149079,0,192.50450134277344,-67.17825317382812,0.033705901354551315,9.69457534321613
7177149079,0,192.5069122314453,-66.93626403808594,0.03374797850847244,9.677168420605167
7202149080,0,192.5093536376953,-66.69475555419922,0.03378871828317642,9.656888219636294
7227149080,0,192.51185607910156,-66.45379638671875,0.033827781677246094,9.634177633422677
7252149080,0,192.51443481445312,-66.21344757080078,0.033864784985780716,9.609539135862217
7277149081,0,192.51712036132812,-65.97373962402344,0.033899612724781036,9.58324819354217
7302149081,0,192.5198211669922,-65.7347183227539,0.03393211215734482,9.55552159969497
7327149081,0,192.52249145507812,-65.49641418457031,0.03396221250295639,9.526525626570482
7352149082,0,192.525146484375,-65.25884246826172,0.033989906311035156,9.496669586711556
7377149082,0,192.52777099609375,-65.02203369140625,0.0340152345597744,9.466152519007622
7402149083,0,192.53042602539062,-64.78599548339844,0.03403793275356293,9.435237276582171
7427149083,0,192.5331268310547,-64.55072021484375,0.034058187156915665,9.404456494441439
7452149083,0,192.53585815429688,-64.31620788574219,0.0340755470097065,9.37441701695818
7477149084,0,192.53868103027344,-64.0824203491211,0.0340900793671608,9.345260272890727
7502149084,0,192.54147338867188,-63.84934616088867,0.034101828932762146,9.316958097595302
7527149084,0,192.54425048828125,-63.61696243286133,0.034111060202121735,9.289328150623312
7552149085,0,192.54702758789062,-63.38526153564453,0.034118231385946274,9.262054544104078
7577149085,0,192.5498046875,-63.15424346923828,0.03412391617894173,9.234915741320476
7602149086,0,192.55259704589844,-62.92390060424805,0.034128494560718536,9.207650105802585
7627149086,0,192.55538940429688,-62.694236755371094,0.03413219377398491,9.180361869901706
7652149086,0,192.55821228027344,-62.46524429321289,0.03413505479693413,9.153822841605118
7677149087,0,192.56106567382812,-62.23690414428711,0.03413688763976097,9.128255126724266
7702149087,0,192.56393432617188,-62.009178161621094,0.03413742035627365,9.103492654196552
7727149087,0,192.56686401367188,-61.78205490112305,0.03413707762956619,9.079626859991537
7752149088,0,192.56988525390625,-61.555511474609375,0.034135282039642334,9.057044645176909
7777149088,0,192.57290649414062,-61.329505920410156,0.03413249924778938,9.035567729528656
7802149089,0,192.57603454589844,-61.10402297973633,0.03412875905632973,9.0150581209776
7827149089,0,192.57916259765625,-60.879032135009766,0.03412437438964844,8.99562706171482
7852149089,0,192.58230590820312,-60.654510498046875,0.03411903232336044,8.977268204711335
7877149090,0,192.58558654785156,-60.430419921875,0.03411296755075455,8.960415890327175
7902149090,0,192.58897399902344,-60.20671081542969,0.03410579636693001,8.945356005965184
7927149090,0,192.5924835205078,-59.98334884643555,0.03409763425588608,8.932151814675274
7952149091,0,192.59600830078125,-59.76028060913086,0.034088362008333206,8.92075831887625
7977149091,0,192.5995635986328,-59.53741455078125,0.03407680615782738,8.915377954184574
8002149092,0,192.60313415527344,-59.31461715698242,0.034062422811985016,8.911766305657016
8027149092,0,192.60671997070312,-59.09190368652344,0.034047432243824005,8.908421131109666
8052149092,0,192.61041259765625,-58.8692741394043,0.03403289616107941,8.905109524961336
8077149093,0,192.61404418945312,-58.646728515625,0.03401962295174599,8.901804504224103
8102149093,0,192.6175537109375,-58.42426681518555,0.03400760516524315,8.898497827447319
8127149093,0,192.6209716796875,-58.20188522338867,0.03399699926376343,8.895175122193962
8152149094,0,192.6242218017578,-57.979583740234375,0.0339876152575016,8.891849192076513
8177149094,0,192.62718200683594,-57.757362365722656,0.03397960588335991,8.88844693048904
8202149095,0,192.62998962402344,-57.53522872924805,0.033972661942243576,8.885135223035194
8227149095,0,192.63259887695312,-57.31317901611328,0.03396674990653992,8.88176580926099
8252149095,0,192.63504028320312,-57.09120559692383,0.033961523324251175,8.878477962662123
8277149096,0,192.6375274658203,-56.86931610107422,0.03395706042647362,8.87520274950258
8302149096,0,192.64007568359375,-56.64750671386719,0.03395317122340202,8.871918594266695
8327149096,0,192.64259338378906,-56.425785064697266,0.033949773758649826,8.868641974231588
8352149097,0,192.64503479003906,-56.204139709472656,0.03394691273570061,8.86536141935995
8377149097,0,192.64747619628906,-55.98257827758789,0.033944472670555115,8.862084343292187
8402149097,0,192.64990234375,-55.7610969543457,0.03394225984811783,8.85880766878761
8427149098,0,192.6522979736328,-55.53969955444336,0.03394050523638725,8.855533411038147
8452149098,0,192.65467834472656,-55.318382263183594,0.03393905609846115,8.852259661773683
8477149099,0,192.65708923339844,-55.09715270996094,0.033937759697437286,8.848988010161321
8502149099,0,192.6595001220703,-54.87530517578125,0.033921241760253906,8.88126406645453
8527149099,0,192.66197204589844,-54.65271759033203,0.03389587253332138,8.910412009029967
8552149100,0,192.66452026367188,-54.42942428588867,0.03386775776743889,8.938529926046137
8577149100,0,192.66720581054688,-54.205448150634766,0.033840522170066833,8.96516141494944
8602149100,0,192.66993713378906,-53.980838775634766,0.03381625935435295,8.990369004453543
8627149101,0,192.6727752685547,-53.75562286376953,0.03379524126648903,9.014555829535963
8652149101,0,192.6755828857422,-53.52983093261719,0.03377792239189148,9.037626902219689
8677149102,0,192.67852783203125,-53.30349349975586,0.03376384824514389,9.059402419088535
8702149102,0,192.681640625,-53.076629638671875,0.033753011375665665,9.079946398936364
8727149102,0,192.6848602294922,-52.84928894042969,0.033745381981134415,9.099143349614046
8752149103,0,192.6881866455078,-52.621482849121094,0.03374004364013672,9.117489230242231
8777149103,0,192.69151306152344,-52.39324188232422,0.03373699262738228,9.134769586555054
8802149103,0,192.69488525390625,-52.16459274291992,0.03373584523797035,9.15091129203318
8827149104,0,192.6982421875,-51.93556213378906,0.03373619168996811,9.165875199537881
8852149104,0,192.7016143798828,-51.70618438720703,0.033738210797309875,9.179365094620476
8877149105,0,192.70501708984375,-51.47650909423828,0.03374156728386879,9.191374423275482
8902149105,0,192.7083282470703,-51.246551513671875,0.03374660387635231,9.20159774439213
8927149105,0,192.7115020751953,-51.01638412475586,0.033753279596567154,9.209553306041574
8952149106,0,192.7145538330078,-50.78606414794922,0.033761557191610336,9.215166657501042
8977149106,0,192.71743774414062,-50.55569839477539,0.03377273306250572,9.21562336734113
9002149106,0,192.72024536132812,-50.32540512084961,0.03378734365105629,9.211593486267724
9027149107,0,192.7229461669922,-50.09528732299805,0.033804893493652344,9.203825693308294
9052149107,0,192.7255401611328,-49.86542510986328,0.033824652433395386,9.19293939632753
9077149108,0,192.72805786132812,-49.63587951660156,0.033846016973257065,9.179718391501222
9102149108,0,192.73046875,-49.40668487548828,0.03386756777763367,9.165094484393167
9127149108,0,192.7328338623047,-49.17788314819336,0.033888816833496094,9.14922769710742
9152149109,0,192.7351531982422,-48.94948959350586,0.03390907123684883,9.132891467217304
9177149109,0,192.7373809814453,-48.72150421142578,0.03392753377556801,9.11668315845172
9202149109,0,192.73956298828125,-48.49390411376953,0.03394389897584915,9.100799357513418
9227149110,0,192.74172973632812,-48.26670455932617,0.0339583195745945,9.084601531224722
9252149110,0,192.74392700195312,-48.0399169921875,0.03397109732031822,9.068381928529675
9277149111,0,192.74618530273438,-47.81351852416992,0.03398193418979645,9.052741237231844
9302149111,0,192.7484893798828,-47.58749771118164,0.03399082273244858,9.037879702632557
9327149111,0,192.7509002685547,-47.36181640625,0.03399723023176193,9.025269196632143
9352149112,0,192.75344848632812,-47.13637924194336,0.03400028124451637,9.01580516371324
9377149112,0,192.7562713623047,-46.91114044189453,0.03400009125471115,9.008606134266397
9402149112,0,192.75924682617188,-46.68605422973633,0.03399738296866417,9.003045212402634
9427149113,0,192.76229858398438,-46.461082458496094,0.03399292007088661,8.998724691972672
9452149113,0,192.7654266357422,-46.23618698120117,0.0339868925511837,8.995838329417527
9477149114,0,192.7687530517578,-46.01133728027344,0.03397960588335991,8.99459567457316
9502149114,0,192.7723846435547,-45.7864875793457,0.03397117555141449,8.995131670749501
9527149114,0,192.77610778808594,-45.56159591674805,0.03396160155534744,8.997654126455211
9552149115,0,192.77993774414062,-45.33660125732422,0.03395095840096474,9.001826161388026
9577149115,0,192.7837677001953,-45.11148452758789,0.03393977880477905,9.00711838359435
9602149115,0,192.7876739501953,-44.88621520996094,0.033928487449884415,9.013237586890371
9627149116,0,192.79164123535156,-44.660789489746094,0.0339173898100853,9.019860231420632
9652149116,0,192.79563903808594,-44.435184478759766,0.0339069738984108,9.026780588521442
9677149116,0,192.79977416992188,-44.20941162109375,0.03389732167124748,9.033978096662196
9702149117,0,192.8039093017578,-43.983455657958984,0.03388843312859535,9.04145348687901
9727149117,0,192.8079833984375,-43.75730514526367,0.03388019651174545,9.049170051565689
9752149118,0,192.8119659423828,-43.53096008300781,0.03387279435992241,9.056878175455976
9777149118,0,192.81591796875,-43.3044319152832,0.03386661410331726,9.06413802021038
9802149118,0,192.81985473632812,-43.07772445678711,0.033861350268125534,9.071460917242316
9827149119,0,192.82379150390625,-42.85082244873047,0.0338565818965435,9.078906503426943
9852149119,0,192.8277130126953,-42.62373352050781,0.033852461725473404,9.086712952794459
9877149119,0,192.83168029785156,-42.39645004272461,0.03384864702820778,9.094688631456915
9902149120,0,192.8356170654297,-42.16896057128906,0.03384510055184364,9.102903755848804
9927149120,0,192.83958435058594,-41.94126510620117,0.0338418185710907,9.111239759732122
9952149121,0,192.84356689453125,-41.71335220336914,0.033838920295238495,9.119719230235422
9977149121,0,192.84754943847656,-41.4852294921875,0.03383598104119301,9.128574036537985
10002149121,0,192.85153198242188,-41.25687026977539,0.03383312001824379,9.137888710059888
10027149122,0,192.85543823242188,-41.02827453613281,0.03383014723658562,9.147631171921686
10052149122,0,192.859375,-40.79942321777344,0.033827055245637894,9.157788507112958
10077149122,0,192.86329650878906,-40.57032012939453,0.033824119716882706,9.167850698157793
10102149123,0,192.86727905273438,-40.34096908569336,0.03382137045264244,9.177863327213595
10127149123,0,192.8712921142578,-40.11137008666992,0.03381912037730217,9.187769609052925
10152149124,0,192.87527465820312,-39.881526947021484,0.03381706029176712,9.197335709969726
10177149124,0,192.8792724609375,-39.65145492553711,0.033815763890743256,9.20643802160062
10202149124,0,192.88333129882812,-39.42116928100586,0.033815231174230576,9.214751755167889
10227149125,0,192.8874053955078,-39.19070053100586,0.03381561115384102,9.222110418200174
10252149125,0,192.8914794921875,-38.96004104614258,0.03381645306944847,9.22973267183586
10277149125,0,192.89552307128906,-38.729183197021484,0.03381713852286339,9.237903436471592
10302149126,0,192.89956665039062,-38.498111724853516,0.033817555755376816,9.246385373502031
10327149126,0,192.903564453125,-38.26682662963867,0.03381778672337532,9.254874190088756
10352149127,0,192.90757751464844,-38.03532791137695,0.03381786122918129,9.263572351074915
10377149127,0,192.9115447998047,-37.80360794067383,0.03381770849227905,9.272235512422991
10402149127,0,192.91542053222656,-37.571678161621094,0.033817555755376816,9.280639980773534
10427149128,0,192.9192352294922,-37.33954620361328,0.03381793946027756,9.288356739091006
10452149128,0,192.92300415039062,-37.10723876953125,0.033819008618593216,9.295188226500251
10477149128,0,192.9267578125,-36.87478256225586,0.033820684999227524,9.30084273889958
10502149129,0,192.9304656982422,-36.64221954345703,0.03382358327507973,9.304686960287198
10527149129,0,192.9341583251953,-36.409603118896484,0.03382816165685654,9.306489914573282
10552149130,0,192.93780517578125,-36.17695999145508,0.033834073692560196,9.307058939477585
10577149130,0,192.94134521484375,-35.944313049316406,0.03384055942296982,9.307324759072143
10602149130,0,192.94488525390625,-35.7116584777832,0.033847007900476456,9.307659899788256
10627149131,0,192.94837951660156,-35.47898483276367,0.03385284170508385,9.308478371421485
10652149131,0,192.9518280029297,-35.246273040771484,0.033857498317956924,9.310122383859419
10677149131,0,192.95523071289062,-35.01350021362305,0.03386104479432106,9.3125877564781
10702149132,0,192.95864868164062,-34.7806510925293,0.033863142132759094,9.316053650917512
10727149132,0,192.96205139160156,-34.547698974609375,0.033864136785268784,9.320068268924706
10752149133,0,192.96539306640625,-34.314640045166016,0.0338640958070755,9.324503501822694
10777149133,0,192.96871948242188,-34.08146286010742,0.03386356309056282,9.32921740118003
10802149133,0,192.97203063964844,-33.848167419433594,0.03386276215314865,9.33388629519221
10827149134,0,192.9752960205078,-33.61475372314453,0.03386173024773598,9.338512073091273
10852149134,0,192.9784698486328,-33.3812255859375,0.03386092931032181,9.343037656207
10877149134,0,192.98165893554688,-33.14759063720703,0.033860206604003906,9.347303654160314
10902149135,0,192.98486328125,-32.91385269165039,0.03385978564620018,9.351372642819623
10927149135,0,192.98806762695312,-32.68001174926758,0.033859290182590485,9.35573143824928
10952149135,0,192.99124145507812,-32.446041107177734,0.03385864198207855,9.36093763762554
10977149136,0,192.99449157714844,-32.21192932128906,0.03385738283395767,9.366926897570913
11002149136,0,192.9977264404297,-31.97765350341797,0.033855512738227844,9.373588289459258
11027149137,0,193.00100708007812,-31.74320411682129,0.033853109925985336,9.3806982692513
11052149137,0,193.0042724609375,-31.508563995361328,0.0338502861559391,9.388328172773402
11077149137,0,193.0075225830078,-31.27372932434082,0.033847466111183167,9.395980051912586
11102149138,0,193.01075744628906,-31.038713455200195,0.03384491056203842,9.403151489239676
11127149138,0,193.01405334472656,-30.803529739379883,0.033842962235212326,9.409748688472485
11152149138,0,193.01736450195312,-30.568193435668945,0.033841703087091446,9.415921706369078
11177149139,0,193.02072143554688,-30.332704544067383,0.03384090214967728,9.421946591327293
11202149139,0,193.02407836914062,-30.097074508666992,0.03384067490696907,9.42751043923187
11227149140,0,193.02749633789062,-29.86132049560547,0.03384113311767578,9.432258762385608
11252149140,0,193.03099060058594,-29.625471115112305,0.033842429518699646,9.43584752000486
11277149140,0,193.03453063964844,-29.389554977416992,0.033844832330942154,9.4382942002036
11302149141,0,193.03811645507812,-29.153594970703125,0.03384796157479286,9.439942604951732
11327149141,0,193.0416717529297,-28.917606353759766,0.03385181352496147,9.440985232978313
11352149141,0,193.04515075683594,-28.681598663330078,0.03385600820183754,9.441575427668246
11377149142,0,193.04844665527344,-28.445579528808594,0.03386039659380913,9.441679296354964
11402149142,0,193.0516815185547,-28.209564208984375,0.0338648222386837,9.441643578091798
11427149143,0,193.05491638183594,-27.973546981811523,0.03386886417865753,9.441721587138044
11452149143,0,193.0580596923828,-27.737548828125,0.033873021602630615,9.440451566094344
11477149143,0,193.06109619140625,-27.50165557861328,0.03387882187962532,9.435204072818149
11502149144,0,193.06398010253906,-27.266014099121094,0.03388866409659386,9.421631437821663
11527149144,0,193.0668182373047,-27.030990600585938,0.03390701115131378,9.398363744431075
11552149144,0,193.06961059570312,-26.796363830566406,0.033924560993909836,9.38217930391437
11577149145,0,193.07240295410156,-26.562129974365234,0.033940352499485016,9.366882731760269
11602149145,0,193.0751190185547,-26.32822608947754,0.03395317122340202,9.354113636594949
11627149146,0,193.07777404785156,-26.09461212158203,0.03396293520927429,9.34269722293194
11652149146,0,193.08035278320312,-25.861276626586914,0.03397025913000107,9.33112902169967
11677149146,0,193.08279418945312,-25.628353118896484,0.03397907316684723,9.311175278452046
11702149147,0,193.08506774902344,-25.396352767944336,0.03399898484349251,9.269217988632239
11727149147,0,193.087158203125,-25.165815353393555,0.03403480350971222,9.205873757673515
11752149147,0,193.0891876220703,-24.93732452392578,0.03408946841955185,9.117488411818748
11777149148,0,193.0911102294922,-24.711585998535156,0.0341656468808651,9.001694902694219
11802149148,0,193.0929412841797,-24.48924446105957,0.03426261991262436,8.860000573005784
11827149149,0,193.09466552734375,-24.270946502685547,0.03437816724181175,8.692424130173402
11852149149,0,193.09620666503906,-24.05706787109375,0.03450443223118782,8.51524437029019
11877149149,0,193.0976104736328,-23.847612380981445,0.03462928533554077,8.338218640290712
11902149150,0,193.09893798828125,-23.6425724029541,0.034746285527944565,8.161259863107617
11927149150,0,193.10015869140625,-23.44194984436035,0.034852102398872375,7.984347677067105
11952149150,0,193.1008758544922,-23.245737075805664,0.03494647890329361,7.807191674407045
11977149151,0,193.10108947753906,-23.05394744873047,0.03502952679991722,7.630089057066201
12002149151,0,193.10110473632812,-22.86638832092285,0.035097043961286545,7.467635230803007
12027149152,0,193.1006622314453,-22.682294845581055,0.03513794019818306,7.32699320108219
12052149152,0,193.09976196289062,-22.502277374267578,0.03517528623342514,7.158148241097141
12077149152,0,193.09869384765625,-22.326677322387695,0.035215262323617935,6.981592958355289
12102149153,0,193.09747314453125,-22.155487060546875,0.03525428846478462,6.805157425486626
12127149153,0,193.09564208984375,-21.988727569580078,0.03529106080532074,6.628031536430334
12152149153,0,193.09347534179688,-21.826385498046875,0.03532421216368675,6.451610865399879
12177149154,0,193.09144592285156,-21.668447494506836,0.03535327687859535,6.27539188513021
12202149154,0,193.08958435058594,-21.514902114868164,0.03537849336862564,6.09922578312339
12227149154,0,193.0880584716797,-21.365751266479492,0.035400390625,5.92289657283528
12252149155,0,193.08665466308594,-21.22100257873535,0.03541938588023186,5.746819426531362
12277149155,0,193.08505249023438,-21.080059051513672,0.03542289510369301,5.5998259460770266
12302149156,0,193.08384704589844,-20.94295883178711,0.03541969135403633,5.444789755136311
12327149156,0,193.08287048339844,-20.80982208251953,0.03541553393006325,5.2852306537533265
12352149156,0,193.08132934570312,-20.68075942993164,0.035413436591625214,5.121495745869429
12377149157,0,193.0796661376953,-20.555843353271484,0.03541393205523491,4.955226858829116
12402149157,0,193.07752990722656,-20.435144424438477,0.03519771620631218,4.786584403810564
12427149157,0,193.07562255859375,-20.318696975708008,0.03506233170628548,4.616011739086561
12452149158,0,193.0736846923828,-20.206546783447266,0.03498447313904762,4.443896849878353
12477149158,0,193.0720977783203,-20.098716735839844,0.03494632616639137,4.270610521837911
12502149159,0,193.07077026367188,-19.995229721069336,0.03493526205420494,4.096492577955767
12527149159,0,193.0701904296875,-19.8961181640625,0.03494235873222351,3.920992110017656
12552149159,0,193.06968688964844,-19.8013858795166,0.03496040403842926,3.745968998488182
12577149160,0,193.06927490234375,-19.711029052734375,0.03498443588614464,3.5707912148399696
12602149160,0,193.06907653808594,-19.625051498413086,0.03501136600971222,3.3956466591056182
12627149160,0,193.0690155029297,-19.54344940185547,0.03503894805908203,3.2207188918691583
12652149161,0,193.06898498535156,-19.46621322631836,0.035065460950136185,3.046153364633117
12677149161,0,193.0692138671875,-19.39333724975586,0.03509025648236275,2.8718447314204325
12702149162,0,193.0695343017578,-19.324804306030273,0.03511272370815277,2.6982307904049483
12727149162,0,193.0699920654297,-19.260303497314453,0.03512619063258171,2.543664658280891
12752149162,0,193.07025146484375,-19.198978424072266,0.03511844575405121,2.425221571748984
12777149163,0,193.07017517089844,-19.13983917236328,0.035081252455711365,2.347173265286516
12802149163,0,193.0701141357422,-19.081806182861328,0.035009611397981644,2.3129312214344977
12827149163,0,193.07009887695312,-19.02408218383789,0.03490814194083214,2.304152313799795
12852149164,0,193.070068359375,-18.96630096435547,0.03478759527206421,2.309271127625556
12877149164,0,193.07005310058594,-18.90813446044922,0.03465591371059418,2.3275746612369663
12902149165,0,193.06993103027344,-18.84930419921875,0.03451923280954361,2.3564262133444176
12927149165,0,193.06979370117188,-18.789594650268555,0.03438205644488335,2.3935965330156086
12952149165,0,193.06964111328125,-18.728832244873047,0.03424819931387901,2.43735111195477
12977149166,0,193.0695343017578,-18.66688346862793,0.034120138734579086,2.486330375590447
13002149166,0,193.06942749023438,-18.603635787963867,0.033999670296907425,2.539491197845454
13027149166,0,193.06939697265625,-18.53900146484375,0.03388763219118118,2.596001986444787
13052149167,0,193.06935119628906,-18.472911834716797,0.033784523606300354,2.655197066960283
13077149167,0,193.0694122314453,-18.40530776977539,0.033690642565488815,2.7165517297696007
13102149168,0,193.0695037841797,-18.336145401000977,0.033605728298425674,2.7796773451624124
13127149168,0,193.0696563720703,-18.265380859375,0.03352924436330795,2.844226126621289
13152149168,0,193.06985473632812,-18.1929931640625,0.03346092253923416,2.9099225423212696
13177149169,0,193.07012939453125,-18.118947982788086,0.0334000401198864,2.976587156391152
13202149169,0,193.0705108642578,-18.043228149414062,0.03334609791636467,3.0440155397442847
13227149169,0,193.07093811035156,-17.9658145904541,0.03329833969473839,3.112095553327187
13252149170,0,193.07139587402344,-17.886695861816406,0.03325614705681801,3.180719450230938
13277149170,0,193.07192993164062,-17.805858612060547,0.033219221979379654,3.249759656097354
13302149171,0,193.07254028320312,-17.723291397094727,0.03318672254681587,3.319187054336692
13327149171,0,193.0731658935547,-17.63898468017578,0.03315822407603264,3.3889211808968955
13352149171,0,193.07382202148438,-17.552934646606445,0.03313335403800011,3.4589035805395496
13377149172,0,193.0745391845703,-17.465133666992188,0.03311164677143097,3.5291099176265734
13402149172,0,193.07534790039062,-17.375577926635742,0.03309253603219986,3.5994755341363844
13427149172,0,193.07623291015625,-17.28426170349121,0.033076055347919464,3.6700046291041177
13452149173,0,193.07723999023438,-17.19118309020996,0.03306179121136665,3.740634003770648
13477149173,0,193.07835388183594,-17.09634017944336,0.03304916247725487,3.8114099195071125
13502149173,0,193.07958984375,-16.99972915649414,0.03303821384906769,3.8822679912243747
13527149174,0,193.08094787597656,-16.901350021362305,0.03302882984280586,3.9532122941399646
13552149174,0,193.08241271972656,-16.80119514465332,0.03302055224776268,4.0242635810083325
13577149175,0,193.0839080810547,-16.699262619018555,0.03301338106393814,4.0954142966491
13602149175,0,193.08538818359375,-16.595550537109375,0.033006973564624786,4.1666218111592395
13627149175,0,193.0868682861328,-16.49005889892578,0.033001404255628586,4.237875456426057
13652149176,0,193.08834838867188,-16.382781982421875,0.03299667313694954,4.309178388371003
13677149176,0,193.0899200439453,-16.273725509643555,0.0329924002289772,4.380517391651335
13702149176,0,193.0915069580078,-16.162883758544922,0.032988738268613815,4.451903583769799
13727149177,0,193.09315490722656,-16.05025863647461,0.03298553451895714,4.523321112038081
13752149177,0,193.09486389160156,-15.935847282409668,0.03298259526491165,4.594776159336347
13777149178,0,193.0966796875,-15.819650650024414,0.03298022970557213,4.666258725525501
13802149178,0,193.0985107421875,-15.701668739318848,0.03297794237732887,4.737788086522442
13827149178,0,193.10040283203125,-15.58189582824707,0.03297603502869606,4.8093522322804745
13852149179,0,193.10232543945312,-15.460333824157715,0.032974205911159515,4.880938133379433
13877149179,0,193.10435485839844,-15.33698558807373,0.03297260031104088,4.9525412177844155
13902149179,0,193.10653686523438,-15.211848258972168,0.03297126665711403,5.024159671520683
13927149180,0,193.10885620117188,-15.084918022155762,0.03322376310825348,5.095952309400753
13952149180,0,193.11122131347656,-14.956195831298828,0.033370934426784515,5.167677851417504
13977149181,0,193.11363220214844,-14.82568073272705,0.03344940021634102,5.239422883815786
14002149181,0,193.11602783203125,-14.69337272644043,0.03348415344953537,5.311189926426628
14027149181,0,193.11846923828125,-14.559269905090332,0.03349163010716438,5.382976732414325
14052149182,0,193.12095642089844,-14.423372268676758,0.03348296880722046,5.45477987817771
14077149182,0,193.12350463867188,-14.285679817199707,0.033465348184108734,5.5266064875072125
14102149182,0,193.12612915039062,-14.146190643310547,0.033443182706832886,5.598444058096135
14127149183,0,193.1288604736328,-14.00490951538086,0.03341972455382347,5.670267673369451
14152149183,0,193.1317138671875,-13.861835479736328,0.03339645266532898,5.742055251748371
14177149184,0,193.13462829589844,-13.71696949005127,0.03337455540895462,5.813788230692529
14202149184,0,193.13763427734375,-13.5703125,0.03335452824831009,5.8854388007932865
14227149184,0,193.14065551757812,-13.421866416931152,0.03333675488829613,5.956986966991711
14252149185,0,193.14376831054688,-13.271635055541992,0.03332095965743065,6.028413944136294
14277149185,0,193.1469268798828,-13.120429039001465,0.033327408134937286,6.035842875804219
14302149185,0,193.15005493164062,-12.969303131103516,0.03336425870656967,6.036824602079032
14327149186,0,193.1531524658203,-12.818241119384766,0.03341491520404816,6.036358780705832
14352149186,0,193.15626525878906,-12.667232513427734,0.0334700383245945,6.0352641674353125
14377149187,0,193.1593475341797,-12.516278266906738,0.033524323254823685,6.033828097291337
14402149187,0,193.1625213623047,-12.365374565124512,0.03357517346739769,6.03218821184701
14427149187,0,193.1656951904297,-12.214521408081055,0.033621445298194885,6.030419407095712
14452149188,0,193.16888427734375,-12.06371784210205,0.03366268053650856,6.028561821396987
14477149188,0,193.17208862304688,-11.9129638671875,0.03369895741343498,6.026636450003108
14502149188,0,193.1752471923828,-11.762259483337402,0.03373069688677788,6.024663635875837
14527149189,0,193.17845153808594,-11.611603736877441,0.03375820070505142,6.022652696257689
14552149189,0,193.1815948486328,-11.46099853515625,0.03378207981586456,6.020614315136291
14577149190,0,193.18472290039062,-11.310443878173828,0.03380271792411804,6.018551719561653
14602149190,0,193.1877899169922,-11.15993881225586,0.03382045775651932,6.016469659381646
14627149190,0,193.1908721923828,-11.009486198425293,0.0338357537984848,6.014370596138463
14652149191,0,193.1939239501953,-10.859084129333496,0.03384895250201225,6.01225954979887
14677149191,0,193.1969757080078,-10.708733558654785,0.03386024385690689,6.010138201673406
14702149191,0,193.19998168945312,-10.558436393737793,0.033869896084070206,6.00800842164428
14727149192,0,193.2030029296875,-10.408190727233887,0.03387821093201637,6.005870555807328
14752149192,0,193.20599365234375,-10.25799560546875,0.03388538211584091,6.003726154472465
14777149192,0,193.2089385986328,-10.107854843139648,0.03389144688844681,6.001576686393429
14802149193,0,193.21194458007812,-9.956029891967773,0.033858221024274826,6.092490613548319
14827149193,0,193.2150115966797,-9.802273750305176,0.0338030606508255,6.168400877410524
14852149194,0,193.21807861328125,-9.646683692932129,0.03374141454696655,6.240658980905267
14877149194,0,193.2211456298828,-9.489346504211426,0.03368163853883743,6.309929068534736
14902149194,0,193.22422790527344,-9.330328941345215,0.033627357333898544,6.376660364630814
14927149195,0,193.22727966308594,-9.169690132141113,0.03358035907149315,6.441222834955902
14952149195,0,193.230224609375,-9.007476806640625,0.03354068845510483,6.503944794400338
14977149195,0,193.23313903808594,-8.843729019165039,0.03350791707634926,6.565118441782486
15002149196,0,193.23599243164062,-8.678481101989746,0.033481255173683167,6.624979134283081
15027149196,0,193.23886108398438,-8.511759757995605,0.03345989063382149,6.683730101181051
15052149197,0,193.24169921875,-8.343592643737793,0.033442914485931396,6.7415235245697085
15077149197,0,193.2444610595703,-8.17399787902832,0.03342975676059723,6.798512452168
15102149197,0,193.24728393554688,-8.002992630004883,0.03341945633292198,6.854825042177084
15127149198,0,193.25015258789062,-7.830595016479492,0.03341171145439148,6.910557578396046
15152149198,0,193.25303649902344,-7.656813621520996,0.03340595215559006,6.965797806108373
15177149198,0,193.25592041015625,-7.48166036605835,0.033401794731616974,7.020617788158549
15202149199,0,193.25875854492188,-7.305144309997559,0.0333988182246685,7.0750849318321904
15227149199,0,193.26161193847656,-7.127272605895996,0.03339691087603569,7.12924666347911
15252149200,0,193.26443481445312,-6.948052406311035,0.03339557722210884,7.183153099377534
15277149200,0,193.2672576904297,-6.767488479614258,0.03339500352740288,7.236843428535694
15302149200,0,193.2700958251953,-6.585585117340088,0.033394623547792435,7.290350007712403
15327149201,0,193.27297973632812,-6.40234899520874,0.033394698053598404,7.343692876675443
15352149201,0,193.27589416503906,-6.217782020568848,0.03339485079050064,7.396905433373295
15377149201,0,193.27877807617188,-6.031886577606201,0.033395424485206604,7.450003254100046
15402149202,0,193.28170776367188,-5.844666004180908,0.03339599445462227,7.5030022535084315
15427149202,0,193.28460693359375,-5.656121253967285,0.03339656814932823,7.5559144763503445
15452149203,0,193.2874755859375,-5.466254711151123,0.033397216349840164,7.608755733730052
15477149203,0,193.29034423828125,-5.275068759918213,0.03339779004454613,7.661534187195732
15502149203,0,193.29318237304688,-5.0825629234313965,0.03339843824505806,7.714257228615827
15527149204,0,193.29595947265625,-4.888739585876465,0.033399008214473724,7.766937123916976
15552149204,0,193.2987060546875,-4.693599224090576,0.03339965641498566,7.819568206831815
15577149204,0,193.30137634277344,-4.497142314910889,0.03340011462569237,7.872171261584947
15602149205,0,193.3040008544922,-4.299370288848877,0.03340068832039833,7.9247454051632005
15627149205,0,193.30657958984375,-4.100283622741699,0.03340110555291176,7.977300404466586
15652149206,0,193.30909729003906,-3.8998830318450928,0.0334014892578125,8.029822106490247
15677149206,0,193.31158447265625,-3.6981685161590576,0.033401794731616974,8.082337929961376
15702149206,0,193.3140411376953,-3.4951415061950684,0.03340202197432518,8.134832159830408
15727149207,0,193.31646728515625,-3.2908012866973877,0.033402327448129654,8.187313163498763
15752149207,0,193.31886291503906,-3.0851495265960693,0.03340259566903114,8.23978209531511
15777149207,0,193.32125854492188,-2.878185272216797,0.03340274840593338,8.292239244730794
15802149208,0,193.32362365722656,-2.669909954071045,0.033402785658836365,8.34468309831974
15827149208,0,193.3259735107422,-2.4603233337402344,0.033402975648641586,8.397117974137506
15852149209,0,193.32827758789062,-2.2494254112243652,0.03340309113264084,8.449542529402875
15877149209,0,193.33056640625,-2.0372166633605957,0.03340316563844681,8.50196284807046
15902149209,0,193.33287048339844,-1.8236972093582153,0.03340320661664009,8.554373861873044
15927149210,0,193.33509826660156,-1.6088672876358032,0.033403243869543076,8.60677286845807
15952149210,0,193.33729553222656,-1.392727017402649,0.03340328112244606,8.65917316663201
15977149210,0,193.33950805664062,-1.1752766370773315,0.03340328112244606,8.711564475467757
16002149211,0,193.3417205810547,-0.9565165638923645,0.033403318375349045,8.763951304684994
16027149211,0,193.34397888183594,-0.7364474534988403,0.033403243869543076,8.816325731605469
16052149211,0,193.34632873535156,-0.5150699615478516,0.03340320661664009,8.868690114237516
16077149212,0,193.34872436523438,-0.2923838496208191,0.03340309113264084,8.921054767510316
16102149212,0,193.35113525390625,-0.06838890165090561,0.033403053879737854,8.97340302971202
16127149213,0,193.3535919189453,0.15691368281841278,0.03340301290154457,9.025716609960694
16152149213,0,193.35609436035156,0.38352319598197937,0.033402975648641586,9.07799280280523
16177149213,0,193.358642578125,0.6114355325698853,0.0334029383957386,9.130026382469108
16202149214,0,193.36129760742188,0.8406312465667725,0.03340347111225128,9.181203357706606
16227149214,0,193.36407470703125,1.0710837841033936,0.033404767513275146,9.231197878929349
16252149214,0,193.36692810058594,1.3027496337890625,0.033407364040613174,9.279317775639798
16277149215,0,193.3698272705078,1.535576343536377,0.03341148421168327,9.325245616970967
16302149215,0,193.3727569580078,1.7695025205612183,0.033417586237192154,9.368652103212504
16327149216,0,193.37571716308594,2.004462480545044,0.033425748348236084,9.409440847316151
16352149216,0,193.37872314453125,2.2403907775878906,0.03343593701720238,9.44753942170229
16377149216,0,193.3816680908203,2.4772133827209473,0.033448103815317154,9.482605071566827
16402149217,0,193.38455200195312,2.7148523330688477,0.03346237167716026,9.514447802491913
16427149217,0,193.38734436035156,2.953221321105957,0.03347888961434364,9.542788179529671
16452149217,0,193.3899688720703,3.1922290325164795,0.03349742665886879,9.567409925941355
16477149218,0,193.39260864257812,3.431781768798828,0.033517953008413315,9.588378160603142
16502149218,0,193.3952178955078,3.6717939376831055,0.03354034200310707,9.605938114950142
16527149219,0,193.3977508544922,3.9121835231781006,0.03356403112411499,9.620261440403725
16552149219,0,193.4002685546875,4.152871608734131,0.033588867634534836,9.631471539707736
16577149219,0,193.4027862548828,4.3937859535217285,0.033614274114370346,9.63981458695023
16602149220,0,193.40528869628906,4.634858131408691,0.03364017233252525,9.645478463752335
16627149220,0,193.40774536132812,4.876025199890137,0.03366607427597046,9.648638259680554
16652149220,0,193.41015625,5.117224216461182,0.03369186446070671,9.64927625469259
16677149221,0,193.4125213623047,5.358394622802734,0.033717572689056396,9.647521724426122
16702149221,0,193.414794921875,5.599486351013184,0.0337427519261837,9.643883085191765
16727149222,0,193.41709899902344,5.8404541015625,0.03376716375350952,9.638474063348657
16752149222,0,193.41949462890625,6.081253528594971,0.033790815621614456,9.63131028368018
16777149222,0,193.42189025878906,6.321846961975098,0.03381336107850075,9.622676768851493
16802149223,0,193.42431640625,6.562199592590332,0.033835068345069885,9.612745148990857
16827149223,0,193.42677307128906,6.802286148071289,0.03385547548532486,9.601846428639423
16852149223,0,193.42930603027344,7.042082786560059,0.03387451171875,9.590019325289145
16877149224,0,193.4319305419922,7.281571865081787,0.03389221057295799,9.577512310347796
16902149224,0,193.43463134765625,7.520732402801514,0.03390861302614212,9.564145601838105
16927149225,0,193.4373779296875,7.759543418884277,0.03392398729920387,9.549991348460049
16952149225,0,193.4402313232422,7.997986793518066,0.033938217908144,9.53514089850238
16977149225,0,193.4432373046875,8.236048698425293,0.03395122289657593,9.519768269652793
17002149226,0,193.44630432128906,8.47371768951416,0.033963318914175034,9.504075763426176
17027149226,0,193.449462890625,8.710992813110352,0.03397422656416893,9.488217951582653
17052149226,0,193.45269775390625,8.947868347167969,0.033983953297138214,9.472253027615732
17077149227,0,193.45594787597656,9.184348106384277,0.033992499113082886,9.456395215949973
17102149227,0,193.45919799804688,9.420435905456543,0.03399990126490593,9.440768468680549
17127149228,0,193.46246337890625,9.65614128112793,0.03400600329041481,9.42555351635479
17152149228,0,193.4657440185547,9.891475677490234,0.034010887145996094,9.410824023758853
17177149228,0,193.468994140625,10.126458168029785,0.0340145118534565,9.396854889086633
17202149229,0,193.47218322753906,10.361103057861328,0.034016914665699005,9.38349324093846
17227149229,0,193.4752960205078,10.595426559448242,0.034018248319625854,9.3706101155754
17252149229,0,193.47830200195312,10.829437255859375,0.034018781036138535,9.357997507762734
17277149230,0,193.4812469482422,11.06313419342041,0.03401893377304077,9.34556809861281
17302149230,0,193.48416137695312,11.296528816223145,0.03401859104633331,9.33354644280323
17327149230,0,193.4870147705078,11.52963638305664,0.03401763737201691,9.32209869102275
17352149231,0,193.48976135253906,11.762469291687012,0.03401607275009155,9.311332873361822
17377149231,0,193.4924774169922,11.995044708251953,0.03401416540145874,9.30103584691506
17402149232,0,193.49514770507812,12.227370262145996,0.03401176258921623,9.291058360423573
17427149232,0,193.49778747558594,12.459452629089355,0.03400920704007149,9.281489872977541
17452149232,0,193.5003662109375,12.691309928894043,0.03400653600692749,9.272576388067375
17477149233,0,193.5028533935547,12.922962188720703,0.034003179520368576,9.264639087874299
17502149233,0,193.50523376464844,13.154434204101562,0.03399936482310295,9.257549925286087
17527149233,0,193.50759887695312,13.385743141174316,0.03399517014622688,9.251075213296447
17552149234,0,193.50991821289062,13.616902351379395,0.03399062901735306,9.245304265799556
17577149234,0,193.5121612548828,13.847935676574707,0.03398555517196655,9.24047324795995
17602149235,0,193.5143585205078,14.078866958618164,0.03398013859987259,9.236626304684338
17627149235,0,193.51641845703125,14.309722900390625,0.03397449478507042,9.233731445677558
17652149235,0,193.5183868408203,14.540522575378418,0.033968236297369,9.231753615951323
17677149236,0,193.520263671875,14.771292686462402,0.03396167606115341,9.230662754318054
17702149236,0,193.52203369140625,15.002053260803223,0.033954884856939316,9.230530874452919
17727149236,0,193.52366638183594,15.232829093933105,0.033947791904211044,9.231345177793616
17752149237,0,193.52513122558594,15.463643074035645,0.03394046798348427,9.23307584074509
17777149237,0,193.52639770507812,15.694515228271484,0.03393314406275749,9.235419311244534
17802149238,0,193.5275115966797,15.925454139709473,0.03392577916383743,9.238171002189942
17827149238,0,193.52835083007812,16.156463623046875,0.033918991684913635,9.241047195625146
17852149238,0,193.52891540527344,16.387550354003906,0.033912621438503265,9.244163907266971
17877149239,0,193.5292510986328,16.61871337890625,0.03390682116150856,9.24715074000343
17902149239,0,193.52931213378906,16.849946975708008,0.03390197828412056,9.249985193261262
17927149239,0,193.52911376953125,17.081254959106445,0.03389747440814972,9.253071290774853
17952149240,0,193.5287322998047,17.312641143798828,0.03389370068907738,9.256141221065997
17977149240,0,193.5281982421875,17.54408836364746,0.03389041870832443,9.258498555712062
18002149241,0,193.52761840820312,17.77557945251465,0.03388839587569237,9.259950557032838
18027149241,0,193.5269317626953,18.007089614868164,0.03388740494847298,9.260564992146927
18052149241,0,193.52610778808594,18.238603591918945,0.033887479454278946,9.260669944132948
18077149242,0,193.5251922607422,18.470117568969727,0.03388797864317894,9.260720821818772
18102149242,0,193.5241241455078,18.701635360717773,0.033888738602399826,9.260977818980896
18127149242,0,193.52288818359375,18.933162689208984,0.033889349550008774,9.261459514368877
18152149243,0,193.52151489257812,19.164709091186523,0.033889733254909515,9.262344941455451
18177149243,0,193.51995849609375,19.39628791809082,0.03388988599181175,9.263779558118301
18202149244,0,193.5182647705078,19.627914428710938,0.03388915956020355,9.26591088241085
18227149244,0,193.5165252685547,19.85960578918457,0.03388786315917969,9.268759067821081
18252149244,0,193.51475524902344,20.091386795043945,0.03388580307364464,9.272509445118422
18277149245,0,193.512939453125,20.32327651977539,0.03388321027159691,9.27695685791129
18302149245,0,193.51104736328125,20.55529022216797,0.03388000279664993,9.281991163202353
18327149245,0,193.5091094970703,20.78743553161621,0.0338764563202858,9.2874385385806
18352149246,0,193.50714111328125,21.019725799560547,0.03387271985411644,9.293276178462103
18377149246,0,193.50509643554688,21.252166748046875,0.03386905416846275,9.29945024962269
18402149247,0,193.50299072265625,21.484766006469727,0.033865317702293396,9.30587678959801
18427149247,0,193.5008087158203,21.717531204223633,0.03386165574193001,9.312631731210613
18452149247,0,193.49859619140625,21.95047378540039,0.033857956528663635,9.319785309518421
18477149248,0,193.49624633789062,22.183589935302734,0.033854447305202484,9.326960030265033
18502149248,0,193.49380493164062,22.416879653930664,0.033851508051157,9.33359841456522
18527149248,0,193.49124145507812,22.65032196044922,0.03384917974472046,9.339735225396996
18552149249,0,193.48858642578125,22.883907318115234,0.03384769335389137,9.345334705405177
18577149249,0,193.48577880859375,23.117618560791016,0.03384716063737869,9.35030353549698
18602149249,0,193.48284912109375,23.351442337036133,0.03384716063737869,9.354808472499881
18627149250,0,193.4797821044922,23.585363388061523,0.033847883343696594,9.358619218412173
18652149250,0,193.47662353515625,23.81937026977539,0.03384925797581673,9.361930368421794
18677149251,0,193.47329711914062,24.053443908691406,0.033851128071546555,9.364726462591493
18702149251,0,193.46987915039062,24.287580490112305,0.03385360538959503,9.36690620195675
18727149251,0,193.46636962890625,24.521753311157227,0.033856429159641266,9.368416488426574
18752149252,0,193.4627227783203,24.755949020385742,0.03385959565639496,9.3693380796149
18777149252,0,193.4590606689453,24.990156173706055,0.03386322036385536,9.369570294412142
18802149252,0,193.45538330078125,25.224355697631836,0.03386722505092621,9.369039656149878
18827149253,0,193.45172119140625,25.458526611328125,0.03387153521180153,9.367905560084798
18852149253,0,193.44798278808594,25.692663192749023,0.0338759608566761,9.36640572516654
18877149254,0,193.4442138671875,25.9267578125,0.03388042375445366,9.364755009162362
18902149254,0,193.44044494628906,26.16081428527832,0.03388450667262077,9.363173448954944
18927149254,0,193.4366912841797,26.39482879638672,0.033888205885887146,9.361469232055711
18952149255,0,193.4329376220703,26.62879753112793,0.033891599625349045,9.359663153101176
18977149255,0,193.42922973632812,26.86272430419922,0.03389472886919975,9.357769582440351
19002149255,0,193.42550659179688,27.096601486206055,0.03389739990234375,9.355811915846225
19027149256,0,193.4218292236328,27.330429077148438,0.03389987722039223,9.353961506961184
19052149256,0,193.41818237304688,27.564220428466797,0.03390186280012131,9.35250355661678
19077149257,0,193.41452026367188,27.79798126220703,0.03390312194824219,9.351331641248441
19102149257,0,193.410888671875,28.031713485717773,0.03390415012836456,9.350216870305525
19127149257,0,193.40725708007812,28.265419006347656,0.03390487655997276,9.34910000057107
19152149258,0,193.40367126464844,28.49909782409668,0.03390537202358246,9.34800812869879
19177149258,0,193.400146484375,28.732749938964844,0.0339057520031929,9.346962490055093
19202149258,0,193.3966522216797,28.966381072998047,0.03390609845519066,9.34590002985283
19227149259,0,193.3931427001953,29.199979782104492,0.033906325697898865,9.344709561610957
19252149259,0,193.38958740234375,29.433544158935547,0.033906593918800354,9.343272888363845
19277149260,0,193.38604736328125,29.667070388793945,0.033907201141119,9.34168826902272
19302149260,0,193.3825225830078,29.90055274963379,0.033907774835824966,9.339829138377999
19327149260,0,193.3789825439453,30.13397789001465,0.0339086540043354,9.3375997425976
19352149261,0,193.37542724609375,30.367340087890625,0.033909872174263,9.334828177340373
19377149261,0,193.37179565429688,30.60062026977539,0.03391155228018761,9.331571382358467
19402149261,0,193.3680877685547,30.83381462097168,0.033913422375917435,9.328142356665454
19427149262,0,193.3643341064453,31.066917419433594,0.03391536697745323,9.324473777899735
19452149262,0,193.36058044433594,31.2999267578125,0.0339173898100853,9.320675906446056
19477149263,0,193.35682678222656,31.532838821411133,0.03391929715871811,9.316878467231636
19502149263,0,193.35299682617188,31.765653610229492,0.033921241760253906,9.31286618733824
19527149263,0,193.34909057617188,31.99835777282715,0.033923033624887466,9.308373560877687
19552149264,0,193.34503173828125,32.23092269897461,0.03392558917403221,9.302431477383598
19577149264,0,193.34091186523438,32.46329879760742,0.03392936661839485,9.29444854399048
19602149264,0,193.3367919921875,32.695457458496094,0.03393401950597763,9.2859424463049
19627149265,0,193.3326873779297,32.92741012573242,0.03393875062465668,9.277761611253325
19652149265,0,193.3285675048828,33.159175872802734,0.033942945301532745,9.270268621894964
19677149266,0,193.32443237304688,33.390769958496094,0.03394611179828644,9.263927027031833
19702149266,0,193.3203125,33.62222671508789,0.03394794464111328,9.25853663327549
19727149266,0,193.3162078857422,33.85356903076172,0.03394847735762596,9.254136340467923
19752149267,0,193.3121795654297,34.084815979003906,0.033947866410017014,9.250457070376914
19777149267,0,193.30819702148438,34.31598663330078,0.03394638001918793,9.247497451329538
19802149267,0,193.30429077148438,34.5471076965332,0.033944129943847656,9.245507704667087
19827149268,0,193.3004608154297,34.7781982421875,0.03394084796309471,9.244669019266954
19852149268,0,193.296630859375,35.00928497314453,0.03393672779202461,9.244629029754472
19877149268,0,193.29278564453125,35.240379333496094,0.03393222764134407,9.24505324730463
19902149269,0,193.2889862060547,35.47148895263672,0.03392764925956726,9.245462905235902
19927149269,0,193.28524780273438,35.702598571777344,0.03392360731959343,9.245569643282266
19952149270,0,193.28160095214844,35.9337043762207,0.03392013534903526,9.245208171520746
19977149270,0,193.2779998779297,36.16478729248047,0.03391757979989052,9.244015216142444
20002149270,0,193.27442932128906,36.39583206176758,0.03391597792506218,9.242440165613488
20027149271,0,193.27081298828125,36.62684631347656,0.03391464054584503,9.241395224937499
20052149271,0,193.26718139648438,36.85783767700195,0.03391345962882042,9.24065751492422
20077149271,0,193.2635498046875,37.088809967041016,0.033912427723407745,9.239754896990242
20102149272,0,193.2599334716797,37.31976318359375,0.03391139954328537,9.239042610502446
20127149272,0,193.2563018798828,37.55070114135742,0.033910561352968216,9.238427539648407
20152149273,0,193.25265502929688,37.78162384033203,0.03390960767865181,9.237799224731836
20177149273,0,193.24899291992188,38.01252746582031,0.03390869125723839,9.237144036191845
20202149273,0,193.2452850341797,38.243412017822266,0.03390800580382347,9.236524056368825
20227149274,0,193.2415771484375,38.47428512573242,0.03390746936202049,9.236060117269032
20252149274,0,193.23782348632812,38.70514678955078,0.03390674665570259,9.23570882965941
20277149274,0,193.23403930664062,38.93600845336914,0.03390602022409439,9.235379703573086
20302149275,0,193.23019409179688,39.16685485839844,0.033905334770679474,9.235150517727124
20327149275,0,193.22630310058594,39.397705078125,0.03390457108616829,9.23526682088949
20352149276,0,193.22230529785156,39.62855911254883,0.03390361741185188,9.235624332499617
20377149276,0,193.21829223632812,39.85942840576172,0.03390243276953697,9.23636291272049
20402149276,0,193.21424865722656,40.09032440185547,0.033900756388902664,9.237688189585418
20427149277,0,193.2101593017578,40.32126235961914,0.033898886293172836,9.239396864591104
20452149277,0,193.20599365234375,40.55225372314453,0.03389694169163704,9.241430704473121
20477149277,0,193.20175170898438,40.783294677734375,0.03389480337500572,9.243661288180574
20502149278,0,193.197509765625,41.01439666748047,0.03389247879385948,9.245975798023045
20527149278,0,193.1932830810547,41.24554443359375,0.03389038145542145,9.248284720621431
20552149279,0,193.1890411376953,41.47676086425781,0.033888474106788635,9.25067464569282
20577149279,0,193.18479919433594,41.708045959472656,0.03388652577996254,9.253495217727972
20602149279,0,193.18060302734375,41.93940734863281,0.03388431295752525,9.257060245457723
20627149280,0,193.1764373779297,42.17087173461914,0.033881720155477524,9.261409511046654
20652149280,0,193.17237854003906,42.40247344970703,0.033878669142723083,9.266566023812969
20677149280,0,193.1684112548828,42.63420867919922,0.0338752344250679,9.272137641082793
20702149281,0,193.16458129882812,42.8660888671875,0.033871572464704514,9.27782408304071
20727149281,0,193.1609344482422,43.098114013671875,0.03386814147233963,9.283467423324076
20752149282,0,193.15744018554688,43.33028793334961,0.03386509045958519,9.28918413895953
20777149282,0,193.154052734375,43.56260299682617,0.03386222943663597,9.294813302939925
20802149282,0,193.1507568359375,43.79505157470703,0.03385990113019943,9.30037620797057
20827149283,0,193.14747619628906,44.027645111083984,0.03385765105485916,9.306022498120617
