ts,agent_id,throttle,steer,brake
2015115927,0,0.8999999761581421,0.003500721650198102,0.0
2040115928,0,0.8999999761581421,0.0025343885645270348,0.0
2065115928,0,0.8999999761581421,0.0038011432625353336,0.0
2090115929,0,0.8999999761581421,0.002208117861300707,0.0
2115115929,0,0.8999999761581421,0.0034811650402843952,0.0
2140115929,0,0.8999999761581421,0.0038186172023415565,0.0
2165115930,0,0.8999999761581421,0.0028700868133455515,0.0
2190115930,0,0.8999999761581421,0.0038987768348306417,0.0
2215115930,0,0.8999999761581421,0.003400458488613367,0.0
2240115931,0,0.8999999761581421,0.0031488537788391113,0.0
2265115931,0,0.8999999761581421,0.0026783470530062914,0.0
2290115932,0,0.8999999761581421,0.0029237938579171896,0.0
2315115932,0,0.8999999761581421,0.0026271480601280928,0.0
2340115932,0,0.8999999761581421,0.0025601605884730816,0.0
2365115933,0,0.8999999761581421,0.002472145948559046,0.0
2390115933,0,0.8999999761581421,0.002485457109287381,0.0
2415115933,0,0.8999999761581421,0.0024045289028435946,0.0
2440115934,0,0.8999999761581421,0.002401091856881976,0.0
2465115934,0,0.8999999761581421,0.002570573939010501,0.0
2490115934,0,0.8999999761581421,0.0023348366376012564,0.0
2515115935,0,0.8999999761581421,0.002192260231822729,0.0
2540115935,0,0.8999999761581421,0.0023174171801656485,0.0
2565115936,0,0.8999999761581421,0.0023030703887343407,0.0
2590115936,0,0.8999999761581421,0.0024185527581721544,0.0
2615115936,0,0.8999999761581421,0.0024295616894960403,0.0
2640115937,0,0.8999999761581421,0.0023878158535808325,0.0
2665115937,0,0.8999999761581421,0.002409496810287237,0.0
2690115937,0,0.8999999761581421,0.002264438895508647,0.0
2715115938,0,0.8999999761581421,0.002560269320383668,0.0
2740115938,0,0.8999999761581421,0.002449863124638796,0.0
2765115939,0,0.8999999761581421,0.0026093916967511177,0.0
2790115939,0,0.8999999761581421,0.0026300125755369663,0.0
2815115939,0,0.8999999761581421,0.0027023451402783394,0.0
2840115940,0,0.8999999761581421,0.0026572314091026783,0.0
2865115940,0,0.8999999761581421,0.0026431577280163765,0.0
2890115940,0,0.8999999761581421,0.0028125117532908916,0.0
2915115941,0,0.8999999761581421,0.002707764506340027,0.0
2940115941,0,0.8999999761581421,0.0027697295881807804,0.0
2965115942,0,0.8999999761581421,0.00285108364187181,0.0
2990115942,0,0.8999999761581421,0.00275172246620059,0.0
3015115942,0,0.8999999761581421,0.002759473165497184,0.0
3040115943,0,0.8999999761581421,0.0025806091725826263,0.0
3065115943,0,0.8999999761581421,0.00276654539629817,0.0
3090115943,0,0.8999999761581421,0.0026452383026480675,0.0
3115115944,0,0.8999999761581421,0.002640532562509179,0.0
3140115944,0,0.8999999761581421,0.0026521184481680393,0.0
3165115945,0,0.8999999761581421,0.0026446948759257793,0.0
3190115945,0,0.8999999761581421,0.002590266754850745,0.0
3215115945,0,0.8999999761581421,0.0025707948952913284,0.0
3240115946,0,0.8999999761581421,0.0025542674120515585,0.0
3265115946,0,0.8999999761581421,0.002423315541818738,0.0
3290115946,0,0.8999999761581421,0.002511506201699376,0.0
3315115947,0,0.8999999761581421,0.002485899953171611,0.0
3340115947,0,0.8999999761581421,0.0025361275766044855,0.0
3365115948,0,0.8999999761581421,0.002553945640102029,0.0
3390115948,0,0.8999999761581421,0.0024498936254531145,0.0
3415115948,0,0.8999999761581421,0.002576123923063278,0.0
3440115949,0,0.8999999761581421,0.0023960417602211237,0.0
3465115949,0,0.8999999761581421,0.002478819340467453,0.0
3490115949,0,0.8999999761581421,0.0024067764170467854,0.0
3515115950,0,0.8999999761581421,0.002453550463542342,0.0
3540115950,0,0.8999999761581421,0.0024778374936431646,0.0
3565115951,0,0.8999999761581421,0.0025581989903002977,0.0
3590115951,0,0.8999999761581421,0.0025515167508274317,0.0
3615115951,0,0.8999999761581421,0.0024961610324680805,0.0
3640115952,0,0.8999999761581421,0.002459458541125059,0.0
3665115952,0,0.8999999761581421,0.0023942103143781424,0.0
3690115952,0,0.8999999761581421,0.0024007416795939207,0.0
3715115953,0,0.8999999761581421,0.0023312957491725683,0.0
3740115953,0,0.8999999761581421,0.0023700883612036705,0.0
3765115953,0,0.8999999761581421,0.00252842647023499,0.0
3790115954,0,0.8999999761581421,0.0024054134264588356,0.0
3815115954,0,0.8999999761581421,0.002461836440488696,0.0
3840115955,0,0.8999999761581421,0.0023695591371506453,0.0
3865115955,0,0.8999999761581421,0.002413639333099127,0.0
3890115955,0,0.8999999761581421,0.0023579976987093687,0.0
3915115956,0,0.8999999761581421,0.00231605744920671,0.0
3940115956,0,0.8999999761581421,0.0024573812261223793,0.0
3965115956,0,0.8999999761581421,0.002500375732779503,0.0
3990115957,0,0.8999999761581421,0.002511837752535939,0.0
4015115957,0,0.8999999761581421,0.0024919502902776003,0.0
4040115958,0,0.8999999761581421,0.0023630063515156507,0.0
4065115958,0,0.8999999761581421,0.002380695194005966,0.0
4090115958,0,0.8999999761581421,0.0023153016809374094,0.0
4115115959,0,0.8999999761581421,0.002354359021410346,0.0
4140115959,0,0.8999999761581421,0.0023821452632546425,0.0
4165115959,0,0.8999999761581421,0.002491150749847293,0.0
4190115960,0,0.8999999761581421,0.0024572047404944897,0.0
4215115960,0,0.8999999761581421,0.0024768016301095486,0.0
4240115961,0,0.8999999761581421,0.0023735903669148684,0.0
4265115961,0,0.8999999761581421,0.002359871519729495,0.0
4290115961,0,0.8999999761581421,0.002370768692344427,0.0
4315115962,0,0.8999999761581421,0.0023601832799613476,0.0
4340115962,0,0.8999999761581421,0.002467017387971282,0.0
4365115962,0,0.8999999761581421,0.002531424630433321,0.0
4390115963,0,0.8999999761581421,0.0024654236622154713,0.0
4415115963,0,0.8999999761581421,0.0024613041896373034,0.0
4440115964,0,0.8999999761581421,0.002502991119399667,0.0
4465115964,0,0.8999999761581421,0.0026250523515045643,0.0
4490115964,0,0.8999999761581421,0.002623119857162237,0.0
4515115965,0,0.8999999761581421,0.002348920563235879,0.0
4540115965,0,0.8999999761581421,0.0019245893927291036,0.0
4565115965,0,0.8999999761581421,0.0017324916552752256,0.0
4590115966,0,0.8999999761581421,0.0020760586485266685,0.0
4615115966,0,0.8999999761581421,0.0020991447381675243,0.0
4640115967,0,0.8999999761581421,0.002203668002039194,0.0
4665115967,0,0.8999999761581421,0.0022850099485367537,0.0
4690115967,0,0.8999999761581421,0.002424044068902731,0.0
4715115968,0,0.8999999761581421,0.0022065367083996534,0.0
4740115968,0,0.8999999761581421,0.002362630795687437,0.0
4765115968,0,0.8999999761581421,0.0026222134474664927,0.0
4790115969,0,0.8999999761581421,0.0026790648698806763,0.0
4815115969,0,0.8999999761581421,0.0027993216644972563,0.0
4840115970,0,0.8999999761581421,0.0031292156782001257,0.0
4865115970,0,0.8999999761581421,0.0032006038818508387,0.0
4890115970,0,0.8999999761581421,0.0031093056313693523,0.0
4915115971,0,0.8999999761581421,0.0028352015651762486,0.0
4940115971,0,0.8999999761581421,0.0023295413702726364,0.0
4965115971,0,0.8999999761581421,0.002681300276890397,0.0
4990115972,0,0.8999999761581421,0.002323062624782324,0.0
5015115972,0,0.8999999761581421,0.0013263359433040023,0.0
5040115972,0,0.8999999761581421,0.00038464920362457633,0.0
5065115973,0,0.8999999761581421,0.0005458957748487592,0.0
5090115973,0,0.8999999761581421,0.0006758614326827228,0.0
5115115974,0,0.8999999761581421,0.0010079622734338045,0.0
5140115974,0,0.8999999761581421,0.0006300436798483133,0.0
5165115974,0,0.8999999761581421,-0.00010174135968554765,0.0
5190115975,0,0.8999999761581421,-0.0002707316307350993,0.0
5215115975,0,0.8999999761581421,-0.0003671155427582562,0.0
5240115975,0,0.8999999761581421,-0.00011143596202600747,0.0
5265115976,0,0.8999999761581421,-0.0007481504580937326,0.0
5290115976,0,0.8999999761581421,-0.0002973465889226645,0.0
5315115977,0,0.8999999761581421,0.0004531873273663223,0.0
5340115977,0,0.8999999761581421,0.0006529262172989547,0.0
5365115977,0,0.8999999761581421,0.0009829425252974033,0.0
5390115978,0,0.8999999761581421,0.0014810339780524373,0.0
5415115978,0,0.8999999761581421,0.001443413901142776,0.0
5440115978,0,0.8999999761581421,0.0018213809235021472,0.0
5465115979,0,0.8999999761581421,0.0010941863292828202,0.0
5490115979,0,0.8999999761581421,0.0009378290851600468,0.0
5515115980,0,0.8999999761581421,0.0016500570345669985,0.0
5540115980,0,0.8999999761581421,0.0013449880061671138,0.0
5565115980,0,0.8999999761581421,0.0015702120726928115,0.0
5590115981,0,0.8999999761581421,0.002130841137841344,0.0
5615115981,0,0.8999999761581421,0.0018611340783536434,0.0
5640115981,0,0.8999999761581421,0.0023208342026919127,0.0
5665115982,0,0.8999999761581421,0.0016678653191775084,0.0
5690115982,0,0.8999999761581421,0.0016493811272084713,0.0
5715115983,0,0.8999999761581421,0.0011298556346446276,0.0
5740115983,0,0.8999999761581421,0.001453933771699667,0.0
5765115983,0,0.8999999761581421,0.0019669008906930685,0.0
5790115984,0,0.8999999761581421,0.0024054020177572966,0.0
5815115984,0,0.8999999761581421,0.0020531576592475176,0.0
5840115984,0,0.8999999761581421,0.0017990077612921596,0.0
5865115985,0,0.8999999761581421,0.0015762140974402428,0.0
5890115985,0,0.8999999761581421,0.0012408774346113205,0.0
5915115986,0,0.8999999761581421,0.0012580824550241232,0.0
5940115986,0,0.8999999761581421,0.0012199870543554425,0.0
5965115986,0,0.8999999761581421,0.000982637982815504,0.0
5990115987,0,0.8999999761581421,0.0009792314376682043,0.0
6015115987,0,0.8999999761581421,0.0006785480072721839,0.0
6040115987,0,0.8999999761581421,1.7452553947805427e-05,0.0
6065115988,0,0.8999999761581421,-0.0005407019634731114,0.0
6090115988,0,0.8999999761581421,-0.0017899933736771345,0.0
6115115988,0,0.8999999761581421,-0.0010969525901600718,0.0
6140115989,0,0.8999999761581421,-0.0014145435998216271,0.0
6165115989,0,0.8999999761581421,-0.0007693212246522307,0.0
6190115990,0,0.8999999761581421,-0.000895530276466161,0.0
6215115990,0,0.8999999761581421,-0.001892154454253614,0.0
6240115990,0,0.8999999761581421,-0.0016251254128292203,0.0
6265115991,0,0.8999999761581421,-0.0011276286095380783,0.0
6290115991,0,0.8999999761581421,-0.0009331077453680336,0.0
6315115991,0,0.8999999761581421,-0.0006406304892152548,0.0
6340115992,0,0.8999999761581421,-0.00028064963407814503,0.0
6365115992,0,0.8999999761581421,0.0007142570684663951,0.0
6390115993,0,0.8999999761581421,0.0006519059534184635,0.0
6415115993,0,0.8999999761581421,0.0003107494267169386,0.0
6440115993,0,0.8999999761581421,0.0007091429433785379,0.0
6465115994,0,0.8999999761581421,0.0019429355161264539,0.0
6490115994,0,0.8999999761581421,0.002980976365506649,0.0
6515115994,0,0.8999999761581421,0.002850340446457267,0.0
6540115995,0,0.8999999761581421,0.0026203535962849855,0.0
6565115995,0,0.8999999761581421,0.002897147089242935,0.0
6590115996,0,0.8999999761581421,0.002522827126085758,0.0
6615115996,0,0.8502705693244934,0.00157933181617409,0.0
6640115996,0,0.7954121232032776,0.0013033210998401046,0.0
6665115997,0,0.7569543123245239,0.0012538107112050056,0.0
6690115997,0,0.7201085686683655,0.0008517231908626854,0.0
6715115997,0,0.6693428754806519,0.00026053329929709435,0.0
6740115998,0,0.6315944194793701,-0.0006319689564406872,0.0
6765115998,0,0.5781907439231873,-0.0005527387256734073,0.0
6790115999,0,0.5226627588272095,-0.0014420963125303388,0.0
6815115999,0,0.5098078846931458,-0.0005762730143032968,0.0
6840115999,0,0.4560096859931946,-0.0007653810316696763,0.0
6865116000,0,0.43147391080856323,-0.001062633702531457,0.0
6890116000,0,0.39108631014823914,-0.002151232212781906,0.0
6915116000,0,0.39851114153862,-0.0029948600567877293,0.0
6940116001,0,0.3785628080368042,-0.005942210555076599,0.0
6965116001,0,0.35970279574394226,-0.006820091977715492,0.0
6990116002,0,0.3257308304309845,-0.003921632654964924,0.0
7015116002,0,0.3147526979446411,-0.0023928231094032526,0.0
7040116002,0,0.31009718775749207,-0.004705446772277355,0.0
7065116003,0,0.2930474281311035,-0.005469619762152433,0.0
7090116003,0,0.2840545177459717,-0.006267539691179991,0.0
7115116003,0,0.2728308141231537,-0.003842473728582263,0.0
7140116004,0,0.2681547701358795,-0.0034264412242919207,0.0
7165116004,0,0.2828772962093353,-0.003392651677131653,0.0
7190116005,0,0.28072068095207214,-0.0038372983690351248,0.0
7215116005,0,0.2812303304672241,-0.00482007022947073,0.0
7240116005,0,0.2729787826538086,-0.002016067039221525,0.0
7265116006,0,0.2814069986343384,-0.0007656343514099717,0.0
7290116006,0,0.2854640483856201,-0.0006788895116187632,0.0
7315116006,0,0.29142510890960693,-0.00019753618107642978,0.0
7340116007,0,0.31088921427726746,-0.001143969944678247,0.0
7365116007,0,0.3423421382904053,-0.002307126997038722,0.0
7390116007,0,0.35857531428337097,-0.0028294187504798174,0.0
7415116008,0,0.36477282643318176,-0.0036318607162684202,0.0
7440116008,0,0.37343594431877136,-0.0011997625697404146,0.0
7465116009,0,0.3496539890766144,-0.0014076294610276818,0.0
7490116009,0,0.3356345295906067,-0.000681580335367471,0.0
7515116009,0,0.31772929430007935,-0.0011943425051867962,0.0
7540116010,0,0.31750422716140747,-0.0007358703296631575,0.0
7565116010,0,0.34975942969322205,-0.0016767744673416018,0.0
7590116010,0,0.37951940298080444,-0.001441909815184772,0.0
7615116011,0,0.3662562072277069,-0.0008082262356765568,0.0
7640116011,0,0.3765118718147278,-0.0017348140245303512,0.0
7665116012,0,0.3939201831817627,-0.0028926292434334755,0.0
7690116012,0,0.39470288157463074,-0.0018840322736650705,0.0
7715116012,0,0.39809170365333557,-0.0010324898175895214,0.0
7740116013,0,0.4201245903968811,-0.002542250556871295,0.0
7765116013,0,0.43313848972320557,-0.0010415540309622884,0.0
7790116013,0,0.431394100189209,-0.002116018207743764,0.0
7815116014,0,0.45337387919425964,-0.004260602407157421,0.0
7840116014,0,0.48065438866615295,-0.004688991699367762,0.0
7865116015,0,0.4934275150299072,-0.004476700909435749,0.0
7890116015,0,0.508399486541748,-0.0037753060460090637,0.0
7915116015,0,0.536139726638794,-0.002368537476286292,0.0
7940116016,0,0.5333712697029114,-0.0020624694880098104,0.0
7965116016,0,0.559413731098175,-0.0017819266067817807,0.0
7990116016,0,0.570138692855835,-0.003725421382114291,0.0
8015116017,0,0.4092957377433777,0.002101045800372958,0.0
8040116017,0,0.316363662481308,0.0033335264306515455,0.0
8065116018,0,0.34692931175231934,0.003920598421245813,0.0
8090116018,0,0.0,0.004594649653881788,1.0
8115116018,0,0.0,0.007494598627090454,1.0
8140116019,0,0.19671982526779175,0.007688092067837715,0.0
8165116019,0,0.0,0.01173518318682909,1.0
8190116019,0,0.44090384244918823,0.007857834920287132,0.0
8215116020,0,0.6648184657096863,0.0013356719864532351,0.0
8240116020,0,0.6731427311897278,0.0013847738737240434,0.0
8265116021,0,0.6457149982452393,0.002574129030108452,0.0
8290116021,0,0.6164222955703735,0.003112517297267914,0.0
8315116021,0,0.6550495624542236,0.0015089609660208225,0.0
8340116022,0,0.6418994069099426,0.0021619440522044897,0.0
8365116022,0,0.6983595490455627,0.0010129199363291264,0.0
8390116022,0,0.6871763467788696,0.0011080843396484852,0.0
8415116023,0,0.714163601398468,0.0005680156173184514,0.0
8440116023,0,0.7128576636314392,-3.7712605262640864e-05,0.0
8465116024,0,0.7206291556358337,-0.0007719038985669613,0.0
8490116024,0,0.686136782169342,-0.00212699337862432,0.0
8515116024,0,0.6492211222648621,-0.0034924806095659733,0.0
8540116025,0,0.6897295117378235,-0.002628039103001356,0.0
8565116025,0,0.6906712651252747,-0.002558344043791294,0.0
8590116025,0,0.6514230370521545,-0.002234410960227251,0.0
8615116026,0,0.6451545357704163,-0.003184742294251919,0.0
8640116026,0,0.6013588905334473,-0.005677882116287947,0.0
8665116026,0,0.6238992214202881,-0.005162989720702171,0.0
8690116027,0,0.6059826612472534,-0.004690189845860004,0.0
8715116027,0,0.6063621640205383,-0.002366617787629366,0.0
8740116028,0,0.5859814286231995,-0.002323655877262354,0.0
8765116028,0,0.5572934150695801,-0.0016077824402600527,0.0
8790116028,0,0.5356241464614868,-0.000649358902592212,0.0
8815116029,0,0.5117758512496948,-0.0014064654242247343,0.0
8840116029,0,0.4592586159706116,0.0011194623075425625,0.0
8865116029,0,0.4050447940826416,0.003691536607220769,0.0
8890116030,0,0.30937284231185913,0.0042171296663582325,0.0
8915116030,0,0.16827347874641418,0.006296761333942413,0.0
8940116031,0,0.17862899601459503,0.006082818377763033,0.0
8965116031,0,0.17307956516742706,0.0054273721762001514,0.0
8990116031,0,0.16744214296340942,0.0052613914012908936,0.0
9015116032,0,0.21334755420684814,0.005205440800637007,0.0
9040116032,0,0.17129641771316528,0.005226079374551773,0.0
9065116032,0,0.1574532389640808,0.005403908900916576,0.0
9090116033,0,0.21280261874198914,0.0041255224496126175,0.0
9115116033,0,0.24946418404579163,0.003958091605454683,0.0
9140116034,0,0.2615358829498291,0.003269224427640438,0.0
9165116034,0,0.25457289814949036,0.002583511872217059,0.0
9190116034,0,0.2635957598686218,0.0013950063148513436,0.0
9215116035,0,0.3315710723400116,-0.000755605346057564,0.0
9240116035,0,0.3199008107185364,-0.0012737249489873648,0.0
9265116035,0,0.48509183526039124,-0.0036471730563789606,0.0
9290116036,0,0.4945087432861328,-0.004159091506153345,0.0
9315116036,0,0.4729531407356262,-0.011410996317863464,0.0
9340116037,0,0.4744418263435364,-0.008262932300567627,0.0
9365116037,0,0.470691055059433,-0.006974921096116304,0.0
9390116037,0,0.4828801453113556,-0.0047065638937056065,0.0
9415116038,0,0.5078110694885254,-0.007948343642055988,0.0
9440116038,0,0.5329350829124451,-0.01261776965111494,0.0
9465116038,0,0.5575752854347229,-0.008119544014334679,0.0
9490116039,0,0.533614456653595,-0.006874233949929476,0.0
9515116039,0,0.5335777997970581,-0.005446020048111677,0.0
9540116040,0,0.5313878059387207,-0.004769272170960903,0.0
9565116040,0,0.5107018947601318,-0.0041621834971010685,0.0
9590116040,0,0.5117879509925842,-0.0029511554166674614,0.0
9615116041,0,0.5241705179214478,-0.005049440544098616,0.0
9640116041,0,0.5130403637886047,-0.002735839458182454,0.0
9665116041,0,0.5052126049995422,0.0001644069270696491,0.0
9690116042,0,0.43943652510643005,0.0018769644666463137,0.0
9715116042,0,0.39781033992767334,0.002717740833759308,0.0
9740116043,0,0.4446817934513092,0.0010616675717756152,0.0
9765116043,0,0.41831642389297485,0.0017864644760265946,0.0
9790116043,0,0.46728402376174927,0.0011835095938295126,0.0
9815116044,0,0.4537529945373535,0.0012391613563522696,0.0
9840116044,0,0.4956188499927521,0.0010681662242859602,0.0
9865116044,0,0.5050382018089294,0.0005626709898933768,0.0
9890116045,0,0.5002657771110535,1.8891163563239388e-05,0.0
9915116045,0,0.5238281488418579,0.0003499547019600868,0.0
9940116045,0,0.5631695985794067,-0.0005310856504365802,0.0
9965116046,0,0.54048752784729,0.0017533295322209597,0.0
9990116046,0,0.5456038117408752,0.0004557002685032785,0.0
10015116047,0,0.5271480083465576,-8.278760105895344e-06,0.0
10040116047,0,0.529655933380127,-0.000735702458769083,0.0
10065116047,0,0.5080400705337524,-0.0004111161979380995,0.0
10090116048,0,0.5230072140693665,-0.00022297436953522265,0.0
10115116048,0,0.4977036714553833,-0.0007284596213139594,0.0
10140116048,0,0.48094606399536133,-0.00125706079415977,0.0
10165116049,0,0.5030794739723206,-0.0010026319650933146,0.0
10190116049,0,0.5622848868370056,-0.0007634173380210996,0.0
10215116050,0,0.5619282126426697,-0.00033268998959101737,0.0
10240116050,0,0.5331985950469971,0.00010347594070481136,0.0
10265116050,0,0.5412358045578003,-7.278277917066589e-05,0.0
10290116051,0,0.5343181490898132,0.0005145281320437789,0.0
10315116051,0,0.5159306526184082,0.000690298737026751,0.0
10340116051,0,0.5003381371498108,0.0019105917308479548,0.0
10365116052,0,0.4712142050266266,0.002910761861130595,0.0
10390116052,0,0.45316964387893677,0.002115289680659771,0.0
10415116053,0,0.4314900040626526,0.0019290759228169918,0.0
10440116053,0,0.32410237193107605,0.0008898242376744747,0.0
10465116053,0,0.3659980595111847,0.0008763445657677948,0.0
10490116054,0,0.4052741527557373,0.002302098087966442,0.0
10515116054,0,0.4290727972984314,0.002877928549423814,0.0
10540116054,0,0.4564657211303711,0.0025960097555071115,0.0
10565116055,0,0.47939929366111755,0.0023461002856492996,0.0
10590116055,0,0.490632563829422,0.0018184895161539316,0.0
10615116056,0,0.5090674161911011,0.0022828897926956415,0.0
10640116056,0,0.4951290488243103,0.0018221393693238497,0.0
10665116056,0,0.5015543699264526,0.00032328139059245586,0.0
10690116057,0,0.49375277757644653,0.0013867788948118687,0.0
10715116057,0,0.47423893213272095,0.0017836199840530753,0.0
10740116057,0,0.4606352150440216,0.0011008898727595806,0.0
10765116058,0,0.46501219272613525,0.0014456138014793396,0.0
10790116058,0,0.4486912786960602,0.002368241548538208,0.0
10815116059,0,0.4432083070278168,0.0021350218448787928,0.0
10840116059,0,0.43998581171035767,0.0017199597787111998,0.0
10865116059,0,0.4519236385822296,0.001086444011889398,0.0
10890116060,0,0.43482446670532227,0.000501222035381943,0.0
10915116060,0,0.4380386173725128,-7.931130676297471e-05,0.0
10940116060,0,0.45598524808883667,-2.0156174286967143e-05,0.0
10965116061,0,0.4524722397327423,0.00020839190983679146,0.0
10990116061,0,0.46095147728919983,0.0008252077968791127,0.0
11015116062,0,0.44625309109687805,0.0011715481523424387,0.0
11040116062,0,0.4100802540779114,0.000920797698199749,0.0
11065116062,0,0.40618306398391724,0.00046041878522373736,0.0
11090116063,0,0.40374335646629333,0.0006823259172961116,0.0
11115116063,0,0.3966655135154724,0.0005887366714887321,0.0
11140116063,0,0.39110761880874634,0.0007939952774904668,0.0
11165116064,0,0.382090300321579,0.0007146669086068869,0.0
11190116064,0,0.36855748295783997,0.0009931863751262426,0.0
11215116064,0,0.3504958152770996,0.0012323454720899463,0.0
11240116065,0,0.33748316764831543,0.0014564297161996365,0.0
11265116065,0,0.31939896941185,0.0019718813709914684,0.0
11290116066,0,0.3093046247959137,0.0023856512270867825,0.0
11315116066,0,0.3362088203430176,0.0027960902079939842,0.0
11340116066,0,0.3717179298400879,0.0024883062578737736,0.0
11365116067,0,0.3910090923309326,0.0008173559326678514,0.0
11390116067,0,0.31539949774742126,0.002409343607723713,0.0
11415116067,0,0.3205387592315674,0.0028235972858965397,0.0
11440116068,0,0.3429608941078186,0.001672185375355184,0.0
11465116068,0,0.4015878438949585,0.00038011709693819284,0.0
11490116069,0,0.40860483050346375,-0.0010708527406677604,0.0
11515116069,0,0.429391473531723,-0.0012181244092062116,0.0
11540116069,0,0.44683408737182617,-0.00029936007922515273,0.0
11565116070,0,0.4260091185569763,-2.825137198669836e-05,0.0
11590116070,0,0.43874016404151917,-0.0006608080002479255,0.0
11615116070,0,0.4144892394542694,-0.0006981463520787656,0.0
11640116071,0,0.4160222113132477,-0.0012196811148896813,0.0
11665116071,0,0.4299405813217163,-0.0012882334413006902,0.0
11690116072,0,0.4390982687473297,-0.0015692374436184764,0.0
11715116072,0,0.4471674859523773,-0.0012725084088742733,0.0
11740116072,0,0.45571112632751465,-0.0012368106981739402,0.0
11765116073,0,0.4673314690589905,-0.0008981698774732649,0.0
11790116073,0,0.44913211464881897,-0.0010929056443274021,0.0
11815116073,0,0.4320521056652069,-0.001012827386148274,0.0
11840116074,0,0.4351944625377655,-0.0006379695259965956,0.0
11865116074,0,0.43936508893966675,0.00036502949660643935,0.0
11890116075,0,0.4509958326816559,0.0007787611102685332,0.0
11915116075,0,0.45704764127731323,0.0027136767748743296,0.0
11940116075,0,0.44902098178863525,0.0016458408208563924,0.0
11965116076,0,0.4470656216144562,0.0015931102680042386,0.0
11990116076,0,0.4410698115825653,0.0018682103836908937,0.0
12015116076,0,0.44101062417030334,0.002596312901005149,0.0
12040116077,0,0.43637943267822266,0.001312884734943509,0.0
12065116077,0,0.44159644842147827,0.0010269773192703724,0.0
12090116078,0,0.45286235213279724,0.0004652397474274039,0.0
12115116078,0,0.4566197395324707,0.0013282070867717266,0.0
12140116078,0,0.4734019935131073,0.0014499765820801258,0.0
12165116079,0,0.48133397102355957,0.0009330124012194574,0.0
12190116079,0,0.4624508321285248,0.0012292746687307954,0.0
12215116079,0,0.46430638432502747,0.0010617130901664495,0.0
12240116080,0,0.4513910114765167,0.0014177622506394982,0.0
12265116080,0,0.4446207880973816,0.001938877278007567,0.0
12290116081,0,0.4562423527240753,0.001470457180403173,0.0
12315116081,0,0.4550071656703949,0.0020387673284858465,0.0
12340116081,0,0.4727425277233124,0.0032492319587618113,0.0
12365116082,0,0.4750764071941376,0.0025738615076988935,0.0
12390116082,0,0.476454496383667,0.0022557424381375313,0.0
12415116082,0,0.4496883153915405,0.001702668028883636,0.0
12440116083,0,0.4443276822566986,0.001114930142648518,0.0
12465116083,0,0.4416772425174713,-0.0009059705189429224,0.0
12490116083,0,0.44776245951652527,-0.0004061500949319452,0.0
12515116084,0,0.4354005455970764,-0.00011075863585574552,0.0
12540116084,0,0.4358925521373749,-0.00010956761980196461,0.0
12565116085,0,0.4213326871395111,0.0008253486594185233,0.0
12590116085,0,0.4169127345085144,-0.00024308927822858095,0.0
12615116085,0,0.4385090470314026,-0.0007977219647727907,0.0
12640116086,0,0.44529247283935547,-2.4107723220367916e-05,0.0
12665116086,0,0.44304174184799194,-0.00032147992169484496,0.0
12690116086,0,0.43777361512184143,-0.000454344175523147,0.0
12715116087,0,0.42964720726013184,-0.0007813081610947847,0.0
12740116087,0,0.4285888969898224,-0.0014527598395943642,0.0
12765116088,0,0.4317967891693115,-0.0031631828751415014,0.0
12790116088,0,0.4384237229824066,-0.002574113430455327,0.0
12815116088,0,0.4450888931751251,-0.0025119855999946594,0.0
12840116089,0,0.4438849687576294,-0.0004958404460921884,0.0
12865116089,0,0.4464659094810486,-0.0007097960915416479,0.0
12890116089,0,0.45327165722846985,-0.0006476342678070068,0.0
12915116090,0,0.4420459568500519,-0.0012954050907865167,0.0
12940116090,0,0.44246330857276917,-0.001230340451002121,0.0
12965116091,0,0.4440139830112457,-0.0007744751637801528,0.0
12990116091,0,0.4435649514198303,6.704399856971577e-05,0.0
13015116091,0,0.44153597950935364,0.0011370941065251827,0.0
13040116092,0,0.4600846767425537,0.0015409532934427261,0.0
13065116092,0,0.4658041298389435,4.511766746873036e-05,0.0
13090116092,0,0.4516397714614868,-0.0002460689574945718,0.0
13115116093,0,0.42633703351020813,-0.0005955299129709601,0.0
13140116093,0,0.3845778703689575,0.0009902195306494832,0.0
13165116094,0,0.3746556043624878,5.864713239134289e-05,0.0
13190116094,0,0.37116116285324097,0.0007167230360209942,0.0
13215116094,0,0.36744675040245056,0.0017315696459263563,0.0
13240116095,0,0.36580923199653625,0.001081674243323505,0.0
13265116095,0,0.3718522787094116,0.0015857508406043053,0.0
13290116095,0,0.39391079545021057,0.0009766046423465014,0.0
13315116096,0,0.3976532816886902,0.00031335485982708633,0.0
13340116096,0,0.3974704146385193,0.0004691158828791231,0.0
13365116097,0,0.38265085220336914,9.725477866595611e-05,0.0
13390116097,0,0.37650755047798157,0.0007753047393634915,0.0
13415116097,0,0.3711419701576233,0.001909046433866024,0.0
13440116098,0,0.3745855391025543,8.740080374991521e-05,0.0
13465116098,0,0.389862060546875,-0.00037117383908480406,0.0
13490116098,0,0.40460333228111267,7.714983075857162e-05,0.0
13515116099,0,0.42777445912361145,-0.00020867081184405833,0.0
13540116099,0,0.42871418595314026,-0.0027088786009699106,0.0
13565116100,0,0.40971237421035767,-0.0014327161479741335,0.0
13590116100,0,0.42694923281669617,-0.003636616049334407,0.0
13615116100,0,0.4392666220664978,-0.0032191863283514977,0.0
13640116101,0,0.46885010600090027,-0.0011033929185941815,0.0
13665116101,0,0.45360639691352844,-0.001558946561999619,0.0
13690116101,0,0.4615096151828766,-0.0024815755896270275,0.0
13715116102,0,0.48526838421821594,-0.0030752941966056824,0.0
13740116102,0,0.4619769752025604,-0.0016519153723493218,0.0
13765116102,0,0.4471062421798706,7.71128325141035e-05,0.0
13790116103,0,0.43125104904174805,0.00014057382941246033,0.0
13815116103,0,0.4178987443447113,0.00032652716618031263,0.0
13840116104,0,0.41176870465278625,0.0007086264085955918,0.0
13865116104,0,0.39539071917533875,0.0015375822549685836,0.0
13890116104,0,0.40562599897384644,0.003163171699270606,0.0
13915116105,0,0.392551988363266,0.0030277788173407316,0.0
13940116105,0,0.39382514357566833,0.003584060585126281,0.0
13965116105,0,0.42334118485450745,0.0034923283383250237,0.0
13990116106,0,0.4489325284957886,0.0013397245202213526,0.0
14015116106,0,0.43875694274902344,0.0010469811968505383,0.0
14040116107,0,0.4279649555683136,0.001632492057979107,0.0
14065116107,0,0.39268723130226135,0.0012964296620339155,0.0
14090116107,0,0.36156967282295227,0.0014670961536467075,0.0
14115116108,0,0.378445565700531,0.0013046016683802009,0.0
14140116108,0,0.34535565972328186,0.0006251102895475924,0.0
14165116108,0,0.331130713224411,5.86087116971612e-05,0.0
14190116109,0,0.333777517080307,0.0006426951731555164,0.0
14215116109,0,0.30778002738952637,0.0003046150377485901,0.0
14240116110,0,0.33034488558769226,0.0003330201143398881,0.0
14265116110,0,0.3110349476337433,0.0003775970544666052,0.0
14290116110,0,0.3308950960636139,-0.0019030158873647451,0.0
14315116111,0,0.3479170501232147,-0.006545142736285925,0.0
14340116111,0,0.23478971421718597,-0.0060622296296060085,0.0
14365116111,0,0.27454984188079834,-0.006119593512266874,0.0
14390116112,0,0.40200871229171753,-0.009802105836570263,0.0
14415116112,0,0.4084782898426056,-0.004754625726491213,0.0
14440116113,0,0.41644948720932007,-0.006046985741704702,0.0
14465116113,0,0.41684916615486145,-0.0063994815573096275,0.0
14490116113,0,0.4211181700229645,-0.006418586242944002,0.0
14515116114,0,0.4191683828830719,-0.005771522875875235,0.0
14540116114,0,0.4255271852016449,-0.005135506857186556,0.0
14565116114,0,0.43861648440361023,-0.003667774610221386,0.0
14590116115,0,0.4726237654685974,-0.004464484751224518,0.0
14615116115,0,0.4658453166484833,-0.004044674336910248,0.0
14640116116,0,0.4634057581424713,-0.0038929858710616827,0.0
14665116116,0,0.45412304997444153,-0.00018235751485917717,0.0
14690116116,0,0.4371943175792694,0.002240085741505027,0.0
14715116117,0,0.4328574538230896,0.0031455212738364935,0.0
14740116117,0,0.43635785579681396,0.002326368121430278,0.0
14765116117,0,0.4612060785293579,0.0026607101317495108,0.0
14790116118,0,0.45949608087539673,0.002515060594305396,0.0
14815116118,0,0.4417550265789032,0.0014240090968087316,0.0
14840116119,0,0.4569588899612427,0.0015937890857458115,0.0
14865116119,0,0.4413486421108246,0.0012305069249123335,0.0
14890116119,0,0.43071597814559937,0.0010478392941877246,0.0
14915116120,0,0.4487866461277008,0.0009950092062354088,0.0
14940116120,0,0.4297577142715454,0.0015783257549628615,0.0
14965116120,0,0.4292335510253906,0.0021332844626158476,0.0
14990116121,0,0.44605180621147156,0.002457353984937072,0.0
15015116121,0,0.42533227801322937,0.0005935406079515815,0.0
15040116121,0,0.42615869641304016,-0.0010987981222569942,0.0
15065116122,0,0.43355539441108704,-0.0014687225921079516,0.0
15090116122,0,0.45821332931518555,-0.0018549470696598291,0.0
15115116123,0,0.4487186670303345,-0.0016739512793719769,0.0
15140116123,0,0.4529382586479187,-0.0027141522150486708,0.0
15165116123,0,0.45508742332458496,-0.002225632779300213,0.0
15190116124,0,0.4530281126499176,-0.0032087089493870735,0.0
15215116124,0,0.42551591992378235,-0.003039701608940959,0.0
15240116124,0,0.4413004517555237,-0.0021130512468516827,0.0
15265116125,0,0.4356342852115631,-0.0030381649266928434,0.0
15290116125,0,0.443716436624527,-0.002836958970874548,0.0
15315116126,0,0.4330694377422333,-0.0025913368444889784,0.0
15340116126,0,0.4360366463661194,-0.0019322363659739494,0.0
15365116126,0,0.45197197794914246,-0.0011230780510231853,0.0
15390116127,0,0.45443758368492126,-5.715161023545079e-05,0.0
15415116127,0,0.449770450592041,-0.0003970687685068697,0.0
15440116127,0,0.4642447531223297,0.0006757931550964713,0.0
15465116128,0,0.4830702245235443,0.0010901038767769933,0.0
15490116128,0,0.4779776632785797,0.0022785367909818888,0.0
15515116129,0,0.46183353662490845,0.003082327777519822,0.0
15540116129,0,0.4411872625350952,0.0033570080995559692,0.0
15565116129,0,0.4464467167854309,0.0032257873099297285,0.0
15590116130,0,0.4493633210659027,0.003331951331347227,0.0
15615116130,0,0.455011785030365,0.0032671084627509117,0.0
15640116130,0,0.44593918323516846,0.003947248682379723,0.0
15665116131,0,0.45210835337638855,0.0038500837981700897,0.0
15690116131,0,0.4529116749763489,0.0034275283105671406,0.0
15715116132,0,0.4482853412628174,0.0034542586654424667,0.0
15740116132,0,0.46522265672683716,0.004019257612526417,0.0
15765116132,0,0.4734035134315491,0.0053371526300907135,0.0
15790116133,0,0.46898573637008667,0.007619172800332308,0.0
15815116133,0,0.43645069003105164,0.0036901021376252174,0.0
15840116133,0,0.43549486994743347,0.004077749792486429,0.0
15865116134,0,0.46156442165374756,0.004359724000096321,0.0
15890116134,0,0.47278547286987305,0.004540398251265287,0.0
15915116135,0,0.46498411893844604,0.0060895089991390705,0.0
15940116135,0,0.47367146611213684,0.006464495323598385,0.0
15965116135,0,0.478920578956604,0.0067204562947154045,0.0
15990116136,0,0.4867592751979828,0.00624821987003088,0.0
16015116136,0,0.482456237077713,0.006991835776716471,0.0
16040116136,0,0.49440497159957886,0.008501325733959675,0.0
16065116137,0,0.48306804895401,0.009467716328799725,0.0
16090116137,0,0.46540769934654236,0.009862169623374939,0.0
16115116138,0,0.4557003378868103,0.011875852011144161,0.0
16140116138,0,0.43817225098609924,0.012971916235983372,0.0
16165116138,0,0.42667731642723083,0.013341501355171204,0.0
16190116139,0,0.4235459268093109,0.012656942009925842,0.0
16215116139,0,0.4293228089809418,0.014058208093047142,0.0
16240116139,0,0.3951728343963623,0.013597260229289532,0.0
16265116140,0,0.35961681604385376,0.012314865365624428,0.0
16290116140,0,0.32752493023872375,0.010966436006128788,0.0
16315116140,0,0.3402402400970459,0.008284381590783596,0.0
16340116141,0,0.3450998067855835,0.008193816058337688,0.0
16365116141,0,0.3829282224178314,0.00704953633248806,0.0
16390116142,0,0.38172775506973267,0.008003957569599152,0.0
16415116142,0,0.4010910987854004,0.007915263064205647,0.0
16440116142,0,0.3880571126937866,0.008686020970344543,0.0
16465116143,0,0.43664947152137756,0.006028999574482441,0.0
16490116143,0,0.4513048231601715,0.006166462786495686,0.0
16515116143,0,0.47655272483825684,0.0041556889191269875,0.0
16540116144,0,0.4825657606124878,0.003434552112594247,0.0
16565116144,0,0.4692334532737732,0.0028322460129857063,0.0
16590116145,0,0.45779114961624146,0.003135662991553545,0.0
16615116145,0,0.4607918858528137,0.003150771837681532,0.0
16640116145,0,0.4652944505214691,0.0028793972451239824,0.0
16665116146,0,0.4649231433868408,0.0030943802557885647,0.0
16690116146,0,0.46103355288505554,0.0023805685341358185,0.0
16715116146,0,0.48046165704727173,0.002850292017683387,0.0
16740116147,0,0.49208950996398926,0.0030744445975869894,0.0
16765116147,0,0.4698883295059204,0.0038840994238853455,0.0
16790116148,0,0.45205679535865784,0.003473373129963875,0.0
16815116148,0,0.43370112776756287,0.004288399592041969,0.0
16840116148,0,0.42043375968933105,0.004360563587397337,0.0
16865116149,0,0.4272770583629608,0.004357981029897928,0.0
16890116149,0,0.41810867190361023,0.005441586021333933,0.0
16915116149,0,0.4076952040195465,0.005990185309201479,0.0
16940116150,0,0.407345712184906,0.00469130277633667,0.0
16965116150,0,0.41964027285575867,0.005898851435631514,0.0
16990116151,0,0.40206652879714966,0.0026923452969640493,0.0
17015116151,0,0.39215126633644104,0.00309086125344038,0.0
17040116151,0,0.393301784992218,0.003275401657447219,0.0
17065116152,0,0.38775625824928284,0.0028411054518073797,0.0
17090116152,0,0.38859453797340393,0.0021662756334990263,0.0
17115116152,0,0.3856053948402405,0.0015229001874104142,0.0
17140116153,0,0.4037373661994934,0.0011607195483520627,0.0
17165116153,0,0.43001440167427063,0.0016351942904293537,0.0
17190116154,0,0.42615801095962524,0.0011032377369701862,0.0
17215116154,0,0.40795525908470154,0.0005115626845508814,0.0
17240116154,0,0.4179967939853668,-0.0009244362008757889,0.0
17265116155,0,0.41318008303642273,-0.0009916438721120358,0.0
17290116155,0,0.42929258942604065,-0.0011257759761065245,0.0
17315116155,0,0.43220841884613037,-0.0011171969817951322,0.0
17340116156,0,0.4550324082374573,-0.0013962386874482036,0.0
17365116156,0,0.44663092494010925,-0.000827473122626543,0.0
17390116157,0,0.4308835566043854,-0.000835512881167233,0.0
17415116157,0,0.4331863224506378,-0.0010893852449953556,0.0
17440116157,0,0.4347616732120514,-0.001452661701478064,0.0
17465116158,0,0.43989962339401245,-0.002220343565568328,0.0
17490116158,0,0.4326011538505554,-0.0022829025983810425,0.0
17515116158,0,0.4372981786727905,-0.0006618481711484492,0.0
17540116159,0,0.4256836771965027,-0.0006184522644616663,0.0
17565116159,0,0.4027564525604248,-2.8331073735898826e-06,0.0
17590116159,0,0.4082050323486328,-0.0008444917039014399,0.0
17615116160,0,0.39668577909469604,-0.00017200408910866827,0.0
17640116160,0,0.390953004360199,-0.0004285417089704424,0.0
17665116161,0,0.3769792914390564,0.0002612789103295654,0.0
17690116161,0,0.3884384334087372,0.0015133607666939497,0.0
17715116161,0,0.3988884389400482,0.0016849578823894262,0.0
17740116162,0,0.3814562261104584,0.0022299927659332752,0.0
17765116162,0,0.39052391052246094,0.0024176507722586393,0.0
17790116162,0,0.34435707330703735,0.0034065681975334883,0.0
17815116163,0,0.3644503653049469,0.00269721751101315,0.0
17840116163,0,0.2513974905014038,0.004798559471964836,0.0
17865116164,0,0.3017757833003998,0.0033193922135978937,0.0
17890116164,0,0.35048043727874756,0.0015068735228851438,0.0
17915116164,0,0.38862746953964233,0.0013374733971431851,0.0
17940116165,0,0.405720055103302,0.0012612997088581324,0.0
17965116165,0,0.39759501814842224,0.0007166276918724179,0.0
17990116165,0,0.43386170268058777,-5.4916145018069074e-05,0.0
18015116166,0,0.4339253008365631,-0.00019915978191420436,0.0
18040116166,0,0.3946126103401184,-0.0008130998467095196,0.0
18065116167,0,0.4266892671585083,-0.001889379695057869,0.0
18090116167,0,0.47059717774391174,-0.0023638673592358828,0.0
18115116167,0,0.47840169072151184,-0.003266461193561554,0.0
18140116168,0,0.45292821526527405,-0.0017781216884031892,0.0
18165116168,0,0.4511772096157074,0.0001433115976396948,0.0
18190116168,0,0.4275467097759247,-0.001207156223244965,0.0
18215116169,0,0.4014289379119873,-0.0015572020784020424,0.0
18240116169,0,0.34246644377708435,-0.0039992136880755424,0.0
18265116170,0,0.3644908666610718,-0.002257800195366144,0.0
18290116170,0,0.38917648792266846,-0.0017763258656486869,0.0
18315116170,0,0.4305295944213867,2.4104874682961963e-05,0.0
18340116171,0,0.36520329117774963,-2.7488667910802178e-05,0.0
18365116171,0,0.39880090951919556,-0.00029323139460757375,0.0
18390116171,0,0.4233703017234802,-0.00029866708791814744,0.0
18415116172,0,0.4104844331741333,-0.0009276990895159543,0.0
18440116172,0,0.4080484211444855,0.0001797108125174418,0.0
18465116173,0,0.4274598956108093,0.0006786518497392535,0.0
18490116173,0,0.42303943634033203,0.0008537793182767928,0.0
18515116173,0,0.4281401038169861,0.00042326824041083455,0.0
18540116174,0,0.4309747815132141,0.001172935590147972,0.0
18565116174,0,0.42541760206222534,0.0007500045467168093,0.0
18590116174,0,0.44033846259117126,0.0011371425352990627,0.0
18615116175,0,0.4594528079032898,0.0025738372933119535,0.0
18640116175,0,0.4433598220348358,0.003429557429626584,0.0
18665116176,0,0.46703946590423584,0.0028992744628340006,0.0
18690116176,0,0.47042831778526306,0.0026195994578301907,0.0
18715116176,0,0.47942209243774414,0.002415090799331665,0.0
18740116177,0,0.46671491861343384,0.002792024752125144,0.0
18765116177,0,0.4673047959804535,0.002777558984234929,0.0
18790116177,0,0.4521208107471466,0.002186270896345377,0.0
18815116178,0,0.450191468000412,0.0015904963947832584,0.0
18840116178,0,0.46126797795295715,0.0011422722600400448,0.0
18865116178,0,0.4736953377723694,0.0007279060664586723,0.0
18890116179,0,0.5050399899482727,-2.2060090486775152e-05,0.0
18915116179,0,0.5121447443962097,-0.00017430500884074718,0.0
18940116180,0,0.5010355710983276,-0.0024015954695641994,0.0
18965116180,0,0.4931621253490448,-0.00268136290833354,0.0
18990116180,0,0.5121679306030273,-0.0028974146116524935,0.0
19015116181,0,0.48308780789375305,-0.0059262849390506744,0.0
19040116181,0,0.520767867565155,-0.00601149583235383,0.0
19065116181,0,0.5056507587432861,-0.006642525549978018,0.0
19090116182,0,0.4960715174674988,-0.0058066570200026035,0.0
19115116182,0,0.4855183959007263,-0.004310708958655596,0.0
19140116183,0,0.44771724939346313,-0.004656943958252668,0.0
19165116183,0,0.46135959029197693,-0.004730657208710909,0.0
