ts,agent_id,throttle,steer,brake
2039277013,0,0.8999999761581421,0.003429223783314228,0.0
2064277013,0,0.8999999761581421,0.002632677787914872,0.0
2089277014,0,0.8999999761581421,0.0037394354585558176,0.0
2114277014,0,0.8999999761581421,0.0023582042194902897,0.0
2139277014,0,0.8999999761581421,0.003562309080734849,0.0
2164277015,0,0.8999999761581421,0.003947713412344456,0.0
2189277015,0,0.8999999761581421,0.0028613528702408075,0.0
2214277015,0,0.8999999761581421,0.0039131431840360165,0.0
2239277016,0,0.8999999761581421,0.0033682556822896004,0.0
2264277016,0,0.8999999761581421,0.003131839446723461,0.0
2289277017,0,0.8999999761581421,0.0026458241045475006,0.0
2314277017,0,0.8999999761581421,0.0029301473405212164,0.0
2339277017,0,0.8999999761581421,0.002611632226034999,0.0
2364277018,0,0.8999999761581421,0.0025612618774175644,0.0
2389277018,0,0.8999999761581421,0.0024874170776456594,0.0
2414277018,0,0.8999999761581421,0.002466372447088361,0.0
2439277019,0,0.8999999761581421,0.002404968487098813,0.0
2464277019,0,0.8999999761581421,0.002401845995336771,0.0
2489277020,0,0.8999999761581421,0.002526539145037532,0.0
2514277020,0,0.8999999761581421,0.002314189448952675,0.0
2539277020,0,0.8999999761581421,0.0022190858144313097,0.0
2564277021,0,0.8999999761581421,0.0023507485166192055,0.0
2589277021,0,0.8999999761581421,0.002329515991732478,0.0
2614277021,0,0.8999999761581421,0.0024173944257199764,0.0
2639277022,0,0.8999999761581421,0.0024673824664205313,0.0
2664277022,0,0.8999999761581421,0.002422426361590624,0.0
2689277023,0,0.8999999761581421,0.0024500880390405655,0.0
2714277023,0,0.8999999761581421,0.0022822769824415445,0.0
2739277023,0,0.8999999761581421,0.0025919300969690084,0.0
2764277024,0,0.8999999761581421,0.0024815865326672792,0.0
2789277024,0,0.8999999761581421,0.0026202432345598936,0.0
2814277024,0,0.8999999761581421,0.002639475278556347,0.0
2839277025,0,0.8999999761581421,0.0027346420101821423,0.0
2864277025,0,0.8999999761581421,0.002647003158926964,0.0
2889277026,0,0.8999999761581421,0.0026612321380525827,0.0
2914277026,0,0.8999999761581421,0.0028839497826993465,0.0
2939277026,0,0.8999999761581421,0.0027505115140229464,0.0
2964277027,0,0.8999999761581421,0.002789773279801011,0.0
2989277027,0,0.8999999761581421,0.0028744798619300127,0.0
3014277027,0,0.8999999761581421,0.002803553594276309,0.0
3039277028,0,0.8999999761581421,0.0028160628862679005,0.0
3064277028,0,0.8999999761581421,0.0026293282862752676,0.0
3089277029,0,0.8999999761581421,0.002776856068521738,0.0
3114277029,0,0.8999999761581421,0.0026792099233716726,0.0
3139277029,0,0.8999999761581421,0.0026551038026809692,0.0
3164277030,0,0.8999999761581421,0.00265783304348588,0.0
3189277030,0,0.8999999761581421,0.0026632999069988728,0.0
3214277030,0,0.8999999761581421,0.0026137838140130043,0.0
3239277031,0,0.8999999761581421,0.0025548378471285105,0.0
3264277031,0,0.8999999761581421,0.00257062423042953,0.0
3289277032,0,0.8999999761581421,0.002450676169246435,0.0
3314277032,0,0.8999999761581421,0.0025264797732234,0.0
3339277032,0,0.8999999761581421,0.002483417047187686,0.0
3364277033,0,0.8999999761581421,0.0025270276237279177,0.0
3389277033,0,0.8999999761581421,0.002612416399642825,0.0
3414277033,0,0.8999999761581421,0.002448595827445388,0.0
3439277034,0,0.8999999761581421,0.002581256441771984,0.0
3464277034,0,0.8999999761581421,0.002438189694657922,0.0
3489277034,0,0.8999999761581421,0.002517959102988243,0.0
3514277035,0,0.8999999761581421,0.0024197425227612257,0.0
3539277035,0,0.8999999761581421,0.0024394532665610313,0.0
3564277036,0,0.8999999761581421,0.0024745434056967497,0.0
3589277036,0,0.8999999761581421,0.0025599051732569933,0.0
3614277036,0,0.8999999761581421,0.0025762079749256372,0.0
3639277037,0,0.8999999761581421,0.002507968572899699,0.0
3664277037,0,0.8999999761581421,0.0024653468281030655,0.0
3689277037,0,0.8999999761581421,0.0024368364829570055,0.0
3714277038,0,0.8999999761581421,0.0024069359060376883,0.0
3739277038,0,0.8999999761581421,0.002404114231467247,0.0
3764277039,0,0.8999999761581421,0.0024258869234472513,0.0
3789277039,0,0.8999999761581421,0.002582871587947011,0.0
3814277039,0,0.8999999761581421,0.0024712306912988424,0.0
3839277040,0,0.8999999761581421,0.002498878864571452,0.0
3864277040,0,0.8999999761581421,0.002414137590676546,0.0
3889277040,0,0.8999999761581421,0.0024319030344486237,0.0
3914277041,0,0.8999999761581421,0.0023908165749162436,0.0
3939277041,0,0.8999999761581421,0.0023452250752598047,0.0
3964277042,0,0.8999999761581421,0.0024756789207458496,0.0
3989277042,0,0.8999999761581421,0.00253094220533967,0.0
4014277042,0,0.8999999761581421,0.0025531260762363672,0.0
4039277043,0,0.8999999761581421,0.0025127255357801914,0.0
4064277043,0,0.8999999761581421,0.0024104805197566748,0.0
4089277043,0,0.8999999761581421,0.002401774749159813,0.0
4114277044,0,0.8999999761581421,0.0023860184010118246,0.0
4139277044,0,0.8999999761581421,0.002376086311414838,0.0
4164277045,0,0.8999999761581421,0.002400527009740472,0.0
4189277045,0,0.8999999761581421,0.0025486666709184647,0.0
4214277045,0,0.8999999761581421,0.0024786372669041157,0.0
4239277046,0,0.8999999761581421,0.002506108721718192,0.0
4264277046,0,0.8999999761581421,0.002427496248856187,0.0
4289277046,0,0.8999999761581421,0.002374888164922595,0.0
4314277047,0,0.8999999761581421,0.002408556640148163,0.0
4339277047,0,0.8999999761581421,0.0023631216026842594,0.0
4364277048,0,0.8999999761581421,0.00246773031540215,0.0
4389277048,0,0.8999999761581421,0.0025874620769172907,0.0
4414277048,0,0.8999999761581421,0.002465153345838189,0.0
4439277049,0,0.8999999761581421,0.002518178429454565,0.0
4464277049,0,0.8999999761581421,0.0025198361836373806,0.0
4489277049,0,0.8999999761581421,0.002594635123386979,0.0
4514277050,0,0.8999999761581421,0.0026455542538315058,0.0
4539277050,0,0.8999999761581421,0.0023801373317837715,0.0
4564277051,0,0.8999999761581421,0.0019345259061083198,0.0
4589277051,0,0.8999999761581421,0.0016946225659921765,0.0
4614277051,0,0.8999999761581421,0.0020527236629277468,0.0
4639277052,0,0.8999999761581421,0.0020982171408832073,0.0
4664277052,0,0.8999999761581421,0.0022336640395224094,0.0
4689277052,0,0.8999999761581421,0.002301447791978717,0.0
4714277053,0,0.8999999761581421,0.0024479995481669903,0.0
4739277053,0,0.8999999761581421,0.0022932686842978,0.0
4764277053,0,0.8999999761581421,0.0024941815063357353,0.0
4789277054,0,0.8999999761581421,0.002715938026085496,0.0
4814277054,0,0.8999999761581421,0.0028261018451303244,0.0
4839277055,0,0.8999999761581421,0.002873782068490982,0.0
4864277055,0,0.8999999761581421,0.0032284054905176163,0.0
4889277055,0,0.8999999761581421,0.0033440236002206802,0.0
4914277056,0,0.8999999761581421,0.003261229023337364,0.0
4939277056,0,0.8999999761581421,0.0029271687380969524,0.0
4964277056,0,0.8999999761581421,0.002447752049192786,0.0
4989277057,0,0.8999999761581421,0.0026908069849014282,0.0
5014277057,0,0.8999999761581421,0.002415817929431796,0.0
5039277058,0,0.8999999761581421,0.001330027123913169,0.0
5064277058,0,0.8999999761581421,0.0005157276755198836,0.0
5089277058,0,0.8999999761581421,0.0007052383734844625,0.0
5114277059,0,0.8999999761581421,0.000765607284847647,0.0
5139277059,0,0.8999999761581421,0.0011000104714185,0.0
5164277059,0,0.8999999761581421,0.000754410051740706,0.0
5189277060,0,0.8999999761581421,3.0641935154562816e-05,0.0
5214277060,0,0.8999999761581421,-0.00013013076386414468,0.0
5239277061,0,0.8999999761581421,-0.00030742253875359893,0.0
5264277061,0,0.8999999761581421,-2.342470543226227e-05,0.0
5289277061,0,0.8999999761581421,-0.0007072404841892421,0.0
5314277062,0,0.8999999761581421,-0.0003279316006228328,0.0
5339277062,0,0.8999999761581421,0.0005116011016070843,0.0
5364277062,0,0.8999999761581421,0.0006387863541021943,0.0
5389277063,0,0.8999999761581421,0.0008602068410255015,0.0
5414277063,0,0.8999999761581421,0.0015245679533109069,0.0
5439277064,0,0.8999999761581421,0.0014379483181983232,0.0
5464277064,0,0.8999999761581421,0.001707787741906941,0.0
5489277064,0,0.8999999761581421,0.0012588450917974114,0.0
5514277065,0,0.8999999761581421,0.0010289025958627462,0.0
5539277065,0,0.8999999761581421,0.0017512078629806638,0.0
5564277065,0,0.8999999761581421,0.0014905636198818684,0.0
5589277066,0,0.8999999761581421,0.0015958609292283654,0.0
5614277066,0,0.8999999761581421,0.0022279550321400166,0.0
5639277067,0,0.8999999761581421,0.00206782971508801,0.0
5664277067,0,0.8999999761581421,0.002482951618731022,0.0
5689277067,0,0.8999999761581421,0.0019541997462511063,0.0
5714277068,0,0.8999999761581421,0.0018643257208168507,0.0
5739277068,0,0.8999999761581421,0.0015097990399226546,0.0
5764277068,0,0.8999999761581421,0.001969271572306752,0.0
5789277069,0,0.8999999761581421,0.0023953288327902555,0.0
5814277069,0,0.8999999761581421,0.002841434208676219,0.0
5839277070,0,0.8999999761581421,0.0028700411785393953,0.0
5864277070,0,0.8999999761581421,0.0024363768752664328,0.0
5889277070,0,0.8999999761581421,0.002160088624805212,0.0
5914277071,0,0.8999999761581421,0.0018974108388647437,0.0
5939277071,0,0.8999999761581421,0.0015917798737064004,0.0
5964277071,0,0.8999999761581421,0.0015327741857618093,0.0
5989277072,0,0.8999999761581421,0.0002075907977996394,0.0
6014277072,0,0.8999999761581421,-3.105174982920289e-05,0.0
6039277072,0,0.8999999761581421,-0.00010105407272931188,0.0
6064277073,0,0.8999999761581421,-0.0008569824276492,0.0
6089277073,0,0.8999999761581421,-0.0010358266299590468,0.0
6114277074,0,0.8999999761581421,-0.0024164000060409307,0.0
6139277074,0,0.8999999761581421,-0.001606237143278122,0.0
6164277074,0,0.8999999761581421,-0.00203275540843606,0.0
6189277075,0,0.8999999761581421,-0.0002642258768901229,0.0
6214277075,0,0.8999999761581421,-0.0004419900942593813,0.0
6239277075,0,0.8999999761581421,-0.001172184245660901,0.0
6264277076,0,0.8999999761581421,-0.0015376320807263255,0.0
6289277076,0,0.8999999761581421,-0.0010373449185863137,0.0
6314277077,0,0.8999999761581421,-0.0008998674456961453,0.0
6339277077,0,0.8999999761581421,-0.00041361775947734714,0.0
6364277077,0,0.8999999761581421,0.00014787502004764974,0.0
6389277078,0,0.8999999761581421,0.000657768570818007,0.0
6414277078,0,0.8999999761581421,0.0006872721132822335,0.0
6439277078,0,0.8999999761581421,0.00031951055279932916,0.0
6464277079,0,0.8999999761581421,0.00054510886548087,0.0
6489277079,0,0.8999999761581421,0.0014847991988062859,0.0
6514277080,0,0.8999999761581421,0.002488414291292429,0.0
6539277080,0,0.8999999761581421,0.0023734266869723797,0.0
6564277080,0,0.8999999761581421,0.002605240559205413,0.0
6589277081,0,0.8999999761581421,0.0019220621325075626,0.0
6614277081,0,0.8994652032852173,0.0022971860598772764,0.0
6639277081,0,0.8521957993507385,0.0020659116562455893,0.0
6664277082,0,0.8001721501350403,0.0015415864763781428,0.0
6689277082,0,0.753277063369751,0.0015468044439330697,0.0
6714277083,0,0.7002599835395813,0.0010143641848117113,0.0
6739277083,0,0.6577457785606384,0.0002400341909378767,0.0
6764277083,0,0.6183421611785889,-0.0006875823601149023,0.0
6789277084,0,0.5570535659790039,-0.0007670160266570747,0.0
6814277084,0,0.5120211839675903,-0.0013034420553594828,0.0
6839277084,0,0.4961911737918854,-0.00017036056669894606,0.0
6864277085,0,0.44568800926208496,-0.0008401887025684118,0.0
6889277085,0,0.42814335227012634,-0.00099711655639112,0.0
6914277086,0,0.3976621925830841,-0.002355507342144847,0.0
6939277086,0,0.40593457221984863,-0.0028755664825439453,0.0
6964277086,0,0.3898022472858429,-0.0042787035927176476,0.0
6989277087,0,0.3670649528503418,-0.004707615356892347,0.0
7014277087,0,0.334634393453598,-0.004021979868412018,0.0
7039277087,0,0.3188934326171875,-0.00419203843921423,0.0
7064277088,0,0.3111405670642853,-0.004675634671002626,0.0
7089277088,0,0.2989441156387329,-0.005317887291312218,0.0
7114277089,0,0.28028377890586853,-0.005643080919981003,0.0
7139277089,0,0.2681433856487274,-0.003987743519246578,0.0
7164277089,0,0.27325230836868286,-0.0033250912092626095,0.0
7189277090,0,0.2779325544834137,-0.0033193309791386127,0.0
7214277090,0,0.27691400051116943,-0.0032340988982468843,0.0
7239277090,0,0.28415197134017944,-0.004405728075653315,0.0
7264277091,0,0.27606335282325745,-0.0013179902452975512,0.0
7289277091,0,0.2852690517902374,-0.0005348222912289202,0.0
7314277091,0,0.27836868166923523,-0.0010996347991749644,0.0
7339277092,0,0.29199448227882385,-0.001017511822283268,0.0
7364277092,0,0.2815386950969696,-0.001596558140590787,0.0
7389277093,0,0.31339195370674133,-0.001452946336939931,0.0
7414277093,0,0.33474302291870117,-0.0015695688780397177,0.0
7439277093,0,0.3455371558666229,-0.002246012445539236,0.0
7464277094,0,0.36582887172698975,-0.0016772610833868384,0.0
7489277094,0,0.34704941511154175,-0.001660446054302156,0.0
7514277094,0,0.3226340711116791,-0.0019197911024093628,0.0
7539277095,0,0.30795392394065857,-0.0014358978951349854,0.0
7564277095,0,0.3545665144920349,-0.001413954421877861,0.0
7589277096,0,0.3488280177116394,-0.0017807227559387684,0.0
7614277096,0,0.3878561854362488,-0.002046119887381792,0.0
7639277096,0,0.39368873834609985,-0.0020703996997326612,0.0
7664277097,0,0.37072986364364624,-0.002229195786640048,0.0
7689277097,0,0.3815118074417114,-0.002797945635393262,0.0
7714277097,0,0.3850862979888916,-0.003628953592851758,0.0
7739277098,0,0.39167821407318115,-0.0025665005668997765,0.0
7764277098,0,0.4003707468509674,-0.0031933581922203302,0.0
7789277099,0,0.4115384817123413,-0.0013660520780831575,0.0
7814277099,0,0.41617318987846375,-0.0021090328227728605,0.0
7839277099,0,0.4372941553592682,-0.0034149466082453728,0.0
7864277100,0,0.4453757703304291,-0.004003637935966253,0.0
7889277100,0,0.4637494683265686,-0.003897890681400895,0.0
7914277100,0,0.47925612330436707,-0.0030073721427470446,0.0
7939277101,0,0.51250159740448,-0.0012239940697327256,0.0
7964277101,0,0.50813889503479,-0.0019088685512542725,0.0
7989277102,0,0.5227813124656677,-0.000897207937669009,0.0
8014277102,0,0.545383870601654,-0.0015842211432754993,0.0
8039277102,0,0.5735237002372742,-0.0007255966193042696,0.0
8064277103,0,0.5801025629043579,0.0007475712918676436,0.0
8089277103,0,0.5848672986030579,0.0012487848289310932,0.0
8114277103,0,0.5932161808013916,0.0018064228352159262,0.0
8139277104,0,0.631770133972168,0.0027519643772393465,0.0
8164277104,0,0.5891059041023254,0.002517738612368703,0.0
8189277105,0,0.5664182901382446,0.0013797138817608356,0.0
8214277105,0,0.5613021850585938,0.0012623826041817665,0.0
8239277105,0,0.541879415512085,0.0009059804724529386,0.0
8264277106,0,0.5589675307273865,0.0012364407302811742,0.0
8289277106,0,0.5649976134300232,0.0009676940971985459,0.0
8314277106,0,0.5232967734336853,0.0009735936764627695,0.0
8339277107,0,0.55002361536026,0.0013156567001715302,0.0
8364277107,0,0.5587674975395203,0.0002282720379298553,0.0
8389277108,0,0.5378950834274292,0.0010762655874714255,0.0
8414277108,0,0.5055679082870483,0.0010981876403093338,0.0
8439277108,0,0.5451318621635437,0.0009516531135886908,0.0
8464277109,0,0.5041481256484985,-0.0010901024797931314,0.0
8489277109,0,0.4245985746383667,-0.0006418997654691339,0.0
8514277109,0,0.4333078861236572,-0.000700373318977654,0.0
8539277110,0,0.38467568159103394,-0.00020604119345080107,0.0
8564277110,0,0.3308808207511902,-0.0008915232610888779,0.0
8589277110,0,0.2908051311969757,-0.0009738981607370079,0.0
8614277111,0,0.21806590259075165,-0.001325499266386032,0.0
8639277111,0,0.17950470745563507,-0.0019547275733202696,0.0
8664277112,0,0.16500888764858246,-0.0024921810254454613,0.0
8689277112,0,0.16289931535720825,-0.0032213134691119194,0.0
8714277112,0,0.15908664464950562,-0.0020350150298327208,0.0
8739277113,0,0.0,-0.001443648710846901,1.0
8764277113,0,0.0,0.0007776042330078781,1.0
8789277113,0,0.0,0.0009141525370068848,1.0
8814277114,0,0.0,0.001209462876431644,1.0
8839277114,0,0.0,0.0003060735762119293,1.0
8864277115,0,0.0,0.0017563817091286182,1.0
8889277115,0,0.0,0.0029832941945642233,1.0
8914277115,0,0.0,0.0043004537001252174,1.0
8939277116,0,0.0,0.0032329377718269825,1.0
8964277116,0,0.0,0.0024064022582024336,1.0
8989277116,0,0.0,-0.0022159183863550425,1.0
9014277117,0,0.0,-0.0029435923788696527,1.0
9039277117,0,0.0,-0.00316497590392828,1.0
9064277118,0,0.0,-0.001275314367376268,1.0
9089277118,0,0.0,-0.0005204646731726825,1.0
9114277118,0,0.0,-0.0011609016219154,1.0
9139277119,0,0.0,-0.002862111199647188,1.0
9164277119,0,0.0,-0.0072167678736150265,1.0
9189277119,0,0.0,-0.011100771836936474,1.0
9214277120,0,0.0,-0.005582747515290976,1.0
9239277120,0,0.0,-0.00936389621347189,1.0
9264277121,0,0.0,-0.009779221378266811,1.0
9289277121,0,0.0,-0.009112421423196793,1.0
9314277121,0,0.0,0.0027912065852433443,1.0
9339277122,0,0.0,0.010596067644655704,1.0
9364277122,0,0.0,0.017122764140367508,1.0
9389277122,0,0.0,0.022178461775183678,1.0
9414277123,0,0.0,0.021466897800564766,1.0
9439277123,0,0.0,0.02152474969625473,1.0
9464277124,0,0.0,0.020395703613758087,1.0
9489277124,0,0.0,0.02010735124349594,1.0
9514277124,0,0.0,0.005159948952496052,1.0
9539277125,0,0.0,0.0026936230715364218,1.0
9564277125,0,0.0,0.007277403026819229,1.0
9589277125,0,0.0,0.006077142432332039,1.0
9614277126,0,0.0,0.003707651514559984,1.0
9639277126,0,0.0,0.002267471980303526,1.0
9664277127,0,0.0,0.0028996742330491543,1.0
9689277127,0,0.0,0.00283348117955029,1.0
9714277127,0,0.0,0.0027379696257412434,1.0
9739277128,0,0.0,0.0027809925377368927,1.0
9764277128,0,0.0,0.002687184140086174,1.0
9789277128,0,0.0,0.002505257958546281,1.0
9814277129,0,0.0,0.0025735157541930676,1.0
9839277129,0,0.0,0.0027244442608207464,1.0
9864277129,0,0.0,0.0028360197320580482,1.0
9889277130,0,0.0,0.002850449876859784,1.0
9914277130,0,0.0,0.002969434717670083,1.0
9939277131,0,0.0,0.002975588897243142,1.0
9964277131,0,0.0,0.0029251393862068653,1.0
9989277131,0,0.0,0.0029124098364263773,1.0
10014277132,0,0.0,0.0030134040862321854,1.0
10039277132,0,0.0,0.003020952921360731,1.0
10064277132,0,0.0,0.0030985039193183184,1.0
10089277133,0,0.0,0.003098792862147093,1.0
10114277133,0,0.0,0.0031314282678067684,1.0
10139277134,0,0.0,0.003179733408614993,1.0
10164277134,0,0.0,0.003288683481514454,1.0
10189277134,0,0.0,0.003423417452722788,1.0
10214277135,0,0.0,0.0034974836744368076,1.0
10239277135,0,0.0,0.0036301915533840656,1.0
10264277135,0,0.0,0.00374913914129138,1.0
10289277136,0,0.0,0.003891514614224434,1.0
10314277136,0,0.0,0.0038992823101580143,1.0
10339277137,0,0.0,0.0037737805396318436,1.0
10364277137,0,0.0,0.0035821653436869383,1.0
10389277137,0,0.0,0.003333406988531351,1.0
10414277138,0,0.0,0.0030937669798731804,1.0
10439277138,0,0.0,0.002843111753463745,1.0
10464277138,0,0.0,0.0026017343625426292,1.0
10489277139,0,0.0,0.0023698038421571255,1.0
10514277139,0,0.0,0.0023009798023849726,1.0
10539277140,0,0.0,0.0023008857388049364,1.0
10564277140,0,0.0,0.0022360088769346476,1.0
10589277140,0,0.0,0.002219687681645155,1.0
10614277141,0,0.0,0.0021764354314655066,1.0
10639277141,0,0.0,0.0022017185110598803,1.0
10664277141,0,0.0,0.0022500876802951097,1.0
10689277142,0,0.0,0.002246295567601919,1.0
10714277142,0,0.0,0.002292666817083955,1.0
10739277143,0,0.0,0.0022638505324721336,1.0
10764277143,0,0.0,0.002280578715726733,1.0
10789277143,0,0.0,0.0022435151040554047,1.0
10814277144,0,0.0,0.002225595759227872,1.0
10839277144,0,0.0,0.002223262097686529,1.0
10864277144,0,0.0,0.0022251817863434553,1.0
10889277145,0,0.0,0.0022849715314805508,1.0
10914277145,0,0.0,0.0022938321344554424,1.0
10939277146,0,0.0,0.002183766569942236,1.0
10964277146,0,0.0,0.0020952557679265738,1.0
10989277146,0,0.0,0.0020431315060704947,1.0
11014277147,0,0.0,0.0019869960378855467,1.0
11039277147,0,0.0,0.001903659082017839,1.0
11064277147,0,0.0,0.0018636242020875216,1.0
11089277148,0,0.0,0.0019042041385546327,1.0
11114277148,0,0.0,0.0019970349967479706,1.0
11139277148,0,0.0,0.0020179280545562506,1.0
11164277149,0,0.0,0.0019578752107918262,1.0
11189277149,0,0.0,0.001974046928808093,1.0
11214277150,0,0.0,0.0019802653696388006,1.0
11239277150,0,0.0,0.002025626366958022,1.0
11264277150,0,0.0,0.0021059010177850723,1.0
11289277151,0,0.0,0.002106389030814171,1.0
11314277151,0,0.0,0.0021724014077335596,1.0
11339277151,0,0.0,0.001973576145246625,1.0
11364277152,0,0.0,0.0031526731327176094,1.0
11389277152,0,0.0,0.004599807783961296,1.0
11414277153,0,0.0,0.005697756540030241,1.0
11439277153,0,0.0,0.0039332411251962185,1.0
11464277153,0,0.0,0.004864026792347431,1.0
11489277154,0,0.0,0.005621843505650759,1.0
11514277154,0,0.0,0.00897110067307949,1.0
11539277154,0,0.0,0.017214493826031685,1.0
11564277155,0,0.0,0.01833857223391533,1.0
11589277155,0,0.0,0.019118718802928925,1.0
11614277156,0,0.0,0.019134972244501114,1.0
11639277156,0,0.0,0.015569962561130524,1.0
11664277156,0,0.0,0.014407649636268616,1.0
11689277157,0,0.0,0.014043082483112812,1.0
11714277157,0,0.0,0.012604123912751675,1.0
11739277157,0,0.0,0.011920728720724583,1.0
11764277158,0,0.0,0.003776535391807556,1.0
11789277158,0,0.0,-0.006734028458595276,1.0
11814277159,0,0.0,-0.008763143792748451,1.0
11839277159,0,0.0,-0.010421596467494965,1.0
11864277159,0,0.0,-0.011481701396405697,1.0
11889277160,0,0.0,-0.012272385880351067,1.0
11914277160,0,0.23172155022621155,-0.012672868557274342,0.0
11939277160,0,0.22936640679836273,-0.012522287666797638,0.0
11964277161,0,0.23719871044158936,-0.01101502776145935,0.0
11989277161,0,0.28145793080329895,-0.0074582877568900585,0.0
12014277162,0,0.3448512852191925,-0.007988986559212208,0.0
12039277162,0,0.39090463519096375,-0.008965585380792618,0.0
12064277162,0,0.36896559596061707,-0.008418682031333447,0.0
12089277163,0,0.47020310163497925,-0.006945930887013674,0.0
12114277163,0,0.5592014193534851,-0.004056157544255257,0.0
12139277163,0,0.6099665760993958,-0.0023175941314548254,0.0
12164277164,0,0.8076581358909607,-0.0014427764108404517,0.0
12189277164,0,0.8999999761581421,0.0005133726517669857,0.0
12214277165,0,0.8999999761581421,0.000976547715254128,0.0
12239277165,0,0.8999999761581421,0.0016351700760424137,0.0
12264277165,0,0.8999999761581421,0.0016252349596470594,0.0
12289277166,0,0.8999999761581421,0.0015199732733890414,0.0
12314277166,0,0.8999999761581421,0.00014364598609972745,0.0
12339277166,0,0.8999999761581421,-0.00033350533340126276,0.0
12364277167,0,0.8999999761581421,-0.0023848458658903837,0.0
12389277167,0,0.8999999761581421,-0.0027501315344125032,0.0
12414277167,0,0.8999999761581421,-0.0023339923936873674,0.0
12439277168,0,0.8999999761581421,-0.003072744235396385,0.0
12464277168,0,0.8999999761581421,-0.0025289373006671667,0.0
12489277169,0,0.8999999761581421,-0.0024312541354447603,0.0
12514277169,0,0.8999999761581421,-0.002345230896025896,0.0
12539277169,0,0.8999999761581421,-0.0024457371328026056,0.0
12564277170,0,0.8999999761581421,-0.002004294889047742,0.0
12589277170,0,0.8999999761581421,-0.0031730439513921738,0.0
12614277170,0,0.8999999761581421,-0.003210117807611823,0.0
12639277171,0,0.8999999761581421,-0.004027263261377811,0.0
12664277171,0,0.8999999761581421,-0.0041510602459311485,0.0
12689277172,0,0.8999999761581421,-0.005459727253764868,0.0
12714277172,0,0.8999999761581421,-0.005363639444112778,0.0
12739277172,0,0.8999999761581421,-0.005233484320342541,0.0
12764277173,0,0.8999999761581421,-0.005544219631701708,0.0
12789277173,0,0.8999999761581421,-0.005786692723631859,0.0
12814277173,0,0.8999999761581421,-0.005526647437363863,0.0
12839277174,0,0.8999999761581421,-0.006523913703858852,0.0
12864277174,0,0.8999999761581421,-0.0062111434526741505,0.0
12889277175,0,0.8999999761581421,-0.0062274206429719925,0.0
12914277175,0,0.8999999761581421,-0.005575396586209536,0.0
12939277175,0,0.8999999761581421,-0.005930125247687101,0.0
12964277176,0,0.8999999761581421,-0.005872714798897505,0.0
12989277176,0,0.8999999761581421,-0.006010164972394705,0.0
13014277176,0,0.8999999761581421,-0.006235336419194937,0.0
13039277177,0,0.8999999761581421,-0.005828799679875374,0.0
13064277177,0,0.8999999761581421,-0.005627473816275597,0.0
13089277178,0,0.8999999761581421,-0.004499831236898899,0.0
13114277178,0,0.8999999761581421,-0.004095959011465311,0.0
13139277178,0,0.8999999761581421,-0.003826592117547989,0.0
13164277179,0,0.8999999761581421,-0.004260644782334566,0.0
13189277179,0,0.8999999761581421,-0.0036113073583692312,0.0
13214277179,0,0.8999999761581421,-0.004314408637583256,0.0
13239277180,0,0.8999999761581421,-0.004867303650826216,0.0
13264277180,0,0.8999999761581421,-0.004424741491675377,0.0
13289277181,0,0.8999999761581421,-0.004112293478101492,0.0
13314277181,0,0.8999999761581421,-0.004281001631170511,0.0
13339277181,0,0.8999999761581421,-0.00434303842484951,0.0
13364277182,0,0.8999999761581421,-0.0035482021048665047,0.0
13389277182,0,0.8999999761581421,-0.0028047445230185986,0.0
13414277182,0,0.8999999761581421,-0.0031061877962201834,0.0
13439277183,0,0.8999999761581421,-0.002789486199617386,0.0
13464277183,0,0.8999999761581421,-0.0023856868501752615,0.0
13489277184,0,0.8999999761581421,-0.00243769446387887,0.0
13514277184,0,0.8999999761581421,-0.002662066137418151,0.0
13539277184,0,0.8999999761581421,-0.0032147907186299562,0.0
13564277185,0,0.8999999761581421,-0.003720551962032914,0.0
13589277185,0,0.8999999761581421,-0.003762530628591776,0.0
13614277185,0,0.8999999761581421,-0.003594452515244484,0.0
13639277186,0,0.8999999761581421,-0.004266038071364164,0.0
13664277186,0,0.8999999761581421,-0.0049539231695234776,0.0
13689277186,0,0.8999999761581421,-0.0034136290196329355,0.0
13714277187,0,0.8999999761581421,-0.0021836997475475073,0.0
13739277187,0,0.8999999761581421,-0.0015554844867438078,0.0
13764277188,0,0.8999999761581421,-0.0012263334356248379,0.0
13789277188,0,0.8999999761581421,-0.00035860342904925346,0.0
13814277188,0,0.8999999761581421,0.0009320618701167405,0.0
13839277189,0,0.8999999761581421,0.001341481925919652,0.0
13864277189,0,0.8999999761581421,0.0010804818011820316,0.0
13889277189,0,0.8999999761581421,0.0015265316469594836,0.0
13914277190,0,0.8999999761581421,0.001218638033606112,0.0
13939277190,0,0.8999999761581421,0.000932265305891633,0.0
13964277191,0,0.8999999761581421,0.0008692440460436046,0.0
13989277191,0,0.8999999761581421,0.0008148885099217296,0.0
14014277191,0,0.8999999761581421,0.0008334011654369533,0.0
14039277192,0,0.8999999761581421,0.0008112642681226134,0.0
14064277192,0,0.8999999761581421,0.0003727789153344929,0.0
14089277192,0,0.8999999761581421,0.00047445198288187385,0.0
14114277193,0,0.8999999761581421,1.4886964891047683e-05,0.0
14139277193,0,0.8999999761581421,0.00023115066869650036,0.0
14164277194,0,0.8999999761581421,0.0002739346818998456,0.0
14189277194,0,0.8999999761581421,0.0004102567327208817,0.0
14214277194,0,0.8999999761581421,0.0005267783417366445,0.0
14239277195,0,0.8999999761581421,8.17488253233023e-05,0.0
14264277195,0,0.8999999761581421,-3.1373336241813377e-05,0.0
14289277195,0,0.8999999761581421,0.0003806848544627428,0.0
14314277196,0,0.8999999761581421,0.0012548892991617322,0.0
14339277196,0,0.8999999761581421,0.003379529109224677,0.0
14364277197,0,0.8999999761581421,0.0030758334323763847,0.0
14389277197,0,0.8999999761581421,0.002446128288283944,0.0
14414277197,0,0.8999999761581421,0.0024477136321365833,0.0
14439277198,0,0.8999999761581421,0.0024856850504875183,0.0
14464277198,0,0.8999999761581421,0.0018983770860359073,0.0
14489277198,0,0.8999999761581421,0.0014921203255653381,0.0
14514277199,0,0.8999999761581421,0.0009641096694394946,0.0
14539277199,0,0.8999999761581421,0.0008854586048983037,0.0
14564277200,0,0.8999999761581421,0.0013155157212167978,0.0
14589277200,0,0.8999999761581421,0.0008812153246253729,0.0
14614277200,0,0.8999999761581421,0.0011954880319535732,0.0
14639277201,0,0.8999999761581421,1.5420573618030176e-05,0.0
14664277201,0,0.8999999761581421,0.00036970817018300295,0.0
14689277201,0,0.8999999761581421,7.529003050876781e-05,0.0
14714277202,0,0.8999999761581421,0.00031642132671549916,0.0
14739277202,0,0.8999999761581421,0.00047875926247797906,0.0
14764277203,0,0.8999999761581421,0.00037701649125665426,0.0
14789277203,0,0.8999999761581421,0.00042671605478972197,0.0
14814277203,0,0.8999999761581421,0.0003934231644961983,0.0
14839277204,0,0.8999999761581421,0.0006417859112843871,0.0
14864277204,0,0.8999999761581421,0.0005034020286984742,0.0
14889277204,0,0.8999999761581421,0.00029029868892394006,0.0
14914277205,0,0.8999999761581421,0.0009375516092404723,0.0
14939277205,0,0.8999999761581421,0.000551866483874619,0.0
14964277205,0,0.8999999761581421,0.0007908249390311539,0.0
14989277206,0,0.8999999761581421,0.001344185438938439,0.0
15014277206,0,0.8999999761581421,0.0013448557583615184,0.0
15039277207,0,0.8999999761581421,0.0019732273649424314,0.0
15064277207,0,0.8999999761581421,0.0025521002244204283,0.0
15089277207,0,0.8999999761581421,0.0015544656198471785,0.0
15114277208,0,0.8999999761581421,0.00043585713137872517,0.0
15139277208,0,0.8999999761581421,0.0001703691086731851,0.0
15164277208,0,0.8999999761581421,0.0005919340765103698,0.0
15189277209,0,0.8999999761581421,0.0016977032646536827,0.0
15214277209,0,0.8999999761581421,0.0018953405087813735,0.0
15239277210,0,0.8999999761581421,0.0014698139857500792,0.0
15264277210,0,0.8999999761581421,0.0020424271933734417,0.0
15289277210,0,0.8999999761581421,0.0019765999168157578,0.0
15314277211,0,0.8999999761581421,0.002335110679268837,0.0
15339277211,0,0.8999999761581421,0.0023071682080626488,0.0
15364277211,0,0.8999999761581421,0.002030349103733897,0.0
15389277212,0,0.8999999761581421,0.0022138464264571667,0.0
15414277212,0,0.8999999761581421,0.0016998491482809186,0.0
15439277213,0,0.8999999761581421,0.0017598664853721857,0.0
15464277213,0,0.8999999761581421,0.00128682900685817,0.0
15489277213,0,0.8999999761581421,0.0003824308223556727,0.0
15514277214,0,0.8999999761581421,0.0010214049834758043,0.0
15539277214,0,0.8999999761581421,0.0027514819521456957,0.0
15564277214,0,0.8999999761581421,0.0027150344103574753,0.0
15589277215,0,0.8998099565505981,0.0017378064803779125,0.0
15614277215,0,0.7645561099052429,0.002277495339512825,0.0
15639277216,0,0.7934074997901917,0.0011865119449794292,0.0
15664277216,0,0.7471362352371216,0.0007427218952216208,0.0
15689277216,0,0.8050621747970581,-8.276481821667403e-05,0.0
15714277217,0,0.7437002658843994,-0.0009977668523788452,0.0
15739277217,0,0.8253012299537659,-0.0012272370513528585,0.0
15764277217,0,0.8266749978065491,-0.0019151779124513268,0.0
15789277218,0,0.6812677979469299,-0.002024691551923752,0.0
15814277218,0,0.5440245866775513,-0.0018328442238271236,0.0
15839277219,0,0.41969186067581177,-0.002783196745440364,0.0
15864277219,0,0.35211580991744995,-0.002613997319713235,0.0
15889277219,0,0.3372233211994171,-0.00170703639741987,0.0
15914277220,0,0.3173401951789856,-0.00045693537686020136,0.0
15939277220,0,0.0,-0.000670074310619384,1.0
15964277220,0,0.0,-0.0006106928922235966,1.0
15989277221,0,0.0,0.0002364383835811168,1.0
16014277221,0,0.0,0.0003674101026263088,1.0
16039277222,0,0.0,0.0008277975721284747,1.0
16064277222,0,0.0,0.0011066898005083203,1.0
16089277222,0,0.0,0.004141765646636486,1.0
16114277223,0,0.0,0.006573951803147793,1.0
16139277223,0,0.0,0.0064632100984454155,1.0
16164277223,0,0.0,0.00674135098233819,1.0
16189277224,0,0.0,0.00659376522526145,1.0
16214277224,0,0.0,0.003763217944651842,1.0
16239277224,0,0.0,0.004706316161900759,1.0
16264277225,0,0.11695946753025055,0.003898730268701911,0.0
16289277225,0,0.10736483335494995,0.0025268911849707365,0.0
16314277226,0,0.09889531135559082,0.0031562717631459236,0.0
16339277226,0,0.24199803173542023,-0.0026576437521725893,0.0
16364277226,0,0.15801796317100525,-0.0011036703363060951,0.0
16389277227,0,0.118019238114357,-0.001189619768410921,0.0
16414277227,0,0.06689602136611938,-0.0006446773768402636,0.0
16439277227,0,0.06490521132946014,-0.0012703995453193784,0.0
16464277228,0,0.05807773023843765,-0.0031021551694720984,0.0
16489277228,0,0.10904232412576675,-0.004151398781687021,0.0
16514277229,0,0.10303667932748795,-0.004437054507434368,0.0
16539277229,0,0.03642847388982773,-0.003404563292860985,0.0
16564277229,0,0.03861478716135025,-0.0035036280751228333,0.0
16589277230,0,0.0,-0.006126399151980877,1.0
16614277230,0,0.0,-0.006022889167070389,1.0
16639277230,0,0.0,-0.006070064380764961,1.0
16664277231,0,0.0,-0.002227158285677433,1.0
16689277231,0,0.0,-0.0023210179060697556,1.0
16714277232,0,0.0,-0.0030670552514493465,1.0
16739277232,0,0.0,-0.0032573058269917965,1.0
16764277232,0,0.0,-0.00249032536521554,1.0
16789277233,0,0.0,-0.0015891743823885918,1.0
16814277233,0,0.0,-0.003490633564069867,1.0
16839277233,0,0.0,-0.0006684706313535571,1.0
16864277234,0,0.0,0.0018180228071287274,1.0
16889277234,0,0.0,0.0026144555304199457,1.0
16914277235,0,0.0,-0.0006700558005832136,1.0
16939277235,0,0.0,0.003076768247410655,1.0
16964277235,0,0.0,0.0031379240099340677,1.0
16989277236,0,0.0,-0.0006079195882193744,1.0
17014277236,0,0.0,0.0008164936443790793,1.0
17039277236,0,0.0,-0.0010548188583925366,1.0
17064277237,0,0.0,-0.0009070305968634784,1.0
17089277237,0,0.004502658266574144,0.0006840747664682567,0.0
17114277238,0,0.3329751193523407,0.0015863769222050905,0.0
17139277238,0,0.4255824089050293,0.00048578865244053304,0.0
17164277238,0,0.5580863356590271,-0.0010927775874733925,0.0
17189277239,0,0.779273271560669,0.0011342824436724186,0.0
17214277239,0,0.8137139678001404,5.650700768455863e-05,0.0
17239277239,0,0.8999999761581421,-0.0010452038841322064,0.0
17264277240,0,0.8999999761581421,-0.0020871663000434637,0.0
17289277240,0,0.8999999761581421,-0.000602499523665756,0.0
17314277241,0,0.8999999761581421,0.0004596546641550958,0.0
17339277241,0,0.8999999761581421,0.0027939174324274063,0.0
17364277241,0,0.8999999761581421,0.005558299832046032,0.0
17389277242,0,0.8999999761581421,0.006097601726651192,0.0
17414277242,0,0.8999999761581421,0.0071188355796039104,0.0
17439277242,0,0.8999999761581421,0.00612418819218874,0.0
17464277243,0,0.8999999761581421,0.006621051579713821,0.0
17489277243,0,0.8999999761581421,0.0063847568817436695,0.0
17514277243,0,0.8999999761581421,0.0063964552246034145,0.0
17539277244,0,0.8999999761581421,0.006811329163610935,0.0
17564277244,0,0.8999999761581421,0.008500630035996437,0.0
17589277245,0,0.8999999761581421,0.008796392939984798,0.0
17614277245,0,0.8999999761581421,0.010196228511631489,0.0
17639277245,0,0.8999999761581421,0.009858012199401855,0.0
17664277246,0,0.8999999761581421,0.010756906121969223,0.0
17689277246,0,0.8999999761581421,0.010435874573886395,0.0
17714277246,0,0.8999999761581421,0.009887606836855412,0.0
17739277247,0,0.8999999761581421,0.009867648594081402,0.0
17764277247,0,0.8999999761581421,0.009431892074644566,0.0
17789277248,0,0.8999999761581421,0.008229288272559643,0.0
17814277248,0,0.8999999761581421,0.006548573262989521,0.0
17839277248,0,0.8999999761581421,0.005453047808259726,0.0
17864277249,0,0.8999999761581421,0.004798547830432653,0.0
17889277249,0,0.8999999761581421,0.00592133728787303,0.0
17914277249,0,0.8999999761581421,0.005005333572626114,0.0
17939277250,0,0.8999999761581421,0.0055905054323375225,0.0
17964277250,0,0.8999999761581421,0.005552972201257944,0.0
17989277251,0,0.8999999761581421,0.005331139080226421,0.0
18014277251,0,0.8999999761581421,0.006128876935690641,0.0
18039277251,0,0.8999999761581421,0.005128629505634308,0.0
18064277252,0,0.8999999761581421,0.006113784853368998,0.0
18089277252,0,0.8999999761581421,0.005367646459490061,0.0
18114277252,0,0.8999999761581421,0.00486583961173892,0.0
18139277253,0,0.8999999761581421,0.004556579980999231,0.0
18164277253,0,0.8999999761581421,0.003423427464440465,0.0
18189277254,0,0.8999999761581421,0.00221550976857543,0.0
18214277254,0,0.8999999761581421,0.002144095953553915,0.0
18239277254,0,0.8999999761581421,0.0015361536061391234,0.0
18264277255,0,0.8999999761581421,0.0005041376571170986,0.0
18289277255,0,0.8999999761581421,-0.001530756358988583,0.0
18314277255,0,0.8999999761581421,-0.0033845393918454647,0.0
18339277256,0,0.8999999761581421,-0.0026121758855879307,0.0
18364277256,0,0.8999999761581421,-0.004030841868370771,0.0
18389277257,0,0.8999999761581421,-0.0042434739880263805,0.0
18414277257,0,0.8999999761581421,-0.005202035885304213,0.0
18439277257,0,0.8999999761581421,-0.006713499780744314,0.0
18464277258,0,0.8999999761581421,-0.006181800737977028,0.0
18489277258,0,0.8999999761581421,-0.0050224801525473595,0.0
18514277258,0,0.8999999761581421,-0.0071573806926608086,0.0
18539277259,0,0.8999999761581421,-0.00858050212264061,0.0
18564277259,0,0.8999999761581421,-0.008988016285002232,0.0
18589277260,0,0.8999999761581421,-0.007519224192947149,0.0
18614277260,0,0.8999999761581421,-0.008779780939221382,0.0
18639277260,0,0.8999999761581421,-0.009638674557209015,0.0
18664277261,0,0.8999999761581421,-0.006908052135258913,0.0
18689277261,0,0.8999999761581421,-0.005482181441038847,0.0
18714277261,0,0.8999999761581421,-0.007338657043874264,0.0
18739277262,0,0.8999999761581421,-0.006919811014086008,0.0
18764277262,0,0.8999999761581421,-0.008396289311349392,0.0
18789277262,0,0.8999999761581421,-0.010233326815068722,0.0
18814277263,0,0.8999999761581421,-0.008818442933261395,0.0
18839277263,0,0.8999999761581421,-0.009311972185969353,0.0
18864277264,0,0.8999999761581421,-0.00812109187245369,0.0
18889277264,0,0.8999999761581421,-0.010702569037675858,0.0
18914277264,0,0.8999999761581421,-0.01135072112083435,0.0
18939277265,0,0.8999999761581421,-0.00907550472766161,0.0
18964277265,0,0.8999999761581421,-0.008592315018177032,0.0
18989277265,0,0.8999999761581421,-0.0076180556789040565,0.0
19014277266,0,0.8999999761581421,-0.0068570831790566444,0.0
19039277266,0,0.8999999761581421,-0.006227451842278242,0.0
19064277267,0,0.8999999761581421,-0.007464005146175623,0.0
19089277267,0,0.8999999761581421,-0.00829278863966465,0.0
19114277267,0,0.8999999761581421,-0.00811207015067339,0.0
19139277268,0,0.8999999761581421,-0.006974620744585991,0.0
19164277268,0,0.8999999761581421,-0.007178757805377245,0.0
19189277268,0,0.8999999761581421,-0.006690822076052427,0.0
19214277269,0,0.8999999761581421,-0.006005375646054745,0.0
19239277269,0,0.8999999761581421,-0.004864692687988281,0.0
19264277270,0,0.8999999761581421,-0.0036163858603686094,0.0
19289277270,0,0.8999999761581421,-0.003355979220941663,0.0
19314277270,0,0.8999999761581421,-0.003358295885846019,0.0
19339277271,0,0.8999999761581421,-0.0015240585198625922,0.0
19364277271,0,0.8999999761581421,0.000309857219690457,0.0
19389277271,0,0.8999999761581421,0.0011177960550412536,0.0
19414277272,0,0.8999999761581421,0.0014384862734004855,0.0
19439277272,0,0.8999999761581421,0.0017058681696653366,0.0
19464277273,0,0.8999999761581421,0.0019408722873777151,0.0
19489277273,0,0.8999999761581421,0.002226924756541848,0.0
19514277273,0,0.8999999761581421,0.001734668854624033,0.0
19539277274,0,0.8999999761581421,0.0030659623444080353,0.0
19564277274,0,0.8999999761581421,0.003130594501271844,0.0
19589277274,0,0.8999999761581421,0.003120936919003725,0.0
19614277275,0,0.8999999761581421,0.0021990519016981125,0.0
19639277275,0,0.8999999761581421,0.0019071083515882492,0.0
19664277276,0,0.8999999761581421,0.002230818150565028,0.0
19689277276,0,0.8999999761581421,0.0010494457092136145,0.0
19714277276,0,0.8999999761581421,0.0008561770082451403,0.0
19739277277,0,0.8999999761581421,0.001867342391051352,0.0
19764277277,0,0.8999999761581421,0.001291033811867237,0.0
19789277277,0,0.8999999761581421,0.0013087097322568297,0.0
19814277278,0,0.8999999761581421,0.0015390821499750018,0.0
19839277278,0,0.8999999761581421,0.0004222593561280519,0.0
19864277279,0,0.8999999761581421,-0.0003538208839017898,0.0
19889277279,0,0.8999999761581421,-0.00022770711802877486,0.0
19914277279,0,0.8329414129257202,-0.0006917060818523169,0.0
19939277280,0,0.8299721479415894,-0.0008728185202926397,0.0
19964277280,0,0.7431485056877136,0.00028419564478099346,0.0
19989277280,0,0.7500126957893372,-0.00040040703606791794,0.0
20014277281,0,0.7558470368385315,-0.0001547052088426426,0.0
20039277281,0,0.6908389329910278,-0.0017958488315343857,0.0
20064277281,0,0.7117276191711426,-0.0017770573031157255,0.0
20089277282,0,0.6714058518409729,-0.0007275930256582797,0.0
20114277282,0,0.6168819665908813,-0.00032501883106306195,0.0
20139277283,0,0.5048604607582092,-0.00021477529662661254,0.0
20164277283,0,0.4621211290359497,0.0007685869350098073,0.0
20189277283,0,0.4724165201187134,0.0015791482292115688,0.0
20214277284,0,0.38597649335861206,0.0029234362300485373,0.0
20239277284,0,0.336321085691452,0.0032419792842119932,0.0
20264277284,0,0.27779921889305115,0.0032292893156409264,0.0
20289277285,0,0.27153483033180237,0.003870252752676606,0.0
20314277285,0,0.2961169183254242,0.003677800763398409,0.0
20339277286,0,0.24616409838199615,0.002952716313302517,0.0
20364277286,0,0.2755265235900879,0.003321865340694785,0.0
20389277286,0,0.2816661596298218,0.003496723948046565,0.0
20414277287,0,0.3435494303703308,0.002944045001640916,0.0
20439277287,0,0.3706163465976715,0.001778235426172614,0.0
20464277287,0,0.3503962755203247,0.0020890061277896166,0.0
20489277288,0,0.3389465808868408,0.0010512586450204253,0.0
20514277288,0,0.33680272102355957,0.001466534100472927,0.0
20539277289,0,0.2829926013946533,0.0015259240753948689,0.0
20564277289,0,0.31213244795799255,0.000795954663772136,0.0
20589277289,0,0.26997116208076477,0.0014217821881175041,0.0
20614277290,0,0.29404497146606445,-0.0007693866500630975,0.0
20639277290,0,0.22273406386375427,-0.0029145556036382914,0.0
20664277290,0,0.1806725263595581,-0.0023729244712740183,0.0
20689277291,0,0.2155916392803192,-0.002516318578273058,0.0
20714277291,0,0.2474799007177353,-0.0029824005905538797,0.0
20739277292,0,0.25902059674263,-0.0025627354625612497,0.0
20764277292,0,0.29625195264816284,-0.004164821468293667,0.0
20789277292,0,0.25837159156799316,-0.0047495681792497635,0.0
20814277293,0,0.24369320273399353,-0.0050207581371068954,0.0
20839277293,0,0.2304154634475708,-0.005115628242492676,0.0
20864277293,0,0.2252575308084488,-0.004048983100801706,0.0
20889277294,0,0.2185364067554474,-0.0032873686868697405,0.0
20914277294,0,0.21190164983272552,-0.0030632559210062027,0.0
20939277295,0,0.20225928723812103,-0.00202483800239861,0.0
20964277295,0,0.17961597442626953,-0.0013927025720477104,0.0
20989277295,0,0.149664968252182,4.367050223663682e-06,0.0
21014277296,0,0.105646051466465,0.0025830110535025597,0.0
21039277296,0,0.08241713047027588,0.0027889611665159464,0.0
21064277296,0,0.06733015924692154,0.002908644499257207,0.0
21089277297,0,0.0514424704015255,0.0034057784359902143,0.0
21114277297,0,0.05038027837872505,0.0031573674641549587,0.0
21139277298,0,0.08025654405355453,0.0024700553622096777,0.0
21164277298,0,0.10293647646903992,0.002448543207719922,0.0
21189277298,0,0.09262311458587646,0.002823134884238243,0.0
21214277299,0,0.11806708574295044,0.002621348248794675,0.0
21239277299,0,0.14944690465927124,0.002557679545134306,0.0
21264277299,0,0.16904261708259583,0.0029045650735497475,0.0
21289277300,0,0.2112385332584381,0.0022161132656037807,0.0
21314277300,0,0.2350715547800064,0.0011721401242539287,0.0
21339277300,0,0.24017886817455292,0.0005134936072863638,0.0
21364277301,0,0.24693672358989716,0.0003731673932634294,0.0
21389277301,0,0.28222501277923584,-6.685049356747186e-06,0.0
21414277302,0,0.27427247166633606,-0.0004901101929135621,0.0
21439277302,0,0.33631613850593567,-0.0006276644999161363,0.0
21464277302,0,0.35732048749923706,-0.0006780940457247198,0.0
21489277303,0,0.33743199706077576,-0.002104068174958229,0.0
21514277303,0,0.3328220844268799,-0.001990976044908166,0.0
21539277303,0,0.3653731048107147,-0.0014589241473004222,0.0
21564277304,0,0.3848743736743927,-0.002271430566906929,0.0
21589277304,0,0.3947717249393463,-0.0031610613223165274,0.0
21614277305,0,0.43176087737083435,-0.0022617958020418882,0.0
21639277305,0,0.41298308968544006,-0.0028765981551259756,0.0
21664277305,0,0.4252049922943115,-0.002038996433839202,0.0
21689277306,0,0.3932417035102844,-0.0006904581096023321,0.0
21714277306,0,0.4331167936325073,0.0005124349263496697,0.0
21739277306,0,0.4481378197669983,-0.0011536161182448268,0.0
21764277307,0,0.5000192523002625,0.0011217148276045918,0.0
21789277307,0,0.5052546262741089,0.0016873270506039262,0.0
21814277308,0,0.4801185131072998,0.0027303893584758043,0.0
21839277308,0,0.45050910115242004,0.0038009262643754482,0.0
21864277308,0,0.36043837666511536,0.003328183200210333,0.0
21889277309,0,0.4123699963092804,0.003289764979854226,0.0
21914277309,0,0.46746203303337097,0.0022056102752685547,0.0
21939277309,0,0.4947536289691925,0.002933560637757182,0.0
21964277310,0,0.5346123576164246,0.0035270301159471273,0.0
21989277310,0,0.5331945419311523,0.0034624862018972635,0.0
22014277311,0,0.5349786877632141,0.0029667026828974485,0.0
22039277311,0,0.5686152577400208,0.0034001122694462538,0.0
22064277311,0,0.578380286693573,0.0028963189106434584,0.0
22089277312,0,0.575832724571228,0.002544951159507036,0.0
22114277312,0,0.5668810606002808,0.004276667255908251,0.0
22139277312,0,0.5337390303611755,0.00291127129457891,0.0
22164277313,0,0.52616286277771,0.0029678011778742075,0.0
22189277313,0,0.553622305393219,0.0024516978301107883,0.0
22214277314,0,0.5454031229019165,0.003075805027037859,0.0
22239277314,0,0.540622889995575,0.0035535311326384544,0.0
22264277314,0,0.5594334006309509,0.0038250666111707687,0.0
22289277315,0,0.5988360047340393,0.003959232941269875,0.0
22314277315,0,0.585571825504303,0.004780846182256937,0.0
22339277315,0,0.5708795785903931,0.00511337723582983,0.0
22364277316,0,0.5803503394126892,0.006239551585167646,0.0
22389277316,0,0.5697199106216431,0.007913265377283096,0.0
22414277317,0,0.5484744310379028,0.009930639527738094,0.0
22439277317,0,0.5446596741676331,0.010219787247478962,0.0
22464277317,0,0.5499387979507446,0.011085066944360733,0.0
22489277318,0,0.4812285602092743,0.013482879847288132,0.0
22514277318,0,0.49394363164901733,0.012302222661674023,0.0
22539277318,0,0.5005558133125305,0.013485887087881565,0.0
22564277319,0,0.4993424117565155,0.008832287043333054,0.0
22589277319,0,0.47386932373046875,0.009939346462488174,0.0
22614277319,0,0.4617011547088623,0.007180646061897278,0.0
22639277320,0,0.4478873014450073,0.006006572395563126,0.0
22664277320,0,0.4445767402648926,0.006097476463764906,0.0
22689277321,0,0.4677252173423767,0.00655443174764514,0.0
22714277321,0,0.4528316855430603,0.007207050453871489,0.0
22739277321,0,0.46939200162887573,0.0071776919066905975,0.0
22764277322,0,0.4568279981613159,0.006267336197197437,0.0
22789277322,0,0.476553350687027,0.006912942510098219,0.0
22814277322,0,0.4677199721336365,0.007006784901022911,0.0
22839277323,0,0.4652618169784546,0.00728570157662034,0.0
22864277323,0,0.4728677272796631,0.006527395453304052,0.0
22889277324,0,0.47057169675827026,0.006335144396871328,0.0
22914277324,0,0.4584388732910156,0.005278014577925205,0.0
22939277324,0,0.4291084110736847,0.003913462162017822,0.0
22964277325,0,0.4301644563674927,0.00447468739002943,0.0
22989277325,0,0.43825653195381165,0.004727812949568033,0.0
23014277325,0,0.4539868235588074,0.004053404089063406,0.0
23039277326,0,0.4387640058994293,0.0036067538894712925,0.0
23064277326,0,0.4552401304244995,0.004303026478737593,0.0
23089277327,0,0.44394955039024353,0.004489407874643803,0.0
23114277327,0,0.42526379227638245,0.004410150460898876,0.0
23139277327,0,0.408775269985199,0.004896602593362331,0.0
23164277328,0,0.4009869396686554,0.005371839739382267,0.0
23189277328,0,0.4034275710582733,0.005612310953438282,0.0
23214277328,0,0.40156903862953186,0.006954448763281107,0.0
23239277329,0,0.37239572405815125,0.006653830874711275,0.0
23264277329,0,0.3810926675796509,0.007557297125458717,0.0
23289277330,0,0.3663172721862793,0.007517247926443815,0.0
23314277330,0,0.36851561069488525,0.006831028498709202,0.0
23339277330,0,0.35342809557914734,0.0071121323853731155,0.0
23364277331,0,0.355473130941391,0.006463056430220604,0.0
23389277331,0,0.33754801750183105,0.004697310272604227,0.0
23414277331,0,0.32447758316993713,0.004151795990765095,0.0
23439277332,0,0.34576117992401123,0.0033668549731373787,0.0
23464277332,0,0.34523218870162964,0.0034157633781433105,0.0
23489277333,0,0.3861096501350403,0.003365306882187724,0.0
23514277333,0,0.38404348492622375,0.0027971388772130013,0.0
23539277333,0,0.3677535653114319,0.0019106017425656319,0.0
23564277334,0,0.38834527134895325,0.00032613726216368377,0.0
23589277334,0,0.3948001563549042,-1.8716144040809013e-05,0.0
23614277334,0,0.40869253873825073,-8.284023351734504e-05,0.0
23639277335,0,0.4253883361816406,-0.0002042881096713245,0.0
23664277335,0,0.44557902216911316,-0.0005215717246755958,0.0
23689277336,0,0.43798089027404785,0.0001069621866918169,0.0
23714277336,0,0.4321557581424713,-0.0003976777952630073,0.0
23739277336,0,0.4244549870491028,-0.00010323830792913213,0.0
23764277337,0,0.41901373863220215,-8.940717816585675e-05,0.0
23789277337,0,0.42256999015808105,-0.0013723870506510139,0.0
23814277337,0,0.4089675545692444,-0.0007706089527346194,0.0
23839277338,0,0.403131902217865,0.00015693213208578527,0.0
23864277338,0,0.40972742438316345,0.00046638381900265813,0.0
23889277338,0,0.40632522106170654,0.0005352990119718015,0.0
23914277339,0,0.3924770653247833,-0.0003957909648306668,0.0
23939277339,0,0.38081875443458557,0.00045446655713021755,0.0
23964277340,0,0.3754989206790924,0.0003605130477808416,0.0
23989277340,0,0.36954763531684875,0.0008213003748096526,0.0
24014277340,0,0.3735397756099701,0.001014513662084937,0.0
24039277341,0,0.3859919607639313,0.000722274009604007,0.0
24064277341,0,0.39357492327690125,0.0012685467954725027,0.0
24089277341,0,0.3836900591850281,0.001478163874708116,0.0
24114277342,0,0.370649516582489,0.002420798409730196,0.0
24139277342,0,0.3913685083389282,0.0030289541464298964,0.0
24164277343,0,0.3855275809764862,0.003069825703278184,0.0
24189277343,0,0.39230725169181824,0.003640610259026289,0.0
24214277343,0,0.4019256830215454,0.002149729523807764,0.0
24239277344,0,0.4299704432487488,0.0016449172981083393,0.0
24264277344,0,0.4597971737384796,0.001254879403859377,0.0
24289277344,0,0.43887898325920105,0.0009664333192631602,0.0
24314277345,0,0.4744674265384674,-0.00041231574141420424,0.0
24339277345,0,0.4695093631744385,-0.00018103844195138663,0.0
24364277346,0,0.4458999037742615,-0.001056281616911292,0.0
24389277346,0,0.44704189896583557,-0.0015846124151721597,0.0
24414277346,0,0.472510427236557,-0.002178514376282692,0.0
24439277347,0,0.47505712509155273,-0.0019947609398514032,0.0
24464277347,0,0.475736141204834,-0.001623699557967484,0.0
24489277347,0,0.47560375928878784,-0.001366996904835105,0.0
24514277348,0,0.45366010069847107,-0.0023235748521983624,0.0
24539277348,0,0.4135432839393616,-0.0039021610282361507,0.0
24564277349,0,0.3962073028087616,-0.005936404690146446,0.0
24589277349,0,0.4318145215511322,-0.0043838731944561005,0.0
24614277349,0,0.446744829416275,-0.004880913067609072,0.0
24639277350,0,0.46118003129959106,-0.0009812889620661736,0.0
24664277350,0,0.4160583019256592,-0.0011799592757597566,0.0
24689277350,0,0.4243442416191101,-7.603281119372696e-05,0.0
24714277351,0,0.43431347608566284,-0.0005836638738401234,0.0
24739277351,0,0.4236416518688202,-0.0004274403618182987,0.0
24764277352,0,0.4076286554336548,0.0002658722223713994,0.0
24789277352,0,0.41197720170021057,0.0009962371550500393,0.0
24814277352,0,0.40772098302841187,0.0006053639226593077,0.0
24839277353,0,0.4070274531841278,0.0007689000340178609,0.0
24864277353,0,0.410915344953537,0.0015569060342386365,0.0
24889277353,0,0.3873986005783081,0.0015789931640028954,0.0
24914277354,0,0.4195519685745239,0.0011343535734340549,0.0
24939277354,0,0.43486273288726807,0.002075952012091875,0.0
24964277355,0,0.4146398603916168,0.0025493865832686424,0.0
24989277355,0,0.41746020317077637,0.002689896384254098,0.0
25014277355,0,0.42504802346229553,0.0022109535057097673,0.0
25039277356,0,0.4428914189338684,0.002597399987280369,0.0
25064277356,0,0.42607197165489197,0.002595151774585247,0.0
25089277356,0,0.43526381254196167,0.0027222130447626114,0.0
25114277357,0,0.42754003405570984,0.002028637332841754,0.0
25139277357,0,0.4370567798614502,0.0014438906218856573,0.0
25164277357,0,0.4534790515899658,0.0007071835570968688,0.0
25189277358,0,0.5013790130615234,0.0002979485143441707,0.0
25214277358,0,0.49742773175239563,-0.0008920597028918564,0.0
25239277359,0,0.5533756613731384,-0.002005797578021884,0.0
25264277359,0,0.4867936074733734,-0.0033483749721199274,0.0
25289277359,0,0.46479424834251404,-0.0035635773092508316,0.0
25314277360,0,0.4697616994380951,-0.0052985092625021935,0.0
25339277360,0,0.46342965960502625,-0.007948306389153004,0.0
25364277360,0,0.46900832653045654,-0.007904195226728916,0.0
25389277361,0,0.48416537046432495,-0.0069555845111608505,0.0
25414277361,0,0.4735833406448364,-0.00503372261300683,0.0
25439277362,0,0.435308575630188,-0.003893683198839426,0.0
25464277362,0,0.433593213558197,-0.004530764650553465,0.0
25489277362,0,0.44708821177482605,-0.004777336027473211,0.0
