ts,agent_id,cam0x,cam0y,cam1x,cam1y,cam2x,cam2y,cam3x,cam3y,world0x,world0y,world1x,world1y,world2x,world2y,world3x,world3y
1529075056,0,128.57565307617188,114.61884307861328,128.26177978515625,95.49146270751953,128.2284393310547,88.42166900634766,128.15420532226562,84.54822540283203,0.01596282795071602,3.504376173019409,0.013169725425541401,6.683424472808838,0.016440091654658318,9.732953071594238,0.014523379504680634,12.860838890075684
1554075056,0,128.94500732421875,115.46438598632812,128.5226287841797,95.75749206542969,128.5613555908203,88.56745910644531,128.5498504638672,84.66679382324219,0.02569521591067314,3.4284214973449707,0.025998206809163094,6.6041059494018555,0.04004356637597084,9.643784523010254,0.051301319152116776,12.736709594726562
1579075057,0,129.30169677734375,116.38591766357422,128.64706420898438,96.10831451416016,128.6820831298828,88.83782958984375,128.65826416015625,84.93225860595703,0.03465894237160683,3.3489367961883545,0.03171985223889351,6.502182483673096,0.04787423461675644,9.482508659362793,0.060155656188726425,12.467048645019531
1604075057,0,128.53807067871094,114.59698486328125,128.20481872558594,95.2747802734375,128.23898315429688,88.11202239990234,128.23403930664062,84.23339080810547,0.014928326942026615,3.5063796043395996,0.010400032624602318,6.749369144439697,0.017529433593153954,9.927691459655762,0.022609585896134377,13.202116012573242
1629075057,0,128.5416717529297,114.35952758789062,128.24911499023438,95.24275970458984,128.25987243652344,88.11808776855469,128.2347412109375,84.25702667236328,0.015112480148673058,3.52827787399292,0.012666680850088596,6.759218692779541,0.019054491072893143,9.923805236816406,0.022633662447333336,13.175886154174805
1654075058,0,128.67393493652344,114.31609344482422,128.36305236816406,95.21371459960938,128.3427734375,88.09551239013672,128.28990173339844,84.2350082397461,0.018821880221366882,3.5323097705841064,0.018483120948076248,6.768176078796387,0.025168247520923615,9.938284873962402,0.028002522885799408,13.2003173828125
1679075058,0,128.60980224609375,114.32513427734375,128.32818603515625,95.20581817626953,128.30599975585938,88.08185577392578,128.25048828125,84.21431732177734,0.017027124762535095,3.5314698219299316,0.01671374775469303,6.770615100860596,0.022487208247184753,9.947064399719238,0.024236440658569336,13.223356246948242
1704075058,0,128.6280975341797,114.35920715332031,128.36228942871094,95.21930694580078,128.34017944335938,88.08976745605469,128.28549194335938,84.22366333007812,0.017523866146802902,3.5283076763153076,0.01843983680009842,6.766449451446533,0.02498670108616352,9.941976547241211,0.027602162212133408,13.212940216064453
1729075059,0,128.59217834472656,114.45747375488281,128.34823608398438,95.24885559082031,128.3268585205078,88.09324645996094,128.27479553222656,84.21734619140625,0.016483483836054802,3.5192153453826904,0.017702018842101097,6.757340908050537,0.02400306984782219,9.939741134643555,0.026581740006804466,13.219978332519531
1754075059,0,128.54217529296875,114.482666015625,128.3189697265625,95.25228118896484,128.30560302734375,88.08336639404297,128.25624084472656,84.20310974121094,0.015082682482898235,3.5168914794921875,0.016211923211812973,6.75628662109375,0.02245594561100006,9.94609260559082,0.024815810844302177,13.235868453979492
1779075060,0,128.4726104736328,114.4837417602539,128.29989624023438,95.25518798828125,128.29330444335938,88.08103942871094,128.24310302734375,84.19975280761719,0.013147138059139252,3.5167922973632812,0.015240591019392014,6.755392074584961,0.021555354818701744,9.947589874267578,0.023549949750304222,13.239620208740234
1804075060,0,128.46603393554688,114.44935607910156,128.29794311523438,95.23926544189453,128.28591918945312,88.06639099121094,128.23233032226562,84.18309783935547,0.0129746925085783,3.519965171813965,0.015151708386838436,6.7602949142456055,0.021031761541962624,9.957024574279785,0.022537140175700188,13.25826644897461
1829075060,0,128.51678466796875,114.51336669921875,128.33363342285156,95.275390625,128.31866455078125,88.09123229980469,128.26068115234375,84.20660400390625,0.014365963637828827,3.5140628814697266,0.01694038137793541,6.749181270599365,0.02340427041053772,9.941035270690918,0.025238608941435814,13.231965065002441
1854075061,0,128.46963500976562,114.5245590209961,128.29368591308594,95.2665023803711,128.28102111816406,88.07826232910156,128.22793579101562,84.19254302978516,0.013051826506853104,3.5130326747894287,0.014917726628482342,6.751912593841553,0.020656203851103783,9.949377059936523,0.022093722596764565,13.247686386108398
1879075061,0,128.424072265625,114.47806549072266,128.2786102294922,95.23414611816406,128.27276611328125,88.05218505859375,128.22421264648438,84.16598510742188,0.01179847214370966,3.517315626144409,0.014171667397022247,6.761872291564941,0.02008199878036976,9.966190338134766,0.021780280396342278,13.277478218078613
1904075061,0,128.42486572265625,114.47110748291016,128.30694580078125,95.23422241210938,128.30209350585938,88.05049896240234,128.25079345703125,84.16395568847656,0.011822483502328396,3.5179572105407715,0.015612922608852386,6.7618489265441895,0.022243520244956017,9.967279434204102,0.024366434663534164,13.279760360717773
1929075062,0,128.4011993408203,114.4558334350586,128.29299926757812,95.21421813964844,128.2869415283203,88.02935791015625,128.23495483398438,84.14200592041016,0.011167950928211212,3.519366979598999,0.014916368760168552,6.7680206298828125,0.02115572616457939,9.980952262878418,0.022868864238262177,13.304490089416504
1954075062,0,128.4086456298828,114.4511947631836,128.3126983642578,95.2054443359375,128.30487060546875,88.02053833007812,128.24972534179688,84.13187408447266,0.011376471258699894,3.5197951793670654,0.015925254672765732,6.770730495452881,0.02248998172581196,9.98666763305664,0.02432682178914547,13.315935134887695
1979075063,0,128.41175842285156,114.43875885009766,128.34725952148438,95.20691680908203,128.3337860107422,88.02289581298828,128.26573181152344,84.13890075683594,0.011466489173471928,3.5209438800811768,0.01768427900969982,6.770275592803955,0.024619417265057564,9.985138893127441,0.025871096178889275,13.307995796203613
2004075063,0,128.41009521484375,114.43126678466797,128.32484436035156,95.20350646972656,128.3158416748047,88.0195541381836,128.25726318359375,84.1335220336914,0.011422188021242619,3.5216360092163086,0.016545211896300316,6.771329402923584,0.023300737142562866,9.987305641174316,0.025057712569832802,13.314072608947754
2029075063,0,128.33819580078125,114.385986328125,128.27886962890625,95.18446350097656,128.2689971923828,88.00852966308594,128.20751953125,84.12519073486328,0.009429670870304108,3.5258255004882812,0.014215259812772274,6.777219772338867,0.019858524203300476,9.99445915222168,0.020226512104272842,13.323494911193848
2054075064,0,128.36782836914062,114.461181640625,128.29144287109375,95.20952606201172,128.28038024902344,88.0162124633789,128.21910095214844,84.127197265625,0.010237732902169228,3.5188732147216797,0.014840133488178253,6.769469738006592,0.020688937976956367,9.989472389221191,0.021351799368858337,13.3212251663208
2079075064,0,128.39398193359375,114.45040893554688,128.29769897460938,95.21751403808594,128.28392028808594,88.02301788330078,128.2222442626953,84.13142395019531,0.010968445800244808,3.5198678970336914,0.015153476037085056,6.767003059387207,0.02094125747680664,9.98505973815918,0.02165057323873043,13.316444396972656
2104075064,0,128.3824920654297,114.4483413696289,128.2979278564453,95.20590209960938,128.28343200683594,88.01264190673828,128.21746826171875,84.1232681274414,0.010649085976183414,3.5200586318969727,0.015172715298831463,6.770589351654053,0.020918788388371468,9.991788864135742,0.021199559792876244,13.325672149658203
2129075065,0,128.37062072753906,114.44087219238281,128.29617309570312,95.19495391845703,128.2854461669922,88.00298309326172,128.2238311767578,84.11395263671875,0.010320388711988926,3.5207486152648926,0.015090469270944595,6.7739739418029785,0.02108016051352024,9.998061180114746,0.021836616098880768,13.336226463317871
2154075065,0,128.3706512451172,114.45296478271484,128.30572509765625,95.19847869873047,128.29112243652344,88.0028305053711,128.22154235839844,84.11290740966797,0.010318297892808914,3.5196316242218018,0.015574791468679905,6.772883892059326,0.021499555557966232,9.998160362243652,0.02161518856883049,13.337411880493164
2179075066,0,128.39376831054688,114.43739318847656,128.34303283691406,95.19956970214844,128.32745361328125,88.008056640625,128.25186157226562,84.12315368652344,0.010965860448777676,3.5210700035095215,0.017474565654993057,6.772546291351318,0.02417473867535591,9.994765281677246,0.024552568793296814,13.325800895690918
2204075066,0,128.3662567138672,114.44435119628906,128.31204223632812,95.21011352539062,128.2997589111328,88.01564025878906,128.2267303466797,84.12850189208984,0.01019803062081337,3.5204272270202637,0.0158886406570673,6.769288063049316,0.022119658067822456,9.989843368530273,0.022092919796705246,13.319748878479004
2229075066,0,128.34825134277344,114.40535736083984,128.29769897460938,95.19151306152344,128.2852325439453,87.99982452392578,128.21339416503906,84.11226654052734,0.00970560684800148,3.5240321159362793,0.015170465223491192,6.775038242340088,0.021068543195724487,10.000114440917969,0.02082129754126072,13.338139533996582
2254075067,0,128.35263061523438,114.42877197265625,128.3080596923828,95.20729064941406,128.29531860351562,88.00936889648438,128.22076416015625,84.1197738647461,0.009822231717407703,3.5218665599823,0.015687765553593636,6.77016019821167,0.021800538524985313,9.993913650512695,0.021527061238884926,13.329629898071289
2279075067,0,128.36598205566406,114.45350646972656,128.3040313720703,95.21473693847656,128.28591918945312,88.0128402709961,128.2054901123047,84.12142181396484,0.010188186541199684,3.5195817947387695,0.015477659180760384,6.767860412597656,0.021102096885442734,9.991661071777344,0.02003493905067444,13.327762603759766
2304075067,0,128.33950805664062,114.4131851196289,128.281982421875,95.1958999633789,128.26658630371094,88.00057220458984,128.18780517578125,84.11284637451172,0.009460190311074257,3.523308277130127,0.014366846531629562,6.773681163787842,0.01969032734632492,9.999628067016602,0.01832364872097969,13.337480545043945
2329075068,0,128.35736083984375,114.44795989990234,128.29901123046875,95.20768737792969,128.28233337402344,88.0068130493164,128.20362854003906,84.115478515625,0.009949489496648312,3.520094156265259,0.015226717106997967,6.770037651062012,0.020845292136073112,9.995573043823242,0.019863177090883255,13.33449649810791
2354075068,0,128.35446166992188,114.45968627929688,128.29055786132812,95.20486450195312,128.27606201171875,88.0006332397461,128.2010498046875,84.1095962524414,0.009866046719253063,3.5190114974975586,0.014798040501773357,6.770909786224365,0.020390134304761887,9.999588012695312,0.01962115801870823,13.341168403625488
2379075068,0,128.33119201660156,114.44715881347656,128.27989196777344,95.2007064819336,128.26344299316406,88.002685546875,128.1832275390625,84.11477661132812,0.009221081621944904,3.520167827606201,0.014257383532822132,6.772194862365723,0.019455591216683388,9.998254776000977,0.017874175682663918,13.33529281616211
2404075069,0,128.3431396484375,114.44346618652344,128.30499267578125,95.21180725097656,128.29098510742188,88.01209259033203,128.2108917236328,84.12239074707031,0.009554560296237469,3.5205090045928955,0.01552855595946312,6.768764972686768,0.02147698774933815,9.992146492004395,0.020559942349791527,13.326664924621582
2429075069,0,128.31288146972656,114.41582489013672,128.2873077392578,95.2028579711914,128.27322387695312,88.00474548339844,128.19241333007812,84.11443328857422,0.008717712946236134,3.523063898086548,0.014633778482675552,6.7715301513671875,0.020175322890281677,9.996915817260742,0.018770797178149223,13.335681915283203
2454075070,0,128.3391571044922,114.4753646850586,128.30291748046875,95.22351837158203,128.28802490234375,88.01777648925781,128.20631408691406,84.12865447998047,0.009436575695872307,3.517564535140991,0.015415121801197529,6.7651495933532715,0.021250955760478973,9.988458633422852,0.020103279501199722,13.319576263427734
2479075070,0,128.34817504882812,114.44232177734375,128.31588745117188,95.21041870117188,128.30018615722656,88.00984954833984,128.2157440185547,84.1220474243164,0.009695030748844147,3.5206148624420166,0.016084222123026848,6.769193649291992,0.02215920016169548,9.99360179901123,0.02103359065949917,13.327054023742676
2504075070,0,128.32530212402344,114.45669555664062,128.2845458984375,95.21117401123047,128.26573181152344,88.00709533691406,128.1792449951172,84.1161880493164,0.00905506033450365,3.519287347793579,0.014487914741039276,6.768960952758789,0.01961921527981758,9.995389938354492,0.017483633011579514,13.33369255065918
2529075071,0,128.3368377685547,114.45980834960938,128.2849578857422,95.20974731445312,128.26832580566406,88.00511169433594,128.18687438964844,84.11322784423828,0.009375477209687233,3.5190000534057617,0.014509783126413822,6.769401550292969,0.019813189283013344,9.996678352355957,0.018232261762022972,13.337048530578613
2554075071,0,128.3031463623047,114.461181640625,128.25137329101562,95.19859313964844,128.23875427246094,87.9967269897461,128.16201782226562,84.10792541503906,0.00843744445592165,3.5188732147216797,0.01280584093183279,6.772848129272461,0.01763886585831642,10.002127647399902,0.015814073383808136,13.34306526184082
2579075071,0,128.3060302734375,114.45287322998047,128.2652587890625,95.2007064819336,128.2522735595703,88.00081634521484,128.17303466796875,84.11358642578125,0.008519378490746021,3.5196402072906494,0.01351198647171259,6.772194862365723,0.01863289065659046,9.999469757080078,0.01688149943947792,13.336641311645508
2604075072,0,128.3080291748047,114.47371673583984,128.27980041503906,95.22474670410156,128.26426696777344,88.01982879638672,128.17990112304688,84.12957000732422,0.008570817299187183,3.517716884613037,0.014237968251109123,6.764770984649658,0.019495557993650436,9.987127304077148,0.017528273165225983,13.318540573120117
2629075072,0,128.2971954345703,114.45681762695312,128.26771545410156,95.21159362792969,128.25363159179688,88.00732421875,128.17076110839844,84.11811828613281,0.00827266275882721,3.5192761421203613,0.013630731031298637,6.768831253051758,0.018725579604506493,9.99524211883545,0.016653457656502724,13.331504821777344
2654075073,0,128.31813049316406,114.43434143066406,128.2974090576172,95.20941925048828,128.28564453125,88.01009368896484,128.20179748535156,84.12450408935547,0.008860097266733646,3.5213520526885986,0.01514399889856577,6.769502639770508,0.02108544111251831,9.993443489074707,0.0196699108928442,13.324272155761719
2679075073,0,128.3167724609375,114.46434783935547,128.28387451171875,95.22508239746094,128.26763916015625,88.01990509033203,128.18011474609375,84.13019561767578,0.008816041052341461,3.5185811519622803,0.014445074833929539,6.764667510986328,0.019744237884879112,9.987077713012695,0.017548181116580963,13.317832946777344
2704075073,0,128.31248474121094,114.42969512939453,128.27685546875,95.2027816772461,128.2641143798828,88.00122833251953,128.1807403564453,84.11223602294922,0.008703812956809998,3.5217814445495605,0.014101448468863964,6.771553993225098,0.019506949931383133,9.999201774597168,0.017635243013501167,13.338172912597656
2729075074,0,128.30613708496094,114.4235610961914,128.2628936767578,95.19312286376953,128.251708984375,87.99645233154297,128.17312622070312,84.10922241210938,0.008528241887688637,3.522348642349243,0.013395889662206173,6.774540424346924,0.018596261739730835,10.00230598449707,0.01689651794731617,13.341591835021973
2754075074,0,128.2947540283203,114.44383239746094,128.24380493164062,95.19898986816406,128.23516845703125,87.99734497070312,128.16343688964844,84.10814666748047,0.008207214996218681,3.520475387573242,0.012420070357620716,6.772726058959961,0.017373278737068176,10.001726150512695,0.01595229096710682,13.342813491821289
2779075074,0,128.27664184570312,114.42699432373047,128.2450408935547,95.19414520263672,128.23556518554688,87.99671936035156,128.15890502929688,84.10969543457031,0.007705951575189829,3.522031307220459,0.012485641054809093,6.774223804473877,0.017403269186615944,10.002132415771484,0.015507972799241543,13.341054916381836
2804075075,0,128.292724609375,114.46517181396484,128.2638397216797,95.22122192382812,128.2538299560547,88.0171890258789,128.17401123046875,84.1274642944336,0.008146611042320728,3.5185048580169678,0.013427827507257462,6.765858173370361,0.01872868277132511,9.988839149475098,0.016957348212599754,13.3209228515625
2829075075,0,128.27101135253906,114.3984146118164,128.25460815429688,95.19023132324219,128.2446746826172,87.99526977539062,128.16360473632812,84.11052703857422,0.007554200477898121,3.524674654006958,0.012975314632058144,6.775434970855713,0.018077906221151352,10.00307559967041,0.01596553437411785,13.34011173248291
2854075076,0,128.29164123535156,114.44762420654297,128.2733154296875,95.2123031616211,128.26625061035156,88.01004791259766,128.1864013671875,84.12315368652344,0.008119815960526466,3.520125150680542,0.013915427960455418,6.768611907958984,0.019653894007205963,9.993473052978516,0.018171221017837524,13.325800895690918
2879075076,0,128.31422424316406,114.42507934570312,128.28366088867188,95.2115249633789,128.2725067138672,88.01229858398438,128.19064331054688,84.12461853027344,0.008753216825425625,3.5222082138061523,0.014442634768784046,6.768852233886719,0.02011287398636341,9.992012023925781,0.018582500517368317,13.324143409729004
2904075076,0,128.28585815429688,114.40853118896484,128.25596618652344,95.19375610351562,128.2464141845703,87.99775695800781,128.16604614257812,84.11175537109375,0.00796614121645689,3.5237386226654053,0.013042540289461613,6.774344444274902,0.018203599378466606,10.001458168029785,0.016202138736844063,13.33871841430664
2929075077,0,128.2929229736328,114.40170288085938,128.25711059570312,95.18441772460938,128.25001525878906,87.9913558959961,128.17691040039062,84.10557556152344,0.00816433411091566,3.5243704319000244,0.013106128200888634,6.777233600616455,0.01847701519727707,10.005620956420898,0.017271043732762337,13.345731735229492
2954075077,0,128.2817840576172,114.42293548583984,128.23562622070312,95.19164276123047,128.22662353515625,87.99346923828125,128.153564453125,84.10531616210938,0.007849940098822117,3.5224063396453857,0.012007227167487144,6.774997711181641,0.016746070235967636,10.00424575805664,0.01499219425022602,13.346026420593262
2979075077,0,128.27621459960938,114.41954040527344,128.24986267089844,95.19163513183594,128.24449157714844,87.99510192871094,128.17050170898438,84.10891723632812,0.007695401553064585,3.5227200984954834,0.012732705101370811,6.77500057220459,0.01806456595659256,10.003185272216797,0.01664079539477825,13.341938972473145
3004075078,0,128.28749084472656,114.41512298583984,128.256591796875,95.20529174804688,128.24749755859375,88.00916290283203,128.16842651367188,84.12330627441406,0.008010394871234894,3.5231287479400635,0.013067916966974735,6.770777702331543,0.01827060431241989,9.994047164916992,0.01641874760389328,13.325628280639648
3029075078,0,128.26324462890625,114.4127197265625,128.24220275878906,95.19618225097656,128.23666381835938,87.9995346069336,128.1598663330078,84.11345672607422,0.007335234433412552,3.523350954055786,0.012339944951236248,6.773593902587891,0.017481356859207153,10.0003023147583,0.015596945770084858,13.33678913116455
3054075079,0,128.29324340820312,114.44084930419922,128.26870727539062,95.20780944824219,128.2615203857422,88.00743865966797,128.1829071044922,84.12039184570312,0.008165726438164711,3.5207507610321045,0.013683458790183067,6.7699995040893555,0.019307870417833328,9.99516773223877,0.017834648489952087,13.32892894744873
3079075079,0,128.2940673828125,114.4053726196289,128.26788330078125,95.1982650756836,128.2613525390625,88.00562286376953,128.1831817626953,84.12129211425781,0.008195522241294384,3.524030923843384,0.013647112995386124,6.772949695587158,0.019297664985060692,9.996346473693848,0.017860103398561478,13.327908515930176
3104075079,0,128.29598999023438,114.41123962402344,128.26812744140625,95.19139099121094,128.26234436035156,87.99557495117188,128.1870574951172,84.11070251464844,0.008247963152825832,3.5234880447387695,0.013663598336279392,6.775075912475586,0.01938306912779808,10.002877235412598,0.018253931775689125,13.339913368225098
3129075080,0,128.29306030273438,114.37674713134766,128.26162719726562,95.17990112304688,128.25521850585938,87.99144744873047,128.18226623535156,84.1063003540039,0.00817297212779522,3.526681661605835,0.013338958844542503,6.778632164001465,0.018861448392271996,10.005561828613281,0.017792847007513046,13.34490966796875
3154075080,0,128.2687530517578,114.41654205322266,128.2270965576172,95.18865203857422,128.22183227539062,87.99066162109375,128.15089416503906,84.10281372070312,0.00748805096372962,3.5229976177215576,0.011574058793485165,6.775923252105713,0.016394907608628273,10.006073951721191,0.014734544791281223,13.348868370056152
3179075080,0,128.2689208984375,114.4036865234375,128.23622131347656,95.18473815917969,128.23135375976562,87.99104309082031,128.16075134277344,84.106689453125,0.007494999095797539,3.524186849594116,0.012041137553751469,6.777134418487549,0.01709820330142975,10.005825996398926,0.015692055225372314,13.344467163085938
3204075081,0,128.27401733398438,114.43325805664062,128.2454071044922,95.20941162109375,128.24131774902344,88.01127624511719,128.16510009765625,84.12359619140625,0.007631717715412378,3.5214521884918213,0.012496075592935085,6.769505023956299,0.017812052741646767,9.99267578125,0.016094092279672623,13.325300216674805
3229075081,0,128.26148986816406,114.38282775878906,128.23941040039062,95.18544006347656,128.23272705078125,87.99314880371094,128.15492248535156,84.10725402832031,0.0072914776392281055,3.526118040084839,0.012203328311443329,6.776917457580566,0.01719743013381958,10.00445556640625,0.015122354961931705,13.343826293945312
3254075082,0,128.2753143310547,114.4248046875,128.2521514892578,95.20435333251953,128.2479705810547,88.00932312011719,128.17152404785156,84.12405395507812,0.007669368758797646,3.522233486175537,0.012842296622693539,6.7710676193237305,0.01830534264445305,9.99394416809082,0.016719674691557884,13.324782371520996
3279075082,0,128.2989959716797,114.40939331054688,128.26976013183594,95.20103454589844,128.26539611816406,88.00665283203125,128.19052124023438,84.12285614013672,0.008332089520990849,3.5236587524414062,0.01374108623713255,6.772093772888184,0.01959497481584549,9.995677947998047,0.018573300912976265,13.326138496398926
3304075082,0,128.2827606201172,114.40196228027344,128.25802612304688,95.18602752685547,128.2523193359375,87.99174499511719,128.1777801513672,84.10752868652344,0.0078810416162014,3.5243465900421143,0.013151883147656918,6.776735305786133,0.0186468418687582,10.00536823272705,0.017353154718875885,13.343515396118164
3329075083,0,128.2871856689453,114.39786529541016,128.2478790283203,95.18386840820312,128.24249267578125,87.98971557617188,128.17025756835938,84.10335540771484,0.00800514779984951,3.5247254371643066,0.012635852210223675,6.777404308319092,0.017922908067703247,10.006688117980957,0.016624601557850838,13.34825325012207
3354075083,0,128.26837158203125,114.39419555664062,128.220947265625,95.17741394042969,128.21731567382812,87.98455810546875,128.15093994140625,84.09864044189453,0.0074813636019825935,3.5250651836395264,0.011266117915511131,6.779402732849121,0.016067231073975563,10.01004695892334,0.014744099229574203,13.353611946105957
3379075083,0,128.27146911621094,114.40531921386719,128.23965454101562,95.18563842773438,128.2369384765625,87.9917221069336,128.1659698486328,84.10627746582031,0.007565728388726711,3.524035930633545,0.012215669266879559,6.776856422424316,0.017510196194052696,10.005383491516113,0.01620202139019966,13.344934463500977
3404075084,0,128.27767944335938,114.4072265625,128.2464141845703,95.20286560058594,128.239990234375,88.00782775878906,128.16281127929688,84.12026977539062,0.007738459389656782,3.5238592624664307,0.012550896033644676,6.7715277671813965,0.017717881128191948,9.994914054870605,0.015875332057476044,13.329066276550293
3429075084,0,128.2493133544922,114.39379119873047,128.22776794433594,95.18898010253906,128.22438049316406,87.99839782714844,128.14967346191406,84.11431884765625,0.006950145587325096,3.5251028537750244,0.011608111672103405,6.775821685791016,0.016575219109654427,10.001041412353516,0.014601464383304119,13.335810661315918
3454075084,0,128.2825164794922,114.41708374023438,128.26527404785156,95.19689178466797,128.26353454589844,88.0022201538086,128.18942260742188,84.11914825439453,0.007871429435908794,3.522947311401367,0.013514987193048,6.773374557495117,0.019462917000055313,9.998557090759277,0.018471848219633102,13.330337524414062
3479075085,0,128.2913360595703,114.4052505493164,128.26219177246094,95.20475769042969,128.2549591064453,88.01007080078125,128.17623901367188,84.12438201904297,0.008119424805045128,3.5240421295166016,0.013353424146771431,6.770942687988281,0.01882036030292511,9.99345874786377,0.017178811132907867,13.324411392211914
3504075085,0,128.28970336914062,114.42130279541016,128.25938415527344,95.1947021484375,128.2532958984375,87.9952163696289,128.1763458251953,84.10896301269531,0.008070866577327251,3.522557258605957,0.013216160237789154,6.774052143096924,0.01871495135128498,10.003110885620117,0.01721111126244068,13.341887474060059
3529075086,0,128.2867431640625,114.41590881347656,128.24818420410156,95.19060516357422,128.2423858642578,87.99267578125,128.169921875,84.1055908203125,0.007989414967596531,3.5230562686920166,0.012647733092308044,6.7753190994262695,0.017911700531840324,10.00476360321045,0.016588760539889336,13.345714569091797
3554075086,0,128.27536010742188,114.40644836425781,128.22824096679688,95.1831283569336,128.22341918945312,87.98689270019531,128.153564453125,84.09957122802734,0.007673963904380798,3.5239312648773193,0.011635156348347664,6.777633190155029,0.016516081988811493,10.008526802062988,0.014999312348663807,13.352553367614746
3579075086,0,128.26341247558594,114.39364624023438,128.23406982421875,95.18115234375,128.2318572998047,87.98844909667969,128.1623992919922,84.10259246826172,0.007343214470893145,3.525116443634033,0.011933313682675362,6.778244972229004,0.017138194292783737,10.007513046264648,0.01585829071700573,13.349120140075684
3604075087,0,128.2643280029297,114.43340301513672,128.24156188964844,95.21075439453125,128.23956298828125,88.01361083984375,128.16384887695312,84.12686157226562,0.00736183300614357,3.5214385986328125,0.01229956652969122,6.769090175628662,0.017679953947663307,9.99116039276123,0.015967823565006256,13.32160472869873
3629075087,0,128.2560272216797,114.42012023925781,128.23709106445312,95.1958999633789,128.23379516601562,87.99726104736328,128.1589813232422,84.11228942871094,0.0071328794583678246,3.5226666927337646,0.012079657055437565,6.773681163787842,0.017271915450692177,10.00178050994873,0.01551209669560194,13.338112831115723
3654075087,0,128.27186584472656,114.407470703125,128.2524871826172,95.20038604736328,128.24911499023438,88.00611877441406,128.17391967773438,84.12057495117188,0.007576399948447943,3.523836612701416,0.012861593626439571,6.772294044494629,0.0183935035020113,9.996024131774902,0.01695805974304676,13.32872200012207
3679075088,0,128.2906494140625,114.41051483154297,128.26712036132812,95.20594787597656,128.26248168945312,88.00833892822266,128.18431091308594,84.12217712402344,0.008099283091723919,3.523555278778076,0.013603739440441132,6.770575046539307,0.019377753138542175,9.994583129882812,0.017968881875276566,13.32690715789795
3704075088,0,128.276611328125,114.40914916992188,128.24923706054688,95.19042205810547,128.24322509765625,87.99322509765625,128.16650390625,84.10833740234375,0.007708342745900154,3.523681402206421,0.012701488099992275,6.775375843048096,0.017973100766539574,10.004405975341797,0.016251390799880028,13.342596054077148
3729075089,0,128.28201293945312,114.40653991699219,128.25250244140625,95.18386840820312,128.24798583984375,87.98825073242188,128.17422485351562,84.10249328613281,0.007859352976083755,3.5239226818084717,0.012871534563601017,6.777404308319092,0.018330594524741173,10.00764274597168,0.017013195902109146,13.34923267364502
3754075089,0,128.2689971923828,114.38671875,128.23326110839844,95.17613983154297,128.2287139892578,87.98291778564453,128.15740966796875,84.09747314453125,0.007500126026570797,3.5257575511932373,0.011894655413925648,6.779797554016113,0.0169117022305727,10.011116027832031,0.015377557836472988,13.354938507080078
3779075089,0,128.25863647460938,114.4282455444336,128.2349090576172,95.19035339355469,128.23355102539062,87.99364471435547,128.162841796875,84.10839080810547,0.007204192690551281,3.5219151973724365,0.011971347965300083,6.775397300720215,0.017257781699299812,10.004132270812988,0.015893885865807533,13.342535972595215
3804075090,0,128.27371215820312,114.43319702148438,128.2471923828125,95.20832824707031,128.2454833984375,88.00959777832031,128.17251586914062,84.12322998046875,0.0076232291758060455,3.5214579105377197,0.01258756872266531,6.769839763641357,0.018121423199772835,9.993764877319336,0.016817497089505196,13.325715065002441
3829075090,0,128.25697326660156,114.40299987792969,128.23281860351562,95.19212341308594,128.22714233398438,87.99723815917969,128.15109252929688,84.11111450195312,0.007162126712501049,3.5242505073547363,0.011863907799124718,6.774848937988281,0.01678045280277729,10.001794815063477,0.01474380400031805,13.339446067810059
3854075090,0,128.2779541015625,114.45100402832031,128.2572784423828,95.21292114257812,128.25328063964844,88.01045227050781,128.17617797851562,84.12305450439453,0.0077381255105137825,3.519812822341919,0.013098579831421375,6.768420696258545,0.0186960157006979,9.993210792541504,0.017174741253256798,13.325913429260254
3879075091,0,128.27578735351562,114.44084167480469,128.25181579589844,95.22138214111328,128.24594116210938,88.01771545410156,128.1693878173828,84.12837219238281,0.007679642643779516,3.520751476287842,0.01281579490751028,6.765809059143066,0.01814601570367813,9.988497734069824,0.016505561769008636,13.31989574432373
3904075091,0,128.25619506835938,114.40418243408203,128.2427215576172,95.20346069335938,128.24578857421875,88.00463104248047,128.17652893066406,84.11677551269531,0.007140238303691149,3.5241410732269287,0.012362497858703136,6.77134370803833,0.01814958266913891,9.996990203857422,0.01721787266433239,13.333026885986328
3929075092,0,128.2472381591797,114.40232849121094,128.22747802734375,95.20643615722656,128.2298583984375,88.00426483154297,128.16477966308594,84.11357116699219,0.006890907883644104,3.5243124961853027,0.011584616266191006,6.7704243659973145,0.016973651945590973,9.997228622436523,0.01607614941895008,13.33665943145752
3954075092,0,128.22569274902344,114.43217468261719,128.17977905273438,95.2138671875,128.1748046875,88.00746154785156,128.10223388671875,84.11952209472656,0.00628597941249609,3.521552324295044,0.009152553044259548,6.768128871917725,0.01290569081902504,9.995152473449707,0.009969193488359451,13.329915046691895
3979075092,0,128.238525390625,114.3626708984375,128.2246856689453,95.1932373046875,128.22467041015625,87.99429321289062,128.1534881591797,84.11017608642578,0.006654292810708284,3.5279860496520996,0.011448923498392105,6.774505138397217,0.016600893810391426,10.003710746765137,0.01497873105108738,13.340509414672852
4004075093,0,128.17225646972656,114.3327407836914,128.16571044921875,95.19406127929688,128.17306518554688,87.99604034423828,128.1115264892578,84.10828399658203,0.004808945115655661,3.530763626098633,0.00844352412968874,6.77424955368042,0.012786387465894222,10.002574920654297,0.010885442607104778,13.342657089233398
4029075093,0,128.18017578125,114.42875671386719,128.1456756591797,95.23929595947266,128.15664672851562,88.02080535888672,128.1042938232422,84.1281967163086,0.005018648225814104,3.5218682289123535,0.007408233359456062,6.760285377502441,0.01155546959489584,9.986494064331055,0.01016279123723507,13.320094108581543
4054075093,0,128.20306396484375,114.3975601196289,128.1474609375,95.21856689453125,128.16171264648438,88.00419616699219,128.1190948486328,84.11166381835938,0.005660341586917639,3.5247538089752197,0.007505717221647501,6.7666778564453125,0.01194155216217041,9.997273445129395,0.011620900593698025,13.338822364807129
4079075094,0,128.21788024902344,114.41670227050781,128.16372680664062,95.21965789794922,128.18824768066406,88.00288391113281,128.1595458984375,84.10801696777344,0.006070599891245365,3.5229828357696533,0.008333253674209118,6.766341209411621,0.013902152888476849,9.998126029968262,0.015572676435112953,13.342960357666016
4104075094,0,128.23760986328125,114.34822845458984,128.18763732910156,95.19054412841797,128.216064453125,87.99085235595703,128.18882751464844,84.09998321533203,0.006631012074649334,3.5293257236480713,0.009562225081026554,6.775338172912598,0.015968436375260353,10.005949974060059,0.01844298280775547,13.35208511352539
4129075095,0,128.26365661621094,114.22432708740234,128.2042999267578,95.14590454101562,128.23724365234375,87.96226501464844,128.2160186767578,84.07197570800781,0.007379493676126003,3.540855884552002,0.010431450791656971,6.7891764640808105,0.017565103247761726,10.024585723876953,0.021147722378373146,13.383990287780762
4154075095,0,128.27761840820312,114.1336898803711,128.20994567871094,95.1258773803711,128.24383544921875,87.96527862548828,128.22299194335938,84.08634185791016,0.007786986418068409,3.5493335723876953,0.010729002766311169,6.7954020500183105,0.01804974302649498,10.022618293762207,0.021804438903927803,13.367606163024902
4179075095,0,128.2528533935547,114.19139862060547,128.20216369628906,95.14540100097656,128.23495483398438,87.9683837890625,128.2138671875,84.08740997314453,0.007082645315676928,3.543931484222412,0.010322599671781063,6.789332866668701,0.017388978973031044,10.020591735839844,0.020910361781716347,13.366390228271484
4204075096,0,128.2058563232422,114.05928802490234,128.1941375732422,95.08831787109375,128.2313995361328,87.9331283569336,128.21058654785156,84.06295776367188,0.00578432809561491,3.5563197135925293,0.009937289170920849,6.807107448577881,0.017163746058940887,10.043648719787598,0.0206313394010067,13.394294738769531
4229075096,0,128.2696533203125,114.09963989257812,128.19798278808594,95.08504486083984,128.23362731933594,87.92594909667969,128.22410583496094,84.0566177368164,0.007569688372313976,3.55252742767334,0.010135550983250141,6.808129787445068,0.017336800694465637,10.048357009887695,0.021967383101582527,13.401549339294434
4254075096,0,128.26641845703125,114.13787078857422,128.2337188720703,95.07897186279297,128.26856994628906,87.91696166992188,128.25360107421875,84.044189453125,0.007472094148397446,3.5489413738250732,0.011968174949288368,6.810025691986084,0.019941043108701706,10.054256439208984,0.02488422580063343,13.415790557861328
4279075097,0,128.3055877685547,114.23599243164062,128.25730895996094,95.12002563476562,128.29205322265625,87.93866729736328,128.27557373046875,84.05860137939453,0.008550744503736496,3.5397675037384033,0.013152770698070526,6.7972235679626465,0.021655123680830002,10.040019989013672,0.027007943019270897,13.39927864074707
4304075097,0,128.3762969970703,114.31779479980469,128.3494873046875,95.17313385009766,128.38543701171875,87.9708023071289,128.36135864257812,84.09402465820312,0.010508926585316658,3.532151699066162,0.017823675647377968,6.780728816986084,0.0285218246281147,10.019013404846191,0.03531166911125183,13.358860969543457
4329075098,0,128.37646484375,114.34504699707031,128.37574768066406,95.16822814941406,128.42022705078125,87.95440673828125,128.4000244140625,84.07696533203125,0.010506847873330116,3.529621124267578,0.01916700042784214,6.782249450683594,0.03112819977104664,10.029720306396484,0.039145272225141525,13.3782958984375
4354075098,0,128.32916259765625,114.37584686279297,128.3404541015625,95.17356872558594,128.37753295898438,87.9486083984375,128.35345458984375,84.07044982910156,0.009180000983178616,3.5267648696899414,0.01736266165971756,6.780594348907471,0.027975812554359436,10.033512115478516,0.034606751054525375,13.385732650756836
4379075098,0,128.26210021972656,114.42720031738281,128.28585815429688,95.17717742919922,128.32022094726562,87.9461669921875,128.29774475097656,84.07019805908203,0.007300853729248047,3.5220119953155518,0.014576077461242676,6.779476165771484,0.023732531815767288,10.035109519958496,0.029152804985642433,13.38602066040039
4404075099,0,128.24969482421875,114.58393859863281,128.24810791015625,95.20104217529297,128.27720642089844,87.94843292236328,128.2623748779297,84.06843566894531,0.006929698400199413,3.5075762271881104,0.012638157233595848,6.772091388702393,0.02054167538881302,10.033626556396484,0.025693420320749283,13.388033866882324
4429075099,0,128.2865447998047,114.8804931640625,128.2902069091797,95.27613067626953,128.32725524902344,87.974365234375,128.31443786621094,84.09420776367188,0.007897386327385902,3.4805519580841064,0.014734912663698196,6.748953819274902,0.024211054667830467,10.016690254211426,0.030726145952939987,13.35865306854248
4454075099,0,128.1964569091797,114.86988067626953,128.17251586914062,95.30560302734375,128.1782989501953,87.99757385253906,128.1383056640625,84.10941314697266,0.005415837746113539,3.4815127849578857,0.008748212829232216,6.739913463592529,0.013171806000173092,10.001577377319336,0.013497941195964813,13.341376304626465
4479075100,0,128.13795471191406,114.85802459716797,128.11007690429688,95.3087387084961,128.10800170898438,88.00483703613281,128.06236267089844,84.11811828613281,0.003804126987233758,3.48258638381958,0.005581206176429987,6.738953113555908,0.007974987849593163,9.996857643127441,0.006081912666559219,13.331504821777344
4504075100,0,128.06283569335938,114.74593353271484,128.02182006835938,95.27275085449219,128.0247344970703,87.9793701171875,127.98563385009766,84.09656524658203,0.0017372497823089361,3.492767810821533,0.0011080491822212934,6.749992370605469,0.0018293384928256273,10.013426780700684,-0.0014035535277798772,13.355971336364746
4529075101,0,128.03848266601562,114.56416320800781,128.02163696289062,95.22964477539062,128.03329467773438,87.96903991699219,127.99433135986328,84.08592987060547,0.0010684930020943284,3.5093917846679688,0.0011007897555828094,6.763260364532471,0.0024640336632728577,10.020162582397461,-0.0005543059087358415,13.36807632446289
4554075101,0,128.12168884277344,115.03062438964844,128.0664520263672,95.29637145996094,128.08876037597656,87.97749328613281,128.06668090820312,84.10540771484375,0.0033421332482248545,3.467013120651245,0.003371091792359948,6.742742538452148,0.006565399002283812,10.014650344848633,0.006509875878691673,13.345922470092773
4579075101,0,128.12643432617188,115.04080200195312,128.04486083984375,95.30348205566406,128.06883239746094,87.99050903320312,128.05577087402344,84.11637878417969,0.003471644828096032,3.4660987854003906,0.0022750829812139273,6.740563869476318,0.005087228491902351,10.006173133850098,0.005439829081296921,13.333476066589355
4604075102,0,128.1326446533203,114.8404769897461,127.99980926513672,95.25038146972656,128.00318908691406,87.97711181640625,127.9737548828125,84.10286712646484,0.0036591996904462576,3.4841768741607666,-9.695063454273622e-06,6.756871700286865,0.00023589498596265912,10.014898300170898,-0.0025627771392464638,13.348807334899902
4629075102,0,128.10989379882812,114.7874755859375,127.9347152709961,95.2236557006836,127.91590881347656,87.97213745117188,127.86797332763672,84.09785461425781,0.0030353388283401728,3.4889883995056152,-0.0033222450874745846,6.76510763168335,-0.006222115829586983,10.018141746520996,-0.012897452339529991,13.354504585266113
4654075102,0,128.08457946777344,114.66190338134766,127.92970275878906,95.18216705322266,127.92701721191406,87.95201110839844,127.88487243652344,84.07013702392578,0.002343016443774104,3.5004351139068604,-0.003583726705983281,6.777930736541748,-0.005406991112977266,10.03128719329834,-0.011272435076534748,13.386090278625488
4679075103,0,128.0229034423828,114.59619903564453,127.88819885253906,95.1431655883789,127.8943862915039,87.92820739746094,127.86566162109375,84.04551696777344,0.000635448785033077,3.5064516067504883,-0.005709185265004635,6.790027141571045,-0.00783617328852415,10.046875953674316,-0.013180299662053585,13.414267539978027
4704075103,0,128.1210479736328,114.69560241699219,127.90579223632812,95.21018981933594,127.90768432617188,87.99179077148438,127.8829345703125,84.10832977294922,0.0033506187610328197,3.497356653213501,-0.004796877969056368,6.7692646980285645,-0.0068222712725400925,10.005338668823242,-0.01142602227628231,13.342604637145996
4729075103,0,128.14208984375,114.56211853027344,127.92947387695312,95.16165161132812,127.94625854492188,87.96748352050781,127.94499206542969,84.09382629394531,0.003945394419133663,3.5095794200897217,-0.003598579904064536,6.7842888832092285,-0.003977622836828232,10.02117919921875,-0.005375418812036514,13.359086990356445
4754075104,0,128.21180725097656,114.70996856689453,127.91470336914062,95.23828887939453,127.9106216430664,88.03255462646484,127.89952087402344,84.15507507324219,0.005860872101038694,3.4960458278656006,-0.004337888676673174,6.760595798492432,-0.006588404532521963,9.9788818359375,-0.009769422002136707,13.289754867553711
4779075104,0,128.24722290039062,114.80074310302734,127.9184799194336,95.25838470458984,127.89299011230469,88.04421997070312,127.85684967041016,84.17076110839844,0.006826342083513737,3.4877827167510986,-0.004142243880778551,6.754408836364746,-0.007882353849709034,9.971336364746094,-0.0139003349468112,13.272110939025879
4804075105,0,128.42210388183594,114.6583480834961,128.05093383789062,95.31947326660156,128.03526306152344,88.13761138916016,128.0116424560547,84.26689147949219,0.011694077402353287,3.500760316848755,0.0025812990497797728,6.735666751861572,0.0025824469048529863,9.911314964294434,0.0011216587154194713,13.164968490600586
4829075105,0,128.42526245117188,114.66676330566406,128.07989501953125,95.35107421875,128.07101440429688,88.16495513916016,128.055419921875,84.2884292602539,0.011779260821640491,3.4999911785125732,0.004043556284159422,6.726009845733643,0.0051918551325798035,9.89387321472168,0.005329913459718227,13.141193389892578
4854075105,0,128.3981170654297,114.83708190917969,128.1139678955078,95.41928100585938,128.12533569335938,88.21121978759766,128.12510681152344,84.32013702392578,0.010983520187437534,3.4844846725463867,0.005751214921474457,6.70525598526001,0.009137128479778767,9.864496231079102,0.012000962160527706,13.106343269348145
4879075106,0,128.3694305419922,114.57286071777344,128.14340209960938,95.26387786865234,128.17596435546875,88.09660339355469,128.19407653808594,84.22528839111328,0.010255352593958378,3.5085928440093994,0.007284907624125481,6.752719879150391,0.01291936356574297,9.93758487701416,0.018761370331048965,13.211130142211914
4904075106,0,128.37515258789062,114.60519409179688,128.1693878173828,95.25284576416016,128.208251953125,88.10604858398438,128.2261962890625,84.24735260009766,0.010406292043626308,3.505626678466797,0.008609078824520111,6.756113052368164,0.015280963853001595,9.931522369384766,0.02182699367403984,13.186610221862793
4929075106,0,128.24205017089844,114.42779541015625,128.1289520263672,95.16364288330078,128.16029357910156,88.03411865234375,128.16087341308594,84.16999816894531,0.006742261350154877,3.5219571590423584,0.006579183042049408,6.7836713790893555,0.011814671568572521,9.977869987487793,0.015622279606759548,13.272968292236328
4954075107,0,128.13877868652344,114.57342529296875,128.02882385253906,95.21378326416016,128.0481719970703,88.07167053222656,128.04258728027344,84.2055892944336,0.0038524302653968334,3.5085411071777344,0.0014674279373139143,6.768155097961426,0.003542291233316064,9.953621864318848,0.004123555030673742,13.233098030090332
4979075107,0,128.13487243652344,114.65975952148438,128.04440307617188,95.24335479736328,128.06707763671875,88.10014343261719,128.06842041015625,84.2380142211914,0.0037364179734140635,3.500631093978882,0.0022576928604394197,6.759035110473633,0.004923779983073473,9.935311317443848,0.006607320159673691,13.196976661682129
5004075108,0,128.1700439453125,115.0283203125,128.1395263671875,95.36033630371094,128.14808654785156,88.16960906982422,128.1298065185547,84.30054473876953,0.0046704355627298355,3.4672200679779053,0.007058750372380018,6.723184585571289,0.010823476128280163,9.890911102294922,0.012471618130803108,13.127856254577637
5029075108,0,128.2567901611328,114.8529052734375,128.2325897216797,95.33078002929688,128.22076416015625,88.1312026977539,128.18234252929688,84.2453384399414,0.007081883493810892,3.483050584793091,0.01178180705755949,6.732208728790283,0.016173813492059708,9.915411949157715,0.01759818196296692,13.188843727111816
5054075108,0,128.26051330566406,114.94912719726562,128.32740783691406,95.43710327148438,128.3271484375,88.23319244384766,128.29380798339844,84.35445404052734,0.007168465759605169,3.474350929260254,0.01650957018136978,6.69985294342041,0.023817244917154312,9.850602149963379,0.028105460107326508,13.068826675415039
5079075109,0,128.37362670898438,114.75516510009766,128.38772583007812,95.37364196777344,128.37001037597656,88.2145004272461,128.3263397216797,84.35124969482422,0.010327613912522793,3.4919273853302,0.019604194909334183,6.719130039215088,0.026968760415911674,9.862419128417969,0.031225521117448807,13.072320938110352
5104075109,0,128.19261169433594,115.24427795410156,128.33450317382812,95.4955062866211,128.32833862304688,88.25420379638672,128.27139282226562,84.35962677001953,0.00526386359706521,3.4479076862335205,0.016825426369905472,6.682204723358154,0.023872995749115944,9.83735179901123,0.025950375944375992,13.063189506530762
5129075109,0,128.2075653076172,115.20637512207031,128.25613403320312,95.50578308105469,128.25611877441406,88.26089477539062,128.2201385498047,84.36223602294922,0.005677505861967802,3.4512834548950195,0.012877845205366611,6.679108619689941,0.01861433871090412,9.833139419555664,0.021045036613941193,13.060347557067871
5154075110,0,128.17007446289062,114.99827575683594,128.18780517578125,95.4201889038086,128.18234252929688,88.2024917602539,128.13967895507812,84.32435607910156,0.004674538504332304,3.4699225425720215,0.00947693269699812,6.704980850219727,0.013300159014761448,9.870025634765625,0.013394217938184738,13.10171890258789
5179075110,0,128.17408752441406,115.01011657714844,128.1744384765625,95.34312438964844,128.1615753173828,88.11819458007812,128.1155242919922,84.25346374511719,0.004783520475029945,3.4688568115234375,0.008831488899886608,6.7284369468688965,0.011847023852169514,9.923736572265625,0.011142049916088581,13.17983341217041
5204075111,0,128.24598693847656,115.1505355834961,128.1861572265625,95.33708190917969,128.17172241210938,88.06364440917969,128.12713623046875,84.1845703125,0.006737153977155685,3.4562668800354004,0.009427228011190891,6.730282783508301,0.012633786536753178,9.958794593811035,0.012331326492130756,13.256616592407227
5229075111,0,128.28469848632812,115.24847412109375,128.18893432617188,95.3829116821289,128.16403198242188,88.09114074707031,128.1217041015625,84.22358703613281,0.007779738400131464,3.4475343227386475,0.009549110196530819,6.716307640075684,0.012047371827065945,9.941093444824219,0.0117667680606246,13.213025093078613
5254075111,0,128.3246307373047,115.00536346435547,128.2834930419922,95.30801391601562,128.26480102539062,88.04812622070312,128.21868896484375,84.18495178222656,0.008921083994209766,3.4692845344543457,0.01437433622777462,6.739175319671631,0.01950051076710224,9.968811988830566,0.02121063508093357,13.25618839263916
5279075112,0,128.29193115234375,114.96481323242188,128.2345428466797,95.30093383789062,128.20042419433594,88.04106140136719,128.1366729736328,84.1823959350586,0.008030048571527004,3.4729363918304443,0.01189595926553011,6.741343975067139,0.014766164124011993,9.97337818145752,0.01325868908315897,13.259054183959961
5304075112,0,128.2564697265625,114.93994903564453,128.2025604248047,95.2946548461914,128.1823272705078,88.01325988769531,128.13092041015625,84.14310455322266,0.0070587084628641605,3.4751791954040527,0.01027658861130476,6.743269443511963,0.013456203043460846,9.991388320922852,0.012741724960505962,13.30324935913086
5329075112,0,128.1233673095703,114.601318359375,128.1132049560547,95.20633697509766,128.1038055419922,87.98604583740234,128.0589599609375,84.12519073486328,0.003422376001253724,3.5059823989868164,0.005765134934335947,6.7704548835754395,0.007674147374927998,10.009078025817871,0.005746709182858467,13.323494911193848
5354075113,0,128.16099548339844,114.99272918701172,128.16592407226562,95.35133361816406,128.15196228027344,88.05531311035156,128.08868408203125,84.18067932128906,0.004425571300089359,3.47042179107666,0.008397468365728855,6.725931167602539,0.011185815557837486,9.964170455932617,0.008604482747614384,13.260977745056152
5379075113,0,128.12034606933594,115.00289916992188,128.09780883789062,95.34175109863281,128.0830078125,88.04481506347656,128.02528381347656,84.17019653320312,0.0033073853701353073,3.46950626373291,0.004952167626470327,6.728856563568115,0.0061141327023506165,9.970951080322266,0.0024552494287490845,13.272745132446289
5404075114,0,128.16705322265625,115.13548278808594,128.10745239257812,95.37834930419922,128.08985900878906,88.04641723632812,128.03211975097656,84.1609878540039,0.004576893523335457,3.4576127529144287,0.005431914236396551,6.717696666717529,0.006618113722652197,9.969916343688965,0.003121432615444064,13.283099174499512
5429075114,0,128.1389923095703,115.20710754394531,128.04403686523438,95.37948608398438,128.0114288330078,88.03585052490234,127.94266510009766,84.15103912353516,0.003801773302257061,3.4512178897857666,0.0022260353434830904,6.717350006103516,0.0008422878454439342,9.976749420166016,-0.005576430354267359,13.294301986694336
5454075114,0,128.10501098632812,115.0479736328125,128.02708435058594,95.34075927734375,127.99640655517578,88.03961944580078,127.92897033691406,84.17555236816406,0.002882920438423753,3.465454578399658,0.0013713683001697063,6.729159832000732,-0.00026476927450858057,9.974310874938965,-0.0068944827653467655,13.266730308532715
5479075115,0,128.0469970703125,115.35990142822266,127.95538330078125,95.41047668457031,127.91943359375,88.0481948852539,127.85306549072266,84.1758041381836,0.0012809529434889555,3.4376468658447266,-0.0022523601073771715,6.707928657531738,-0.005933055654168129,9.968767166137695,-0.014261879958212376,13.266448020935059
5504075115,0,127.91670989990234,115.71640014648438,127.8151626586914,95.53319549560547,127.76699829101562,88.09208679199219,127.69268798828125,84.21284484863281,-0.0022516436874866486,3.4063518047332764,-0.00928238220512867,6.670862674713135,-0.017111865803599358,9.940485954284668,-0.029738107696175575,13.224998474121094
5529075115,0,127.84723663330078,115.60565185546875,127.75320434570312,95.50592041015625,127.71559143066406,88.08560180664062,127.65670776367188,84.20367431640625,-0.00414025504142046,3.4160189628601074,-0.012408259324729443,6.679067134857178,-0.020895658060908318,9.944655418395996,-0.033244822174310684,13.235238075256348
5554075116,0,127.74412536621094,115.58746337890625,127.60502624511719,95.52542877197266,127.54828643798828,88.09707641601562,127.48564147949219,84.21405792236328,-0.0069377124309539795,3.4176113605499268,-0.019841810688376427,6.673196792602539,-0.03316399082541466,9.937280654907227,-0.049768734723329544,13.22364616394043
5579075116,0,127.81871795654297,115.26602935791016,127.61852264404297,95.39957427978516,127.53540802001953,88.01204681396484,127.46013641357422,84.12922668457031,-0.004951746203005314,3.4459731578826904,-0.0192668829113245,6.711239814758301,-0.03429063409566879,9.992176055908203,-0.05260191857814789,13.318928718566895
5604075117,0,127.74278259277344,115.14314270019531,127.49166107177734,95.36935424804688,127.38548278808594,87.9901123046875,127.30787658691406,84.09799194335938,-0.007045944686979055,3.45692777633667,-0.025707349181175232,6.720436096191406,-0.04541854187846184,10.006430625915527,-0.06761154532432556,13.354348182678223
5629075117,0,127.85179138183594,114.92953491210938,127.6214370727539,95.26526641845703,127.53306579589844,87.92454528808594,127.45667266845703,84.04183959960938,-0.0040800729766488075,3.47611927986145,-0.019230062142014503,6.752292633056641,-0.03465287759900093,10.049277305603027,-0.05332358554005623,13.418486595153809
5654075117,0,127.83790588378906,115.19969177246094,127.56257629394531,95.35198974609375,127.4865493774414,87.96037292480469,127.43089294433594,84.0693130493164,-0.004434424452483654,3.4518790245056152,-0.02213752642273903,6.725730895996094,-0.038019489496946335,10.025821685791016,-0.055726539343595505,13.387031555175781
5679075118,0,127.78620910644531,115.31097412109375,127.55974578857422,95.33983612060547,127.5062255859375,87.9535903930664,127.4623794555664,84.07592010498047,-0.005833670496940613,3.4419822692871094,-0.022292375564575195,6.729441165924072,-0.03657807037234306,10.030254364013672,-0.05261459946632385,13.379487991333008
5704075118,0,127.70416259765625,115.39817810058594,127.46350860595703,95.36937713623047,127.38839721679688,87.9805679321289,127.33372497558594,84.0870361328125,-0.008056237362325191,3.434262275695801,-0.027131028473377228,6.720428943634033,-0.04523013159632683,10.012645721435547,-0.06514549255371094,13.366815567016602
5729075118,0,127.65253448486328,115.53016662597656,127.49000549316406,95.4444580078125,127.43286895751953,88.03506469726562,127.39688110351562,84.13199615478516,-0.009433481842279434,3.4226362705230713,-0.025708453729748726,6.697626113891602,-0.041798755526542664,9.97725772857666,-0.05875181779265404,13.315796852111816
5754075119,0,127.63803100585938,115.91520690917969,127.52754211425781,95.6378402709961,127.47830963134766,88.16069793701172,127.44429016113281,84.22352600097656,-0.009741079993546009,3.389120101928711,-0.023621415719389915,6.639559745788574,-0.03815077617764473,9.896585464477539,-0.05372818931937218,13.213092803955078
5779075119,0,127.7848129272461,115.66483306884766,127.71173858642578,95.57734680175781,127.68697357177734,88.1585693359375,127.65230560302734,84.23216247558594,-0.005824182648211718,3.410846710205078,-0.014449147507548332,6.657621383666992,-0.022894373163580894,9.897941589355469,-0.03359271585941315,13.203482627868652
5804075120,0,127.88630676269531,115.46646881103516,127.89392852783203,95.53201293945312,127.90762329101562,88.15104675292969,127.87591552734375,84.23087310791016,-0.003091227263212204,3.4282381534576416,-0.0053270915523171425,6.671217918395996,-0.006759466603398323,9.902737617492676,-0.011989763006567955,13.204915046691895
5829075120,0,127.82868194580078,115.98825073242188,127.92158508300781,95.7857437133789,127.95851135253906,88.3278579711914,127.93148803710938,84.36194610595703,-0.0046027470380067825,3.3828282356262207,-0.0038961225654929876,6.595787048339844,-0.0030029681511223316,9.791171073913574,-0.006549832411110401,13.060663223266602
5854075120,0,127.84040069580078,116.2435073852539,127.97116088867188,95.90705871582031,128.01760864257812,88.39411926269531,127.9932632446289,84.41202545166016,-0.004263164475560188,3.3610033988952637,-0.001425628550350666,6.560286998748779,0.00126937055028975,9.749980926513672,-0.0006414439994841814,13.006352424621582
5879075121,0,127.8524169921875,115.99774932861328,127.98471069335938,95.82167053222656,128.0277557373047,88.35816955566406,127.996826171875,84.38898468017578,-0.003964208997786045,3.3820114135742188,-0.0007585185230709612,6.585235595703125,0.0020052508916705847,9.772287368774414,-0.00030275987228378654,13.031286239624023
5904075121,0,127.93260955810547,115.83067321777344,128.02081298828125,95.72184753417969,128.03749084472656,88.30331420898438,127.97713470458984,84.35597229003906,-0.0018170663388445973,3.396427869796753,0.0010368992807343602,6.614630222320557,0.002717690309509635,9.806513786315918,-0.002187008736655116,13.067171096801758
5929075121,0,128.1068878173828,116.39077758789062,128.08242797851562,96.10735321044922,128.08714294433594,88.59716033935547,128.0100860595703,84.60552978515625,0.002845680108293891,3.3485260009765625,0.004040878266096115,6.502457618713379,0.006205103825777769,9.625811576843262,0.0009456078987568617,12.800556182861328
5954075122,0,128.25413513183594,117.44173431396484,128.24046325683594,96.79083251953125,128.2274627685547,89.097900390625,128.11785888671875,85.0176773071289,0.006609375588595867,3.261831760406494,0.01146326307207346,6.312158107757568,0.015722377225756645,9.332189559936523,0.010699894279241562,12.38261890411377
5979075122,0,128.22459411621094,117.29579162597656,128.333984375,96.64328002929688,128.31326293945312,88.9758529663086,128.18527221679688,84.90946197509766,0.0058599128387868404,3.273630142211914,0.016016893088817596,6.352347373962402,0.02180861309170723,9.402158737182617,0.016961051151156425,12.48976993560791
6004075122,0,128.30064392089844,117.66151428222656,128.3639373779297,96.82826232910156,128.3110809326172,89.11506652832031,128.15133666992188,85.02934265136719,0.007781310938298702,3.244206666946411,0.017323313280940056,6.30203914642334,0.021480552852153778,9.322427749633789,0.013726895675063133,12.371174812316895
6029075123,0,128.31268310546875,117.06977081298828,128.34193420410156,96.66046142578125,128.27792358398438,89.05326080322266,128.10801696777344,85.01383972167969,0.008199166506528854,3.29205322265625,0.016386719420552254,6.3476433753967285,0.019260548055171967,9.357665061950684,0.0098092807456851,12.386387825012207
6054075123,0,128.31976318359375,116.81687927246094,128.18690490722656,96.44010162353516,128.13497924804688,88.84745025634766,127.99354553222656,84.81555938720703,0.008432134054601192,3.3128864765167236,0.009037916548550129,6.408482074737549,0.009468549862504005,9.476865768432617,-0.0005952144856564701,12.584216117858887
6079075124,0,128.33151245117188,117.31329345703125,128.2387237548828,96.7686767578125,128.17584228515625,89.09024047851562,128.02037048339844,85.02943420410156,0.008646191097795963,3.2722113132476807,0.01139051839709282,6.318162441253662,0.012159781530499458,9.33655071258545,0.0018476785626262426,12.371084213256836
6104075124,0,128.23106384277344,116.30622863769531,128.11219787597656,96.19979095458984,128.01812744140625,88.70915985107422,127.84393310546875,84.7533950805664,0.006163364741951227,3.355679512023926,0.005479282233864069,6.4760918617248535,0.0012821314157918096,9.558609962463379,-0.014462240971624851,12.647505760192871
6129075124,0,128.1945037841797,115.66194915771484,128.10391235351562,95.85293579101562,128.00192260742188,88.45870971679688,127.82289123535156,84.53575134277344,0.00526472320780158,3.4110984802246094,0.0051484438590705395,6.576079845428467,0.00013805287017021328,9.710147857666016,-0.016697071492671967,12.874034881591797
6154075125,0,128.11355590820312,115.28837585449219,128.0784149169922,95.56791687011719,127.98363494873047,88.21161651611328,127.81038665771484,84.31925964355469,0.0031001956667751074,3.4439878463745117,0.003932132385671139,6.660445690155029,-0.001193003379739821,9.86424446105957,-0.01819009520113468,13.107305526733398
6179075125,0,128.03143310546875,115.20132446289062,127.98596954345703,95.49766540527344,127.894775390625,88.14341735839844,127.73895263671875,84.25811004638672,0.0008598859421908855,3.451733350753784,-0.0007056635804474354,6.681553840637207,-0.007703223265707493,9.907607078552246,-0.02516786754131317,13.17468547821045
6204075125,0,127.96591186523438,115.67776489257812,127.92337036132812,95.66952514648438,127.84306335449219,88.23777770996094,127.70053100585938,84.33059692382812,-0.0009223452070727944,3.4097185134887695,-0.0038261134177446365,6.630136013031006,-0.011422164738178253,9.847707748413086,-0.02870241366326809,13.094886779785156
6229075126,0,127.90850067138672,115.95977783203125,127.86398315429688,95.81040954589844,127.77983856201172,88.30744934082031,127.63743591308594,84.37571716308594,-0.002459875075146556,3.3852782249450684,-0.006751129869371653,6.5885396003723145,-0.015955332666635513,9.803925514221191,-0.034623030573129654,13.045685768127441
6254075126,0,127.90771484375,116.02078247070312,127.85395812988281,95.90545654296875,127.77044677734375,88.40472412109375,127.62764739990234,84.46133422851562,-0.0024775632191449404,3.380032539367676,-0.007219896651804447,6.560753345489502,-0.016537318006157875,9.743419647216797,-0.035313479602336884,12.9533052444458
6279075127,0,127.93690490722656,116.22496032714844,127.90636444091797,95.9788818359375,127.81990814208984,88.45246887207031,127.66064453125,84.50228118896484,-0.0016860822215676308,3.3625807762145996,-0.0046149021945893764,6.5394392013549805,-0.012936405837535858,9.713983535766602,-0.032078661024570465,12.909570693969727
6304075127,0,128.01174926757812,116.12659454345703,127.95233917236328,95.88592529296875,127.86459350585938,88.39270782470703,127.70589447021484,84.44725036621094,0.00031467413646169007,3.3709685802459717,-0.0023581432178616524,6.566445350646973,-0.00976201519370079,9.750855445861816,-0.027924178168177605,12.968414306640625
6329075127,0,127.89726257324219,116.47730255126953,127.86543273925781,96.0607681274414,127.78858947753906,88.49349975585938,127.64083099365234,84.52014923095703,-0.0027298633940517902,3.341233968734741,-0.006609681993722916,6.515821933746338,-0.015148318372666836,9.688822746276855,-0.03390314429998398,12.890576362609863
6354075128,0,127.80455780029297,116.49531555175781,127.798583984375,95.99371337890625,127.72247314453125,88.3958511352539,127.59374237060547,84.42171478271484,-0.005191043484956026,3.339719295501709,-0.009920811280608177,6.535149574279785,-0.02000422216951847,9.748908996582031,-0.038651879876852036,12.995896339416504
6379075128,0,127.71967315673828,116.65473175048828,127.73137664794922,96.03025817871094,127.6605224609375,88.39543151855469,127.54349517822266,84.42032623291016,-0.007419041823595762,3.3263683319091797,-0.013211009092628956,6.524602890014648,-0.024470271542668343,9.749168395996094,-0.04343732073903084,12.997394561767578
6404075128,0,127.55964660644531,116.5816879272461,127.57447052001953,95.90959930419922,127.49610900878906,88.29621124267578,127.38682556152344,84.33804321289062,-0.011673349887132645,3.3324739933013916,-0.021033328026533127,6.559547424316406,-0.03654269874095917,9.810962677001953,-0.05873383954167366,13.08674144744873
6429075129,0,127.404296875,116.89533996582031,127.392822265625,96.02389526367188,127.2884292602539,88.34278869628906,127.17261505126953,84.37115478515625,-0.015681199729442596,3.3063979148864746,-0.029869163408875465,6.526436805725098,-0.05145677179098129,9.7818603515625,-0.07904019951820374,13.050643920898438
6454075129,0,127.41344451904297,117.19723510742188,127.43492889404297,96.25432586669922,127.31969451904297,88.50194549560547,127.18109893798828,84.48676300048828,-0.01533726416528225,3.2816410064697266,-0.027533696964383125,6.460631370544434,-0.04872136563062668,9.683659553527832,-0.0775054469704628,12.926112174987793
6479075130,0,127.64713287353516,116.7068862915039,127.6995620727539,95.99266052246094,127.64810180664062,88.36428833007812,127.56851196289062,84.39939880371094,-0.009327976033091545,3.322021484375,-0.014798816293478012,6.535453796386719,-0.02541385404765606,9.76848316192627,-0.04112621769309044,13.020005226135254
6504075130,0,127.66990661621094,116.66292572021484,127.65108489990234,95.9756851196289,127.61006927490234,88.34882354736328,127.55043029785156,84.38615417480469,-0.008734545670449734,3.3256850242614746,-0.017198849469423294,6.540364742279053,-0.02818717621266842,9.778101921081543,-0.042895447462797165,13.034355163574219
6529075130,0,127.506103515625,117.02259063720703,127.46162414550781,96.32676696777344,127.41548156738281,88.6822509765625,127.3644027709961,84.66366577148438,-0.012964509427547455,3.295922040939331,-0.02615482546389103,6.440201759338379,-0.04140894487500191,9.57467269897461,-0.059316180646419525,12.739954948425293
6554075131,0,127.36405181884766,117.09049987792969,127.2142333984375,96.38333892822266,127.1259536743164,88.7409896850586,127.07809448242188,84.7060317993164,-0.01666814647614956,3.290355682373047,-0.038084741681814194,6.424331188201904,-0.0617026723921299,9.53967571258545,-0.08574862033128738,12.696142196655273
6579075131,0,127.525390625,116.24662780761719,127.27336883544922,96.09680938720703,127.17186737060547,88.59656524658203,127.12067413330078,84.6162338256836,-0.012676717713475227,3.360738515853882,-0.035637326538562775,6.5054779052734375,-0.05897016078233719,9.626171112060547,-0.0823703184723854,12.789356231689453
6604075131,0,127.72201538085938,115.20018005371094,127.45421600341797,95.42402648925781,127.34634399414062,88.07292175292969,127.29859924316406,84.16473388671875,-0.007604765705764294,3.4518356323242188,-0.027536574751138687,6.703816890716553,-0.04806235805153847,9.952816009521484,-0.06814190745353699,13.278885841369629
6629075132,0,127.81171417236328,115.15467834472656,127.59587860107422,95.37025451660156,127.49375915527344,88.01695251464844,127.42706298828125,84.1267318725586,-0.005156326107680798,3.4558968544006348,-0.020436149090528488,6.7201619148254395,-0.037353210151195526,9.988992691040039,-0.05583592876791954,13.32175064086914
6654075132,0,127.79476165771484,115.29273986816406,127.62474060058594,95.41928100585938,127.52696228027344,88.03526306152344,127.4478530883789,84.1427001953125,-0.005602657329291105,3.4436004161834717,-0.018936889246106148,6.70525598526001,-0.03486344590783119,9.977128982543945,-0.05373905971646309,13.303707122802734
6679075133,0,127.7510986328125,115.3357925415039,127.5793228149414,95.40777587890625,127.51202392578125,88.02234649658203,127.45608520507812,84.11690521240234,-0.006787833292037249,3.439781904220581,-0.02123926393687725,6.7087483406066895,-0.03599341958761215,9.985495567321777,-0.05305054038763046,13.332879066467285
6704075133,0,127.84074401855469,115.12483978271484,127.61398315429688,95.31246948242188,127.54421997070312,87.96339416503906,127.4906005859375,84.06395721435547,-0.004364343360066414,3.4585649967193604,-0.019569000229239464,6.7378106117248535,-0.03374277055263519,10.023848533630371,-0.04990215227007866,13.393152236938477
6729075133,0,128.04864501953125,114.86480712890625,127.8623046875,95.26246643066406,127.79830932617188,87.96245574951172,127.73030090332031,84.07699584960938,0.001341183320619166,3.4819722175598145,-0.0069954246282577515,6.7531538009643555,-0.014932644553482533,10.024460792541504,-0.026391934603452682,13.378260612487793
6754075134,0,128.2272491455078,114.69957733154297,128.0836639404297,95.2236328125,128.01805114746094,87.95227813720703,127.93490600585938,84.06847381591797,0.00628969119861722,3.4969940185546875,0.004257540218532085,6.7651143074035645,0.0013373119290918112,10.031111717224121,-0.006374398712068796,13.387990951538086
6779075134,0,128.3022918701172,115.49629211425781,128.12161254882812,95.57072448730469,128.05616760253906,88.162841796875,127.96307373046875,84.23540496826172,0.008213436231017113,3.4256131649017334,0.006097560282796621,6.659604549407959,0.004106943961232901,9.895218849182129,-0.0035667093470692635,13.19987678527832
6804075134,0,128.20164489746094,115.68070983886719,128.1021728515625,95.64176940917969,128.04043579101562,88.22380065917969,127.93928527832031,84.29732513427734,0.005455671343952417,3.409461736679077,0.00510747404769063,6.638390064239502,0.0029455337207764387,9.856535911560059,-0.0058349077589809895,13.13139820098877
6829075135,0,128.04786682128906,116.01985168457031,127.96414947509766,95.75466918945312,127.87861633300781,88.27529907226562,127.7375259399414,84.33172607421875,0.0012850991915911436,3.380112409591675,-0.0017835989128798246,6.604938507080078,-0.008814179338514805,9.824082374572754,-0.0251543540507555,13.093650817871094
6854075135,0,128.12791442871094,116.29936218261719,128.0343475341797,95.91546630859375,127.94633483886719,88.42447662353516,127.79989624023438,84.44989013671875,0.003412500722333789,3.356261730194092,0.0016973341116681695,6.557839870452881,-0.0038614601362496614,9.731221199035645,-0.018995048478245735,12.965579986572266
6879075136,0,128.14524841308594,115.42156219482422,128.04434204101562,95.57470703125,127.94942474365234,88.2413558959961,127.79410552978516,84.31228637695312,0.003953271079808474,3.432197332382202,0.0022229005116969347,6.658411979675293,-0.0036801579408347607,9.845450401306152,-0.019763169810175896,13.114954948425293
6904075136,0,128.14744567871094,115.25530242919922,127.96477508544922,95.4859390258789,127.89417266845703,88.18675994873047,127.75406646728516,84.26463317871094,0.004028500057756901,3.446927070617676,-0.0017725261859595776,6.685090065002441,-0.007726602256298065,9.880006790161133,-0.023698117583990097,13.16746711730957
6929075136,0,128.30105590820312,115.49250793457031,128.07835388183594,95.60575866699219,128.04684448242188,88.27992248535156,127.95509338378906,84.33956909179688,0.008180566132068634,3.425945997238159,0.0039227730594575405,6.649127006530762,0.0034006095957010984,9.821179389953613,-0.004300916101783514,13.085073471069336
6954075137,0,128.3077392578125,115.74776458740234,128.1483154296875,95.77333068847656,128.1182098388672,88.43395233154297,128.0192108154297,84.4801025390625,0.008313381113111973,3.403622627258301,0.007373045198619366,6.5994391441345215,0.008500847965478897,9.725379943847656,0.001819190918467939,12.933223724365234
6979075137,0,128.28244018554688,116.19925689697266,128.10108947753906,96.3316879272461,128.05821228027344,89.08131408691406,127.96550750732422,85.1374740600586,0.007552003487944603,3.3647689819335938,0.004910032264888287,6.438817977905273,0.0040275780484080315,9.341639518737793,-0.00310286832973361,12.266057014465332
7004075137,0,128.330078125,116.0588150024414,128.04208374023438,96.39511108398438,127.97797393798828,89.18241119384766,127.86705780029297,85.266845703125,0.008853898383677006,3.3767693042755127,0.002038741484284401,6.421038627624512,-0.0015149677637964487,9.284321784973145,-0.011842567473649979,12.142544746398926
7029075138,0,128.3189697265625,115.29856872558594,128.03982543945312,95.78787994384766,127.95513916015625,88.58656311035156,127.82899475097656,84.69615936279297,0.00870615802705288,3.443082809448242,0.0019785885233432055,6.595158576965332,-0.00319640408270061,9.632217407226562,-0.01591797173023224,12.70632553100586
7054075138,0,128.2764434814453,115.48561096191406,127.9236831665039,95.8988037109375,127.8470230102539,88.65994262695312,127.74317169189453,84.74423217773438,0.007512966170907021,3.4265530109405518,-0.003773938398808241,6.5626912117004395,-0.010851836763322353,9.588029861450195,-0.023816606029868126,12.65688705444336
7079075139,0,128.402587890625,115.70404815673828,127.94561767578125,96.04290771484375,127.8664779663086,88.82528686523438,127.76017761230469,84.94466400146484,0.010886535979807377,3.4074275493621826,-0.002673138165846467,6.520959377288818,-0.009378666989505291,9.489875793457031,-0.021895233541727066,12.454717636108398
7104075139,0,128.2259979248047,115.1193618774414,127.94825744628906,95.61963653564453,127.88557434082031,88.43939208984375,127.77548217773438,84.5886001586914,0.006194164976477623,3.459054946899414,-0.0025889596436172724,6.644985198974609,-0.008225993253290653,9.722028732299805,-0.02107773907482624,12.81830883026123
7129075139,0,128.297607421875,115.13534545898438,128.0068817138672,95.5558090209961,127.93162536621094,88.35601806640625,127.79820251464844,84.51612854003906,0.008153820410370827,3.457625150680542,0.00034526234958320856,6.664074420928955,-0.00494046788662672,9.773625373840332,-0.01905444823205471,12.894845962524414
7154075140,0,128.18496704101562,115.92147827148438,127.83670806884766,95.90902709960938,127.74341583251953,88.56478118896484,127.59752655029297,84.69169616699219,0.00497700460255146,3.3885788917541504,-0.008071484975516796,6.559713840484619,-0.018306056037545204,9.645408630371094,-0.037477292120456696,12.71093463897705
7179075140,0,128.05763244628906,116.00521850585938,127.72942352294922,95.862060546875,127.65846252441406,88.48162078857422,127.55077362060547,84.58543395996094,0.0015477952547371387,3.3813695907592773,-0.01340086292475462,6.573412895202637,-0.02449001744389534,9.696094512939453,-0.04218399152159691,12.821633338928223
7204075140,0,128.32708740234375,116.20581817626953,127.71917724609375,95.97017669677734,127.57489013671875,88.52581787109375,127.43476867675781,84.58619689941406,0.008744500577449799,3.3642101287841797,-0.013845598325133324,6.541959762573242,-0.030401069670915604,9.669093132019043,-0.05307406559586525,12.820832252502441
7229075141,0,128.39639282226562,116.17491149902344,127.66935729980469,96.03561401367188,127.46841430664062,88.63333129882812,127.30269622802734,84.70236206054688,0.010604756884276867,3.3668437004089355,-0.016257522627711296,6.523059844970703,-0.037769801914691925,9.604009628295898,-0.06487660855054855,12.699925422668457
7254075141,0,128.53465270996094,116.51998901367188,127.77574157714844,96.2121353149414,127.56693267822266,88.71910095214844,127.38909149169922,84.74736785888672,0.014192776754498482,3.337646722793579,-0.010946274735033512,6.472586631774902,-0.030612098053097725,9.552687644958496,-0.05663779005408287,12.653675079345703
7279075141,0,128.4263916015625,116.76103210449219,127.74436950683594,96.39552307128906,127.55873107910156,88.81877899169922,127.40979766845703,84.81326293945312,0.011257946491241455,3.317518949508667,-0.012383777648210526,6.420923233032227,-0.031006984412670135,9.49370288848877,-0.05443669855594635,12.586543083190918
7304075142,0,128.1894989013672,117.20770263671875,127.59260559082031,96.53683471679688,127.42428588867188,88.91691589355469,127.27921295166016,84.8967056274414,0.004953873343765736,3.2807884216308594,-0.01962217688560486,6.381640434265137,-0.040219467133283615,9.436307907104492,-0.06605091691017151,12.502519607543945
7329075142,0,128.04238891601562,117.23593139648438,127.37448120117188,96.52044677734375,127.17898559570312,88.8760757446289,127.04136657714844,84.850341796875,0.0011074378853663802,3.278491258621216,-0.030148286372423172,6.386172771453857,-0.05749497935175896,9.460111618041992,-0.08816344290971756,12.549072265625
7354075143,0,127.66333770751953,117.47052001953125,127.1736068725586,96.60039520263672,127.0029067993164,88.93892669677734,126.89962768554688,84.91682434082031,-0.008750144392251968,3.2595138549804688,-0.03970043361186981,6.364118576049805,-0.06956655532121658,9.423526763916016,-0.100677989423275,12.482422828674316
7379075143,0,127.50450134277344,117.0624008178711,127.01142883300781,96.37147521972656,126.8205337524414,88.80206298828125,126.71549224853516,84.83731842041016,-0.012995075434446335,3.2926571369171143,-0.047937650233507156,6.4276533126831055,-0.08296091109514236,9.503545761108398,-0.11825324594974518,12.562209129333496
7404075143,0,127.54008483886719,116.86639404296875,127.05904388427734,96.29241943359375,126.86579895019531,88.72124481201172,126.73822784423828,84.76133728027344,-0.012114547193050385,3.308789014816284,-0.045777201652526855,6.449873447418213,-0.0801626592874527,9.551412582397461,-0.1168517917394638,12.639385223388672
7429075144,0,127.88113403320312,116.14574432373047,127.48271179199219,96.02259826660156,127.36835479736328,88.58404541015625,127.277099609375,84.68368530273438,-0.003182140411809087,3.3693325519561768,-0.02544856071472168,6.526810646057129,-0.04501252621412277,9.633740425109863,-0.067357137799263,12.719215393066406
7454075144,0,127.87583923339844,116.01390075683594,127.51960754394531,95.86107635498047,127.42696380615234,88.42060852050781,127.348388671875,84.53368377685547,-0.0033338433131575584,3.3806235790252686,-0.0237934160977602,6.573700428009033,-0.04124235361814499,9.733607292175293,-0.061441317200660706,12.876224517822266
7479075144,0,127.88671112060547,115.87771606445312,127.52149963378906,95.73779296875,127.41253662109375,88.27273559570312,127.32167053222656,84.37617492675781,-0.0030513633973896503,3.39235782623291,-0.023822788149118423,6.609918594360352,-0.042664915323257446,9.825693130493164,-0.06477462500333786,13.045187950134277
7504075145,0,128.2963409423828,116.45491027832031,127.58255004882812,96.08860778808594,127.42215728759766,88.56431579589844,127.32501220703125,84.61321258544922,0.007878119125962257,3.34311842918396,-0.020480632781982422,6.507829189300537,-0.04122747480869293,9.64569091796875,-0.06324421614408493,12.79251480102539
7529075145,0,128.7959442138672,121.95332336425781,127.44225311279297,99.1464614868164,127.2408447265625,90.65176391601562,127.2391357421875,86.1224365234375,0.018830804154276848,2.9311094284057617,-0.024281447753310204,5.729712009429932,-0.04810180142521858,8.521408081054688,-0.06367196142673492,11.382669448852539
7554075146,0,128.84117126464844,120.71995544433594,127.69609069824219,98.55323791503906,127.57141876220703,90.42029571533203,127.54891204833984,86.088134765625,0.020404605194926262,3.0154380798339844,-0.013526242226362228,5.866655349731445,-0.027497120201587677,8.633514404296875,-0.03784063085913658,11.411357879638672
7579075146,0,127.80097198486328,122.9132308959961,126.96558380126953,99.93687438964844,126.98210144042969,91.48866271972656,127.06803131103516,86.9526138305664,-0.004619917366653681,2.8683054447174072,-0.043759074062108994,5.5562849044799805,-0.06172671169042587,8.138298034667969,-0.07366053014993668,10.72848892211914
7604075146,0,127.82426452636719,130.05160522460938,126.40624237060547,104.23341369628906,126.40923309326172,94.47049713134766,126.68466186523438,89.03295135498047,-0.0035776339937001467,2.4664151668548584,-0.0584341362118721,4.762344837188721,-0.08366513252258301,7.005265235900879,-0.09126371890306473,9.36929988861084
7629075147,0,128.04913330078125,128.26673889160156,126.82852172851562,103.11405181884766,126.92549896240234,93.7346420288086,127.24036407470703,88.5413818359375,0.0010319884167984128,2.5573418140411377,-0.04449675232172012,4.948065757751465,-0.05842584744095802,7.255980491638184,-0.05427306890487671,9.659619331359863
7654075147,0,129.7535400390625,126.34085083007812,127.7437973022461,101.7603759765625,127.61517333984375,92.75686645507812,127.77281188964844,87.85822296142578,0.03813641890883446,2.6621527671813965,-0.010174098424613476,5.191327095031738,-0.021910587325692177,7.616624355316162,-0.016930967569351196,10.092979431152344
7679075147,0,130.29608154296875,122.42279815673828,128.2306671142578,99.31961822509766,128.09410095214844,90.97708129882812,128.11941528320312,86.50723266601562,0.05381594970822334,2.9000942707061768,0.009978419169783592,5.690861225128174,0.005860237870365381,8.3684720993042,0.009728054516017437,11.070140838623047
7704075148,0,130.39321899414062,124.05050659179688,128.2827911376953,100.14874267578125,128.08767700195312,91.5860824584961,128.07931518554688,86.98391723632812,0.05433855950832367,2.7968945503234863,0.011872916482388973,5.511453628540039,0.005290402565151453,8.09582805633545,0.006255782209336758,10.705240249633789
7729075148,0,129.02584838867188,116.70816040039062,128.1439971923828,96.17302703857422,127.99069213867188,88.7154312133789,127.86457824707031,84.80091857910156,0.02711733616888523,3.3219153881073,0.007040015421807766,6.483705043792725,-0.0006580865010619164,9.5548734664917,-0.01250253152102232,12.599067687988281
7754075149,0,128.71963500976562,115.81896209716797,128.15968322753906,95.87287902832031,128.0548553466797,88.54379272460938,127.94483947753906,84.68284606933594,0.019408896565437317,3.397442579269409,0.00790505949407816,6.570252418518066,0.0039186323992908,9.658153533935547,-0.005139990244060755,12.720083236694336
7779075149,0,128.51296997070312,115.25083923339844,128.11587524414062,95.56383514404297,128.05967712402344,88.30172729492188,127.98365783691406,84.46837615966797,0.014016772620379925,3.447323799133301,0.005811594892293215,6.66166877746582,0.0043263821862638,9.807507514953613,-0.0015489960787817836,12.94576358795166
7804075149,0,128.70631408691406,115.19181060791016,128.2428741455078,95.60273742675781,128.17056274414062,88.34393310546875,128.08651733398438,84.50650024414062,0.01932622864842415,3.4525821208953857,0.012161008082330227,6.65002965927124,0.012333270162343979,9.781147956848145,0.008175568655133247,12.905080795288086
7829075150,0,128.64193725585938,115.26249694824219,128.17330932617188,95.69189453125,128.08544921875,88.42901611328125,127.99512481689453,84.58851623535156,0.017536045983433723,3.4462873935699463,0.008645154535770416,6.623498916625977,0.006146772764623165,9.728421211242676,-0.0004576853825710714,12.81839656829834
7854075150,0,128.7615509033203,114.90303802490234,128.1160430908203,95.45759582519531,128.00770568847656,88.23698425292969,127.91793060302734,84.41337585449219,0.02097787708044052,3.47851300239563,0.005846371874213219,6.693650722503662,0.0005608628853224218,9.8482084274292,-0.007813435047864914,13.004895210266113
7879075150,0,128.48826599121094,114.71736907958984,128.00636291503906,95.32136535644531,127.93457794189453,88.14743041992188,127.88213348388672,84.33815002441406,0.013508359901607037,3.495370864868164,0.00032244285102933645,6.7350873947143555,-0.004788190592080355,9.905044555664062,-0.011289924383163452,13.086624145507812
7904075151,0,128.26751708984375,114.740234375,128.03932189941406,95.33770751953125,127.99543762207031,88.14302062988281,127.94638061523438,84.33037567138672,0.00739716412499547,3.493286609649658,0.001991255208849907,6.730091094970703,-0.0003340081893838942,9.90786075592041,-0.0051392074674367905,13.095128059387207
7929075151,0,128.1576385498047,114.87659454345703,127.97390747070312,95.3386001586914,127.94026947021484,88.07994842529297,127.90675354003906,84.26261138916016,0.004345030058175325,3.480905055999756,-0.0013212712947279215,6.729818344116211,-0.004389978013932705,9.948291778564453,-0.008986695669591427,13.169703483581543
7954075152,0,128.05075073242188,115.34298706054688,127.9415054321289,95.49699401855469,127.93201446533203,88.1554183959961,127.91361236572266,84.31244659423828,0.0013838025042787194,3.4391443729400635,-0.002942075952887535,6.681756973266602,-0.0049733491614460945,9.89995002746582,-0.008291972801089287,13.114779472351074
7979075152,0,127.99455261230469,115.08035278320312,127.92435455322266,95.408447265625,127.91885375976562,88.12826538085938,127.90643310546875,84.3010482788086,-0.00014943753194529563,3.4625494480133057,-0.0038190982304513454,6.708544731140137,-0.005946088582277298,9.917290687561035,-0.00898940023034811,13.127301216125488
8004075152,0,127.99211883544922,114.83623504638672,127.89775848388672,95.2435531616211,127.8934097290039,87.98927307128906,127.89378356933594,84.16246795654297,-0.00021743513934779912,3.4845614433288574,-0.005198467988520861,6.758973598480225,-0.00787842646241188,10.006977081298828,-0.01032097265124321,13.28143310546875
8029075153,0,127.91973876953125,115.23828887939453,127.79973602294922,95.38785552978516,127.80160522460938,88.0511474609375,127.81593322753906,84.22808074951172,-0.0021937540732324123,3.4484405517578125,-0.01011959370225668,6.714803218841553,-0.014607462100684643,9.966859817504883,-0.01778966374695301,13.208022117614746
8054075153,0,127.76183319091797,115.40706634521484,127.61488342285156,95.45146942138672,127.62085723876953,88.06439208984375,127.63523864746094,84.21481323242188,-0.0064844246953725815,3.4334771633148193,-0.019407644867897034,6.695504188537598,-0.02789260819554329,9.95831298828125,-0.035291705280542374,13.222803115844727
8079075153,0,127.67121124267578,115.6987533569336,127.49808502197266,95.54988098144531,127.48560333251953,88.09331512451172,127.486572265625,84.22750854492188,-0.008891981095075607,3.407888650894165,-0.025187909603118896,6.665853023529053,-0.037774890661239624,9.939696311950684,-0.04962402582168579,13.208659172058105
8104075154,0,127.69622802734375,115.5322036743164,127.51594543457031,95.44145965576172,127.495361328125,88.03683471679688,127.49298858642578,84.17790985107422,-0.008246841840445995,3.422457218170166,-0.02440395951271057,6.698533535003662,-0.037188831716775894,9.976112365722656,-0.04920345917344093,13.264084815979004
8129075154,0,127.78266143798828,115.32477569580078,127.61579895019531,95.37816619873047,127.59965515136719,88.01683044433594,127.57514190673828,84.1587905883789,-0.005928585771471262,3.440758228302002,-0.019422214478254318,6.717751979827881,-0.02953985333442688,9.9890718460083,-0.04129563271999359,13.285571098327637
8154075155,0,127.71781158447266,115.46660614013672,127.5368423461914,95.48124694824219,127.53518676757812,88.10066223144531,127.522705078125,84.23383331298828,-0.007672450505197048,3.4282259941101074,-0.023310862481594086,6.6865057945251465,-0.03411814197897911,9.934978485107422,-0.046107854694128036,13.201623916625977
8179075155,0,127.59980773925781,115.61400604248047,127.36312866210938,95.50975036621094,127.35643005371094,88.10964965820312,127.3615951538086,84.25321960449219,-0.010844096541404724,3.415287971496582,-0.032015059143304825,6.677914142608643,-0.047212865203619,9.929213523864746,-0.06157388538122177,13.180103302001953
8204075155,0,127.3482666015625,115.89958953857422,127.03530883789062,95.62429809570312,126.9732437133789,88.1756362915039,126.95671081542969,84.30979919433594,-0.017545273527503014,3.390467882156372,-0.0482591912150383,6.643595218658447,-0.07501647621393204,9.887076377868652,-0.1001623198390007,13.11768627166748
8229075156,0,127.26900482177734,115.51432037353516,126.96692657470703,95.5355453491211,126.92027282714844,88.15937042236328,126.9558334350586,84.31684875488281,-0.01985331065952778,3.424028158187866,-0.05187493935227394,6.670156955718994,-0.07896601408720016,9.897430419921875,-0.10018917173147202,13.10994815826416
8254075156,0,127.48149108886719,115.27922058105469,127.19143676757812,95.46855163574219,127.12043762207031,88.13565063476562,127.08592224121094,84.29083251953125,-0.014158831909298897,3.444800853729248,-0.040717240422964096,6.690339088439941,-0.06442148983478546,9.912568092346191,-0.08789262920618057,13.138545036315918
8279075156,0,127.65617370605469,115.14570617675781,127.469970703125,95.36917114257812,127.44654083251953,88.08392333984375,127.4124755859375,84.27140045166016,-0.009417857974767685,3.4566986560821533,-0.026804469525814056,6.720491886138916,-0.04066719487309456,9.945734024047852,-0.05658254027366638,13.159984588623047
8304075157,0,127.82195281982422,115.11363220214844,127.63688659667969,95.40253448486328,127.60491943359375,88.11741638183594,127.5577392578125,84.30987548828125,-0.004880576394498348,3.4595677852630615,-0.018337072804570198,6.71034049987793,-0.02896949090063572,9.924235343933105,-0.04245954751968384,13.11760139465332
8329075157,0,127.8921890258789,114.96074676513672,127.74234008789062,95.36997985839844,127.76141357421875,88.0832748413086,127.76726531982422,84.2634048461914,-0.002965799532830715,3.4733030796051025,-0.01302984356880188,6.720245838165283,-0.017531614750623703,9.946151733398438,-0.022428521886467934,13.168825149536133
8354075158,0,128.12261962890625,115.32820892333984,127.989013671875,95.55636596679688,128.0059814453125,88.19647216796875,127.99713134765625,84.36788940429688,0.0033445670269429684,3.4404540061950684,-0.0005511818453669548,6.663907527923584,0.0004364518681541085,9.873842239379883,-0.0002741150965448469,13.054195404052734
8379075158,0,128.0337677001953,115.42901611328125,127.9236068725586,95.5683364868164,127.90657043457031,88.17591857910156,127.85542297363281,84.31446838378906,0.0009189082193188369,3.431539535522461,-0.003830681089311838,6.660319805145264,-0.006825996097177267,9.886896133422852,-0.013875040225684643,13.112560272216797
8404075158,0,128.45164489746094,115.33235931396484,128.185302734375,95.69917297363281,128.1490936279297,88.36880493164062,128.0845184326172,84.53400421142578,0.01231786422431469,3.4400861263275146,0.009240581654012203,6.621341705322266,0.0107644721865654,9.765677452087402,0.007969154044985771,12.875885009765625
8429075159,0,128.68470764160156,115.41484069824219,128.37158203125,95.83379364013672,128.3082275390625,88.54326629638672,128.20187377929688,84.70974731445312,0.01863878406584263,3.432790517807007,0.018425200134515762,6.581683158874512,0.022019162774086,9.658473014831543,0.01877126842737198,12.692313194274902
8454075159,0,129.16940307617188,116.591552734375,128.49667358398438,96.85130310058594,128.3852081298828,89.46199798583984,128.23513793945312,85.55693817138672,0.030992906540632248,3.331648349761963,0.023619599640369415,6.295825481414795,0.026070669293403625,9.129264831542969,0.020498013123869896,11.874157905578613
8479075159,0,129.20928955078125,119.35711669921875,128.31594848632812,98.71475219726562,128.29867553710938,90.77674102783203,128.25868225097656,86.51673889160156,0.030178364366292953,3.113727331161499,0.013977059163153172,5.828768253326416,0.018798798322677612,8.462028503417969,0.021059509366750717,11.062629699707031
8504075160,0,129.4429473876953,118.56791687011719,128.2875518798828,98.2120361328125,128.1710205078125,90.42903900146484,128.06015014648438,86.26512145996094,0.03661966323852539,3.1732752323150635,0.012964807450771332,5.948227882385254,0.010967209003865719,8.629227638244629,0.0049832407385110855,11.264815330505371
8529075160,0,129.24325561523438,119.25192260742188,128.18121337890625,98.62117767333984,128.08456420898438,90.80108642578125,128.02096557617188,86.60633850097656,0.031095074489712715,3.121549606323242,0.008044769987463951,5.8506622314453125,0.005315624643117189,8.450552940368652,0.001696352381259203,10.992314338684082
8554075160,0,129.40289306640625,117.085693359375,128.3857421875,97.27050018310547,128.25070190429688,89.8289566040039,128.16680908203125,85.87550354003906,0.03677362948656082,3.2907493114471436,0.018039891496300697,6.184752464294434,0.016618138179183006,8.93313217163086,0.0142076276242733,11.592357635498047
8579075161,0,129.08831787109375,116.10435485839844,128.4401397705078,96.44680786132812,128.35379028320312,89.12494659423828,128.27992248535156,85.26317596435547,0.029162513092160225,3.3728699684143066,0.021277425810694695,6.406614303588867,0.024415593594312668,9.316818237304688,0.024942554533481598,12.146015167236328
8604075161,0,129.13047790527344,116.65354919433594,128.39450073242188,96.96467590332031,128.30589294433594,89.56501007080078,128.2386474609375,85.66642761230469,0.029919665306806564,3.326467275619507,0.018675511702895164,6.265417575836182,0.02058124914765358,9.073379516601562,0.020637279376387596,11.775822639465332
8629075162,0,129.21560668945312,116.23900604248047,128.53627014160156,96.39083862304688,128.41561889648438,89.03529357910156,128.3082733154297,85.18869018554688,0.03247419372200966,3.361386299133301,0.025984089821577072,6.4222331047058105,0.028833432123064995,9.367956161499023,0.027623891830444336,12.216870307922363
8654075162,0,129.17543029785156,116.47037506103516,128.503173828125,96.44718933105469,128.3828582763672,89.03685760498047,128.26614379882812,85.17411804199219,0.031237533316016197,3.3418166637420654,0.024324266240000725,6.406507968902588,0.02655823528766632,9.367059707641602,0.02387511357665062,12.230826377868652
8679075162,0,129.2108612060547,116.84689331054688,128.43252563476562,96.51065826416016,128.28466796875,89.01232147216797,128.15518188476562,85.11913299560547,0.03190895915031433,3.310401678085327,0.020854871720075607,6.388883113861084,0.01977541856467724,9.381146430969238,0.013979335315525532,12.283764839172363
8704075163,0,129.38418579101562,117.0177993774414,128.48056030273438,96.65397644042969,128.3244171142578,89.14701843261719,128.20294189453125,85.23056030273438,0.03633797913789749,3.2963156700134277,0.023036237806081772,6.349417686462402,0.022359691560268402,9.30431079864502,0.01812775805592537,12.176941871643066
8729075163,0,129.1488494873047,117.16431427001953,128.29129028320312,96.724609375,128.15560913085938,89.18409729003906,128.05657958984375,85.24836730957031,0.030062032863497734,3.2843244075775146,0.013923460617661476,6.330136299133301,0.010701853781938553,9.283371925354004,0.005047171376645565,12.160037994384766
8754075163,0,128.9591522216797,117.00060272216797,128.1853790283203,96.63833618164062,128.06527709960938,89.14265441894531,127.96795654296875,85.23030853271484,0.025189518928527832,3.2977280616760254,0.008892008103430271,6.353702545166016,0.00450021680444479,9.306781768798828,-0.0028623321559280157,12.177181243896484
8779075164,0,128.62551879882812,116.7635498046875,128.0291748046875,96.53797912597656,127.93370819091797,89.07007598876953,127.8473892211914,85.16561889648438,0.01651454158127308,3.317310094833374,0.0014051407342776656,6.381324291229248,-0.00458960235118866,9.348052978515625,-0.013699180446565151,12.238980293273926
8804075164,0,128.4775390625,116.74022674560547,127.96234893798828,96.38448333740234,127.85690307617188,88.8828353881836,127.75626373291016,84.9849624633789,0.012614247389137745,3.3192477226257324,-0.0018247960833832622,6.424011707305908,-0.010016950778663158,9.456164360046387,-0.022183502092957497,12.414823532104492
8829075165,0,128.37863159179688,116.49766540527344,127.8742446899414,96.0655517578125,127.78372192382812,88.54859161376953,127.6807632446289,84.66729736328125,0.010056116618216038,3.339521884918213,-0.006175628397613764,6.5144476890563965,-0.015445505268871784,9.65523624420166,-0.029783761128783226,12.736187934875488
8854075165,0,127.90984344482422,116.33328247070312,127.65299224853516,95.84800720214844,127.59491729736328,88.31329345703125,127.50628662109375,84.45004272460938,-0.0024033559020608664,3.3533875942230225,-0.017196407541632652,6.577521800994873,-0.029346255585551262,9.800270080566406,-0.04686564952135086,12.965415000915527
8879075165,0,127.65632629394531,116.11821746826172,127.31043243408203,95.7747573852539,127.22122192382812,88.2294921875,127.11666870117188,84.36360931396484,-0.009206170216202736,3.3716845512390137,-0.034277673810720444,6.599019527435303,-0.05670997127890587,9.85293960571289,-0.08443625271320343,13.058852195739746
8904075166,0,127.61975860595703,116.74861907958984,127.07036590576172,96.0633544921875,126.94287872314453,88.38639831542969,126.8379898071289,84.4881820678711,-0.010042235255241394,3.3185503482818604,-0.04565690830349922,6.515078544616699,-0.07624159008264542,9.75476360321045,-0.10996673256158829,12.924596786499023
8929075166,0,127.63082885742188,117.10637664794922,127.00858306884766,96.3064956665039,126.82732391357422,88.54988861083984,126.67630767822266,84.61856079101562,-0.009672537446022034,3.2890567779541016,-0.04820416867733002,6.445906162261963,-0.08374013751745224,9.654448509216309,-0.12397321313619614,12.7869234085083
8954075166,0,127.71322631835938,116.76959228515625,127.29654693603516,96.07659149169922,127.15534210205078,88.39916229248047,127.0390625,84.49383544921875,-0.007570189889520407,3.3168082237243652,-0.034529536962509155,6.511276721954346,-0.06087091565132141,9.746859550476074,-0.0908970907330513,12.918567657470703
8979075167,0,127.39299011230469,116.70265197753906,126.96390533447266,96.02040100097656,126.81137084960938,88.34974670410156,126.70879364013672,84.4431381225586,-0.016047710552811623,3.322373867034912,-0.050976477563381195,6.527444362640381,-0.0859183594584465,9.777527809143066,-0.12263554334640503,12.972831726074219
9004075167,0,126.99539184570312,117.18993377685547,126.37239837646484,96.10289764404297,126.15029907226562,88.35421752929688,126.01872253417969,84.45965576171875,-0.026272756978869438,3.282235860824585,-0.07980489730834961,6.503734111785889,-0.13366644084453583,9.77474594116211,-0.18792730569839478,12.955103874206543
9029075168,0,126.98271942138672,117.45036315917969,126.36764526367188,96.17813110351562,126.1234359741211,88.37130737304688,125.99150848388672,84.46356964111328,-0.026451729238033295,3.261136770248413,-0.07978889346122742,6.48225212097168,-0.13546611368656158,9.764123916625977,-0.19044877588748932,12.950909614562988
9054075168,0,127.29163360595703,117.60265350341797,126.72959899902344,96.2176513671875,126.4918441772461,88.39649963378906,126.36083221435547,84.4930191040039,-0.018357709050178528,3.2489101886749268,-0.06199539080262184,6.471020698547363,-0.10870404541492462,9.748507499694824,-0.1550624519586563,12.919438362121582
9079075168,0,127.48863220214844,117.28742980957031,127.01129150390625,96.1135482788086,126.8849868774414,88.3338394165039,126.85661315917969,84.44696807861328,-0.01334462407976389,3.274308681488037,-0.04845714196562767,6.50068473815918,-0.0806756243109703,9.787439346313477,-0.10856260359287262,12.968716621398926
9104075169,0,127.5155258178711,117.05375671386719,127.07011413574219,95.975830078125,126.99007415771484,88.2605209350586,127.0035629272461,84.39302062988281,-0.012708382681012154,3.293365478515625,-0.04583599045872688,6.540322303771973,-0.07340162247419357,9.833374977111816,-0.0950218141078949,13.026911735534668
9129075169,0,127.51957702636719,116.7480697631836,127.18307495117188,95.92135620117188,127.14586639404297,88.25450134277344,127.19071197509766,84.37339782714844,-0.012688202783465385,3.3185958862304688,-0.04035962000489235,6.556127071380615,-0.06210159882903099,9.837163925170898,-0.07729737460613251,13.048205375671387
9154075169,0,127.60308837890625,116.48604583740234,127.2884750366211,95.84236145019531,127.23697662353516,88.2449951171875,127.26542663574219,84.36600494384766,-0.0105443699285388,3.340498447418213,-0.0352688692510128,6.579174041748047,-0.05550970137119293,9.843154907226562,-0.07020311802625656,13.056244850158691
9179075170,0,127.63948822021484,116.17369842529297,127.31433868408203,95.72325134277344,127.2419204711914,88.19674682617188,127.25474548339844,84.31568145751953,-0.009645091369748116,3.3669471740722656,-0.03415749594569206,6.614214897155762,-0.0553143247961998,9.87366771697998,-0.07151494175195694,13.111228942871094
9204075170,0,127.47450256347656,116.21121215820312,127.02603912353516,95.78193664550781,126.94563293457031,88.23993682861328,126.95805358886719,84.3480224609375,-0.01404716819524765,3.363750696182251,-0.04839995130896568,6.596906661987305,-0.07672874629497528,9.846344947814941,-0.09972375631332397,13.075841903686523
9229075171,0,128.11021423339844,116.50360107421875,127.55984497070312,95.93946838378906,127.46692657470703,88.38848876953125,127.44622802734375,84.49730682373047,0.0029268008656799793,3.3390231132507324,-0.021729104220867157,6.550864219665527,-0.038441359996795654,9.753467559814453,-0.05236790329217911,12.914868354797363
9254075171,0,128.4444122314453,117.3852767944336,127.7680892944336,96.3131103515625,127.66545104980469,88.63858795166016,127.63630676269531,84.68443298339844,0.011572353541851044,3.2663872241973877,-0.011272776871919632,6.4440436363220215,-0.023762594908475876,9.600849151611328,-0.03388557210564613,12.7184419631958
9279075171,0,128.39706420898438,119.76959228515625,127.69821166992188,97.62665557861328,127.63534545898438,89.55565643310547,127.65052032470703,85.36788940429688,0.009823355823755264,3.0833873748779297,-0.013917497359216213,6.093238353729248,-0.024547947570681572,9.078426361083984,-0.03089653141796589,12.047739028930664
9304075172,0,128.41409301757812,119.57772064208984,127.68314361572266,97.67259216308594,127.61840057373047,89.63525390625,127.63587951660156,85.46490478515625,0.01028596144169569,3.0974349975585938,-0.014586240984499454,6.081620216369629,-0.025572704151272774,9.035645484924316,-0.03195894882082939,11.958052635192871
9329075172,0,128.3934783935547,119.3221206665039,127.83235168457031,97.3508071899414,127.75735473632812,89.3684310913086,127.73149871826172,85.24842071533203,0.009826691821217537,3.116325855255127,-0.007815523073077202,6.163893222808838,-0.01651056297123432,9.180601119995117,-0.023951509967446327,12.159987449645996
9354075172,0,128.44808959960938,119.4508285522461,127.80553436279297,97.36896514892578,127.72705078125,89.3442611694336,127.71337890625,85.20096588134766,0.011160193011164665,3.106787919998169,-0.009059219621121883,6.159195423126221,-0.018598448485136032,9.193951606750488,-0.025659790262579918,12.205138206481934
9379075173,0,128.3748321533203,118.70095825195312,127.80197143554688,97.03919219970703,127.73127746582031,89.13717651367188,127.71214294433594,85.04515075683594,0.009485531598329544,3.163095712661743,-0.009346697479486465,6.24558162689209,-0.018531708046793938,9.309884071350098,-0.026078250259160995,12.355698585510254
9404075173,0,128.34466552734375,116.50813293457031,127.94092559814453,95.82201385498047,127.88906860351562,88.26542663574219,127.84449768066406,84.3575439453125,0.009151854552328587,3.338642120361328,-0.0029307007789611816,6.585135459899902,-0.008060085587203503,9.83028793334961,-0.014871520921587944,13.065459251403809
9429075174,0,128.31005859375,116.1642837524414,128.02545166015625,95.67758178710938,128.01461791992188,88.1595687866211,127.98857879638672,84.26472473144531,0.008297041058540344,3.367750406265259,0.0012703676475211978,6.627744674682617,0.0010690707713365555,9.89730453491211,-0.001100537134334445,13.167365074157715
9454075174,0,128.27883911132812,116.34852600097656,128.02377319335938,95.72174072265625,128.03370666503906,88.17523956298828,128.0347442626953,84.277099609375,0.007430621888488531,3.352097511291504,0.0011843814281746745,6.614661693572998,0.002462723758071661,9.887328147888184,0.0033445521257817745,13.153690338134766
9479075174,0,128.10281372070312,116.05181121826172,128.01344299316406,95.63504791259766,128.04722595214844,88.138671875,128.04718017578125,84.26707458496094,0.002758277580142021,3.3773701190948486,0.0006721870740875602,6.640391826629639,0.0034583071246743202,9.910637855529785,0.004545369651168585,13.164766311645508
9504075175,0,128.10763549804688,116.05949401855469,128.0477752685547,95.57554626464844,128.08062744140625,88.08206939697266,128.0842742919922,84.23997497558594,0.0028871321119368076,3.376711368560791,0.002394925570115447,6.65816068649292,0.005925043951719999,9.946927070617676,0.00813701655715704,13.194798469543457
9529075175,0,128.4422149658203,116.42532348632812,128.28196716308594,95.70218658447266,128.3325653076172,88.11981201171875,128.3511199951172,84.22563171386719,0.01176395919173956,3.345611333847046,0.014059205539524555,6.620449066162109,0.02438190206885338,9.922700881958008,0.03394180163741112,13.210748672485352
9554075175,0,128.3653106689453,116.1112060546875,128.26016235351562,95.54423522949219,128.30059814453125,88.03346252441406,128.30670166015625,84.1662368774414,0.00978732667863369,3.372283935546875,0.013059018179774284,6.667547225952148,0.022156931459903717,9.978294372558594,0.029792744666337967,13.277195930480957
9579075176,0,128.20108032226562,115.39325714111328,128.12835693359375,95.361083984375,128.15631103515625,87.95835876464844,128.15960693359375,84.11375427246094,0.0054764351807534695,3.434696912765503,0.006493472494184971,6.722957134246826,0.011575828306376934,10.027137756347656,0.01557125523686409,13.336451530456543
9604075176,0,128.1397705078125,115.03810119628906,128.0406494140625,95.25741577148438,128.066650390625,87.91603088378906,128.07518005371094,84.08951568603516,0.003838071832433343,3.466341495513916,0.0020655870903283358,6.754706859588623,0.0049490127712488174,10.0548677444458,0.007349273189902306,13.363992691040039
9629075177,0,128.03858947753906,114.95931243896484,128.02540588378906,95.23627471923828,128.07266235351562,87.91261291503906,128.0909881591797,84.08820343017578,0.001061603194102645,3.4734323024749756,0.0012921664165332913,6.761216640472412,0.005396580323576927,10.057113647460938,0.0088955694809556,13.365486145019531
9654075177,0,127.98204803466797,115.173828125,128.06619262695312,95.307861328125,128.1266326904297,87.95812225341797,128.14527893066406,84.12948608398438,-0.0004914078745059669,3.4541866779327393,0.0033562772441655397,6.739221572875977,0.009378096088767052,10.027292251586914,0.014155032113194466,13.318634986877441
9679075177,0,128.0173797607422,115.35161590576172,128.06192016601562,95.38095092773438,128.12142944335938,87.99854278564453,128.14088439941406,84.16889190673828,0.00047379356692545116,3.438380479812622,0.00312982895411551,6.716904640197754,0.00897003710269928,10.000946998596191,0.013682407326996326,13.274211883544922
9704075178,0,128.08251953125,114.9715576171875,128.0232391357422,95.31175231933594,128.0741424560547,87.97908782958984,128.0978240966797,84.14833068847656,0.0022694796789437532,3.4723286628723145,0.001178136793896556,6.738030433654785,0.005483597982674837,10.013609886169434,0.009516557678580284,13.297355651855469
9729075178,0,128.06797790527344,115.88462829589844,127.9983901977539,95.67463684082031,128.02224731445312,88.20854187011719,128.03509521484375,84.34906005859375,0.0018306527053937316,3.3917601108551025,-8.035998325794935e-05,6.6286187171936035,0.0016221249243244529,9.866191864013672,0.0033586490899324417,13.074708938598633
9754075178,0,127.95625305175781,116.16532897949219,127.96332550048828,95.73062896728516,128.00064086914062,88.2392349243164,128.0260009765625,84.36865997314453,-0.0011706226505339146,3.3676609992980957,-0.001826440799050033,6.612034797668457,4.663956133299507e-05,9.84678840637207,0.002484377706423402,13.053356170654297
9779075179,0,127.93328094482422,115.8224868774414,128.0100555419922,95.40676879882812,128.0862579345703,87.99849700927734,128.15306091308594,84.15071105957031,-0.0017992997309193015,3.39713716506958,0.0005077087553218007,6.709053993225098,0.006371922791004181,10.0009765625,0.014887207187712193,13.294671058654785
9804075179,0,127.97183990478516,115.94363403320312,128.0867156982422,95.49555969238281,128.1718292236328,88.04479217529297,128.22926330566406,84.19963836669922,-0.0007573363254778087,3.3866686820983887,0.004361768253147602,6.682188987731934,0.012656498700380325,9.970966339111328,0.022209472954273224,13.239748001098633
9829075179,0,128.07444763183594,115.08582305908203,128.10562133789062,95.26899719238281,128.18289184570312,87.93476104736328,128.2335968017578,84.10413360595703,0.0020420535001903772,3.4620587825775146,0.0053644427098333836,6.751145839691162,0.01356436312198639,10.04257869720459,0.02280782349407673,13.347369194030762
9854075180,0,128.05438232421875,115.42996215820312,128.11399841308594,95.37201690673828,128.19383239746094,87.9775390625,128.21861267089844,84.14064025878906,0.0014798542251810431,3.4314558506011963,0.00576438894495368,6.719624996185303,0.014337291941046715,10.014620780944824,0.021280623972415924,13.306031227111816
9879075180,0,128.06475830078125,115.58274841308594,128.1167755126953,95.4010009765625,128.19277954101562,87.98139953613281,128.2201385498047,84.14298248291016,0.0017560282722115517,3.4180243015289307,0.0058975000865757465,6.710806369781494,0.014255969785153866,10.012104034423828,0.021425027400255203,13.303388595581055
9904075181,0,128.0714874267578,115.4013671875,128.16836547851562,95.37570190429688,128.24586486816406,87.97410583496094,128.2606201171875,84.13764190673828,0.001946600852534175,3.4339804649353027,0.008512145839631557,6.718502521514893,0.018189910799264908,10.016858100891113,0.02537606470286846,13.309417724609375
9929075181,0,128.1757354736328,115.1107177734375,128.3505096435547,95.33811950683594,128.44436645507812,87.99337768554688,128.4583740234375,84.16464233398438,0.004817534238100052,3.4598288536071777,0.017749443650245667,6.729965686798096,0.03283610939979553,10.004305839538574,0.04453190788626671,13.278987884521484
9954075181,0,128.2632598876953,115.47633361816406,128.5390625,95.56924438476562,128.63673400878906,88.14982604980469,128.623046875,84.29261016845703,0.0071561988443136215,3.4273693561553955,0.02702987752854824,6.66004753112793,0.04659515991806984,9.903515815734863,0.05990005284547806,13.136587142944336
9979075182,0,128.1926727294922,115.96815490722656,128.40518188476562,95.65367126464844,128.4643096923828,88.16986846923828,128.41473388671875,84.31118774414062,0.005178841762244701,3.384557008743286,0.02024427056312561,6.634848594665527,0.033935315907001495,9.890745162963867,0.039812568575143814,13.116161346435547
10004075182,0,128.26126098632812,116.08818817138672,128.3614959716797,95.76412963867188,128.42324829101562,88.25325775146484,128.4030303955078,84.38626098632812,0.007003303617238998,3.374253273010254,0.017977619543671608,6.602149486541748,0.0307755246758461,9.837947845458984,0.03845459222793579,13.034238815307617
10029075182,0,128.181884765625,117.24325561523438,128.31912231445312,96.5491943359375,128.36599731445312,88.85054779052734,128.33633422851562,84.87767028808594,0.004751088563352823,3.277895927429199,0.015362806618213654,6.378225803375244,0.02566932886838913,9.47504997253418,0.030866287648677826,12.521591186523438
10054075183,0,128.25436401367188,116.81139373779297,128.2157745361328,96.30899047851562,128.24063110351562,88.72620391845703,128.2245635986328,84.76041412353516,0.006708383094519377,3.3133411407470703,0.010490203276276588,6.44520378112793,0.017002196982502937,9.5484619140625,0.020798172801733017,12.640328407287598
10079075183,0,127.98600769042969,117.83428955078125,128.1809844970703,96.85380554199219,128.26075744628906,89.17034149169922,128.28604125976562,85.11919403076172,-0.000360785867087543,3.2304694652557373,0.008605956099927425,6.295151710510254,0.017947683110833168,9.291129112243652,0.02576749213039875,12.283705711364746
10104075184,0,128.21014404296875,117.28384399414062,128.32887268066406,96.4468994140625,128.38565063476562,88.89167785644531,128.3966064453125,84.91206359863281,0.005484340712428093,3.274599313735962,0.01589844562113285,6.406589031219482,0.026981862261891365,9.451004981994629,0.03630068153142929,12.487173080444336
10129075184,0,128.0159454345703,118.25235748291016,128.1792449951172,96.64379119873047,128.24630737304688,88.91197204589844,128.26658630371094,84.872802734375,0.0004074301104992628,3.1976542472839355,0.008595875464379787,6.352207183837891,0.017212098464369774,9.439184188842773,0.02447458542883396,12.526477813720703
10154075184,0,128.2809600830078,117.52384185791016,128.18309020996094,96.13435363769531,128.22894287109375,88.51168060302734,128.27259826660156,84.55748748779297,0.007293842267245054,3.2552273273468018,0.008965615183115005,6.4947357177734375,0.01638651080429554,9.677714347839355,0.025654936209321022,12.851058006286621
10179075185,0,128.40391540527344,116.89288330078125,128.21502685546875,95.7828598022461,128.24378967285156,88.22803497314453,128.2711181640625,84.3174819946289,0.010633190162479877,3.306600570678711,0.010685116052627563,6.596634864807129,0.01775415614247322,9.853859901428223,0.026012811809778214,13.109253883361816
10204075185,0,128.4910430908203,116.78561401367188,128.36212158203125,95.72920989990234,128.39895629882812,88.15833282470703,128.4249725341797,84.2408218383789,0.01295781321823597,3.315478563308716,0.01803523302078247,6.612453937530518,0.029179604724049568,9.898092269897461,0.04102994501590729,13.19385814666748
10229075185,0,128.35267639160156,116.3566665649414,128.2289581298828,95.57765197753906,128.2423858642578,88.0660171508789,128.2183074951172,84.17680358886719,0.00939654279500246,3.3514087200164795,0.011476412415504456,6.657530307769775,0.017829932272434235,9.95726490020752,0.021187806501984596,13.265327453613281
10254075186,0,128.20748901367188,115.62854766845703,128.10487365722656,95.33971405029297,128.1271209716797,87.94052124023438,128.11001586914062,84.07072448730469,0.005620500538498163,3.4140162467956543,0.0053103300742805,6.72947883605957,0.009424651972949505,10.03880500793457,0.010771412402391434,13.385419845581055
10279075186,0,128.23052978515625,115.51656341552734,128.09991455078125,95.3160400390625,128.10618591308594,87.95318603515625,128.07925415039062,84.078125,0.0062607028521597385,3.423830986022949,0.005064359866082668,6.736717224121094,0.00786629319190979,10.030518531799316,0.0077548460103571415,13.376973152160645
10304075187,0,128.21388244628906,115.39812469482422,128.10720825195312,95.2892837524414,128.140625,87.94046020507812,128.15078735351562,84.07556915283203,0.00582444854080677,3.4342668056488037,0.005440298467874527,6.7449164390563965,0.01042587123811245,10.038846015930176,0.014757336117327213,13.379888534545898
10329075187,0,128.1737518310547,115.52143096923828,128.05673217773438,95.33737182617188,128.08900451660156,87.96646118164062,128.08436584472656,84.1099853515625,0.004718205891549587,3.42340350151062,0.002872950630262494,6.730194091796875,0.006588005926460028,10.021845817565918,0.008233295753598213,13.340726852416992
10354075187,0,128.19920349121094,115.51615905761719,128.07534790039062,95.35796356201172,128.10353088378906,87.9925765991211,128.0856170654297,84.13883972167969,0.005409997422248125,3.4238667488098145,0.0038122977130115032,6.723908424377441,0.007650717161595821,10.004827499389648,0.008335541002452374,13.308064460754395
10379075188,0,128.28799438476562,115.53594970703125,128.16539001464844,95.40036010742188,128.20797729492188,88.01290130615234,128.20855712890625,84.15343475341797,0.007817837409675121,3.422128438949585,0.00835290178656578,6.711001396179199,0.015349582768976688,9.991621017456055,0.02028040587902069,13.291603088378906
10404075188,0,128.27357482910156,115.77680969238281,128.12081909179688,95.49078369140625,128.15147399902344,88.05467987060547,128.15289306640625,84.18788146972656,0.007385546807199717,3.4010989665985107,0.006078392267227173,6.683629035949707,0.01115031260997057,9.964578628540039,0.014825529418885708,13.25290584564209
10429075188,0,128.2230224609375,115.75304412841797,128.12965393066406,95.47112274169922,128.15309143066406,88.03150939941406,128.12281799316406,84.16960906982422,0.006024083122611046,3.4031636714935303,0.006528335157781839,6.6895623207092285,0.011285663582384586,9.979558944702148,0.011927132494747639,13.273406028747559
10454075189,0,128.11248779296875,115.61043548583984,128.05079650878906,95.43020629882812,128.09490966796875,88.00862121582031,128.07211303710938,84.1485595703125,0.0030483556911349297,3.415600538253784,0.0025621727108955383,6.7019429206848145,0.007006597705185413,9.994399070739746,0.00701519288122654,13.297096252441406
10479075189,0,128.12484741210938,115.56230163574219,128.00759887695312,95.40420532226562,128.039306640625,87.99705505371094,128.0139617919922,84.13957214355469,0.0033870323095470667,3.419816255569458,0.0003837126714643091,6.709832668304443,0.0029038654174655676,10.001914024353027,0.0013592158211395144,13.30723762512207
10504075190,0,128.09469604492188,115.53398132324219,127.9549560546875,95.35723876953125,127.96466827392578,87.96615600585938,127.92989349365234,84.1050796508789,0.0025707159657031298,3.4223010540008545,-0.0022791114170104265,6.7241291999816895,-0.0026152615901082754,10.022046089172363,-0.006844493560492992,13.346295356750488
10529075190,0,128.08059692382812,115.77267456054688,127.94961547851562,95.41822814941406,127.93812561035156,87.99003601074219,127.88833618164062,84.1195068359375,0.002176035661250353,3.4014580249786377,-0.002542691770941019,6.705575466156006,-0.0045731146819889545,10.00648021697998,-0.010888754390180111,13.32993221282959
10554075190,0,128.10182189941406,115.79951477050781,127.96409606933594,95.43761444091797,127.96522521972656,88.00077819824219,127.92833709716797,84.13572692871094,0.002747404156252742,3.3991286754608154,-0.0018104194896295667,6.699697971343994,-0.0025684668216854334,9.999494552612305,-0.006978775840252638,13.311580657958984
10579075191,0,128.14212036132812,116.082763671875,128.0062713623047,95.49137878417969,128.0157012939453,88.0203857421875,127.9979248046875,84.15371704101562,0.003810115624219179,3.374717950820923,0.0003155033919028938,6.6834492683410645,0.0011582787847146392,9.98676586151123,-0.00020179040438961238,13.291284561157227
10604075191,0,128.17872619628906,116.08538818359375,128.08889770507812,95.49832153320312,128.13259887695312,88.04139709472656,128.1497039794922,84.16803741455078,0.004791198763996363,3.37449312210083,0.004470996558666229,6.681356430053711,0.009768959134817123,9.973161697387695,0.014539968222379684,13.275171279907227
10629075191,0,128.1353759765625,115.91293334960938,128.08108520507812,95.50131225585938,128.125244140625,88.0666732788086,128.119140625,84.18555450439453,0.0036433408968150616,3.3893163204193115,0.004077558405697346,6.680455684661865,0.009212598204612732,9.956842422485352,0.01155487447977066,13.255513191223145
10654075192,0,128.1317596435547,115.57954406738281,128.07772827148438,95.43865966796875,128.1287841796875,88.04922485351562,128.12240600585938,84.17770385742188,0.003573142923414707,3.418304920196533,0.003919194918125868,6.699381351470947,0.009483291767537594,9.968101501464844,0.01187922153621912,13.26431655883789
10679075192,0,128.1387939453125,115.60829162597656,128.09742736816406,95.44593048095703,128.15101623535156,88.04447937011719,128.14157104492188,84.18067169189453,0.0037614223547279835,3.415787935256958,0.004910934716463089,6.697180271148682,0.011123684234917164,9.971168518066406,0.013735795393586159,13.260986328125
10704075193,0,128.17271423339844,115.52685546875,128.13082885742188,95.43321990966797,128.1924591064453,88.04481506347656,128.189453125,84.17375946044922,0.004689445253461599,3.422926902770996,0.006598150357604027,6.7010297775268555,0.014176021330058575,9.970951080322266,0.018391946330666542,13.268744468688965
10729075193,0,128.1334228515625,115.42359161376953,128.1055908203125,95.39046478271484,128.17251586914062,88.02918243408203,128.1816864013672,84.15922546386719,0.0036312416195869446,3.432018280029297,0.0053350431844592094,6.714009761810303,0.01271944958716631,9.98106575012207,0.01765904203057289,13.28508186340332
10754075193,0,128.10227966308594,115.21983337402344,128.1159210205078,95.35850524902344,128.182861328125,88.0285873413086,128.180419921875,84.16338348388672,0.002796770539134741,3.4500839710235596,0.005864996928721666,6.723742961883545,0.013482711277902126,9.981451034545898,0.01752995327115059,13.280404090881348
10779075194,0,128.05477905273438,115.36135864257812,128.0657196044922,95.42265319824219,128.11978149414062,88.05200958251953,128.0996856689453,84.17703247070312,0.0014930085744708776,3.4375178813934326,0.003315961454063654,6.704233169555664,0.008818830363452435,9.966303825378418,0.009674797765910625,13.265069007873535
10804075194,0,128.1207733154297,115.27461242675781,128.1516876220703,95.41173553466797,128.18804931640625,88.04634094238281,128.15003967285156,84.17266845703125,0.003298287047073245,3.4452102184295654,0.0076571498066186905,6.707545757293701,0.013849891722202301,9.969964981079102,0.014567028731107712,13.26996898651123
10829075194,0,128.1467742919922,115.64207458496094,128.181884765625,95.53923797607422,128.1983184814453,88.1229248046875,128.14077758789062,84.23402404785156,0.00397461699321866,3.4128341674804688,0.009131762199103832,6.669047832489014,0.014536839909851551,9.920708656311035,0.013599246740341187,13.201412200927734
10854075195,0,128.18679809570312,116.04480743408203,128.16140747070312,95.67321014404297,128.1682586669922,88.18720245361328,128.1226043701172,84.25967407226562,0.0050121997483074665,3.3779706954956055,0.008057812228798866,6.629042148590088,0.012284466065466404,9.879725456237793,0.011818915605545044,13.172953605651855
10879075195,0,128.2476043701172,115.7215576171875,128.13755798339844,95.59933471679688,128.15017700195312,88.14778900146484,128.13339233398438,84.22099304199219,0.006692884489893913,3.405902624130249,0.006888690870255232,6.651045799255371,0.010991096496582031,9.904816627502441,0.01289956271648407,13.215914726257324
10904075196,0,128.22708129882812,115.68142700195312,128.15701293945312,95.53012084960938,128.19056701660156,88.09586334228516,128.19061279296875,84.18329620361328,0.006143772974610329,3.4093990325927734,0.007886093109846115,6.671786308288574,0.01399213820695877,9.93805980682373,0.01849004253745079,13.258045196533203
10929075196,0,128.2622833251953,115.74635314941406,128.18690490722656,95.53717041015625,128.2206573486328,88.09819793701172,128.2223358154297,84.17626953125,0.007085646037012339,3.403745412826538,0.009384628385305405,6.669668197631836,0.016199132427573204,9.93656063079834,0.021579720079898834,13.265926361083984
10954075196,0,128.18531799316406,115.33146667480469,128.10150146484375,95.39173126220703,128.13304138183594,88.02018737792969,128.1533966064453,84.09762573242188,0.0050543444231152534,3.4401650428771973,0.005128148477524519,6.713624477386475,0.009814536198973656,9.986894607543945,0.014985328540205956,13.354764938354492
10979075197,0,128.11631774902344,115.8555679321289,128.1311492919922,95.53633880615234,128.13609313964844,88.0864028930664,128.10084533691406,84.15702819824219,0.003134526079520583,3.394272804260254,0.006585332099348307,6.669918060302734,0.009998342022299767,9.944140434265137,0.009803451597690582,13.287554740905762
11004075197,0,128.34803771972656,116.39122009277344,128.1721649169922,95.78704833984375,128.13572692871094,88.25021362304688,128.0914306640625,84.29132080078125,0.009265735745429993,3.3484888076782227,0.008553714491426945,6.59540319442749,0.009870919398963451,9.839865684509277,0.008791115134954453,13.138008117675781
11029075197,0,128.0950927734375,116.0424575805664,128.0113983154297,95.58234405517578,128.00868225097656,88.11297607421875,128.0003662109375,84.19619750976562,0.0025516822934150696,3.3781721591949463,0.0005712212296202779,6.656126022338867,0.0006368061294779181,9.927081108093262,3.5486038541421294e-05,13.243596076965332
11054075198,0,128.02545166015625,116.307373046875,127.94707489013672,95.62027740478516,127.92219543457031,88.1167221069336,127.88452911376953,84.19586944580078,0.0006788764731027186,3.3555824756622314,-0.0026480574160814285,6.64479398727417,-0.005705306772142649,9.92467975616455,-0.011189492419362068,13.243963241577148
11079075198,0,128.12106323242188,116.10650634765625,127.92803955078125,95.60433959960938,127.89663696289062,88.12564086914062,127.86263275146484,84.21348571777344,0.00324384612031281,3.3726859092712402,-0.003602903801947832,6.649550914764404,-0.007575283292680979,9.91896915435791,-0.013292118906974792,13.224284172058105
11104075198,0,127.94795227050781,115.66624450683594,127.82977294921875,95.48823547363281,127.80107116699219,88.07035827636719,127.7476806640625,84.17778778076172,-0.001408661250025034,3.4107236862182617,-0.008565029129385948,6.6843976974487305,-0.014629275538027287,9.9544677734375,-0.0244868416339159,13.264222145080566
11129075199,0,128.00387573242188,115.65148162841797,127.83206176757812,95.43793487548828,127.81330871582031,88.02790069580078,127.78691101074219,84.15088653564453,0.00010493140143807977,3.4120125770568848,-0.008468001149594784,6.699601650238037,-0.013765692710876465,9.98189640045166,-0.020725438371300697,13.294474601745605
11154075199,0,128.06301879882812,116.1087417602539,127.88740539550781,95.5494155883789,127.87446594238281,88.05704498291016,127.83919525146484,84.1861572265625,0.001688480726443231,3.372494697570801,-0.005650515668094158,6.665992259979248,-0.009239460341632366,9.963052749633789,-0.0155949043110013,13.254837036132812
11179075200,0,128.05516052246094,116.06570434570312,127.86148071289062,95.50435638427734,127.8569564819336,88.01625061035156,127.83717346191406,84.14119720458984,0.0014793750597164035,3.3761789798736572,-0.006964861880987883,6.679538249969482,-0.010554993525147438,9.989447593688965,-0.015849454328417778,13.305402755737305
11204075200,0,128.11294555664062,115.81674194335938,127.85409545898438,95.49837493896484,127.8742904663086,88.03495788574219,127.88275146484375,84.1513442993164,0.0030463491566479206,3.397634744644165,-0.00733806611970067,6.681340217590332,-0.009265120141208172,9.977327346801758,-0.011403383687138557,13.293957710266113
11229075200,0,128.03768920898438,115.46021270751953,127.84506225585938,95.41675567626953,127.86508178710938,87.99673461914062,127.84929656982422,84.11766815185547,0.0010248866165056825,3.4287891387939453,-0.007819538936018944,6.706022262573242,-0.009967584162950516,10.00212287902832,-0.014697881415486336,13.332015037536621
11254075201,0,128.03115844726562,115.61140441894531,127.8644027709961,95.4499740600586,127.88029479980469,87.99095916748047,127.86091613769531,84.11753845214844,0.0008443574770353734,3.415515422821045,-0.0068337502889335155,6.695956707000732,-0.008846860378980637,10.005880355834961,-0.01356478687375784,13.332161903381348
11279075201,0,127.95850372314453,115.49185943603516,127.859375,95.43995666503906,127.87032318115234,87.99979400634766,127.84239196777344,84.12967681884766,-0.0011275914730504155,3.4260029792785645,-0.00709016527980566,6.698988914489746,-0.009578523226082325,10.000133514404297,-0.01535605825483799,13.318419456481934
11304075201,0,127.86626434326172,115.5143051147461,127.80540466308594,95.43550109863281,127.79446411132812,87.99227142333984,127.75816345214844,84.1248550415039,-0.0036321671213954687,3.424029588699341,-0.0098131587728858,6.700338363647461,-0.015188964083790779,10.005025863647461,-0.023571977391839027,13.323875427246094
11329075202,0,127.8255615234375,115.43112182617188,127.81766510009766,95.3655014038086,127.83345031738281,87.95808410644531,127.82022094726562,84.11161041259766,-0.004746700637042522,3.4313535690307617,-0.009222429245710373,6.721610069274902,-0.012334277853369713,10.02731704711914,-0.01754235289990902,13.338883399963379
11354075202,0,127.94224548339844,115.39278411865234,127.84982299804688,95.31745147705078,127.86750793457031,87.94159698486328,127.87158203125,84.09613037109375,-0.0015729650622233748,3.434738874435425,-0.007611548062413931,6.736285209655762,-0.009822198189795017,10.038101196289062,-0.012546712532639503,13.356465339660645
11379075203,0,127.90966796875,115.43551635742188,127.89840698242188,95.32151794433594,127.93851470947266,87.93518829345703,127.94783020019531,84.08772277832031,-0.0024578049778938293,3.4309661388397217,-0.005148226860910654,6.73504114151001,-0.00455999793484807,10.042298316955566,-0.005100646987557411,13.366032600402832
11404075203,0,127.93250274658203,115.44660186767578,127.89348602294922,95.37837982177734,127.92794799804688,87.97908782958984,127.92005920410156,84.11467742919922,-0.0018360349349677563,3.4299886226654053,-0.005384468473494053,6.717687129974365,-0.005328987259417772,10.013609886169434,-0.007798430975526571,13.335404396057129
11429075203,0,127.9234619140625,115.49415588378906,127.8882827758789,95.3852767944336,127.92793273925781,87.96663665771484,127.91649627685547,84.10550689697266,-0.0020796838216483593,3.4258010387420654,-0.005645836237818003,6.715587615966797,-0.0053342729806900024,10.021732330322266,-0.008152174763381481,13.345809936523438
11454075204,0,128.0269317626953,115.29701232910156,127.98420715332031,95.32392120361328,128.02391052246094,87.94143676757812,128.00784301757812,84.08775329589844,0.0007351187523454428,3.443221092224121,-0.0008002201793715358,6.7343058586120605,0.0017726061632856727,10.038206100463867,0.0007668108446523547,13.365998268127441
11479075204,0,128.1274871826172,115.26885986328125,128.070068359375,95.29714965820312,128.12454223632812,87.9360122680664,128.11880493164062,84.09217071533203,0.0034821038134396076,3.4457216262817383,0.0035544289276003838,6.742504596710205,0.009236079640686512,10.041759490966797,0.011611299589276314,13.360969543457031
11504075204,0,128.21827697753906,115.43296813964844,128.2762908935547,95.33418273925781,128.35684204101562,87.94679260253906,128.34254455566406,84.1052017211914,0.005939352326095104,3.4311909675598145,0.013993443921208382,6.731168746948242,0.026445593684911728,10.034700393676758,0.033442266285419464,13.34615707397461
11529075205,0,128.29490661621094,115.18081665039062,128.35226440429688,95.2627182006836,128.42601013183594,87.9126205444336,128.39601135253906,84.07718658447266,0.008071315474808216,3.4535627365112305,0.017896121367812157,6.753076076507568,0.03163944557309151,10.057108879089355,0.03875185549259186,13.378043174743652
11554075205,0,128.22149658203125,114.97681427001953,128.33233642578125,95.21686553955078,128.38211059570312,87.90070343017578,128.3111114501953,84.05642700195312,0.006090927869081497,3.4718549251556396,0.016917064785957336,6.767203330993652,0.028400328010320663,10.064945220947266,0.03049635887145996,13.401766777038574
11579075206,0,128.2926025390625,114.836669921875,128.35177612304688,95.18722534179688,128.38844299316406,87.88455200195312,128.3207550048828,84.03414154052734,0.008072592318058014,3.4845221042633057,0.017929499968886375,6.776364803314209,0.02890034019947052,10.075586318969727,0.03149988502264023,13.427326202392578
11604075206,0,128.3798370361328,114.79226684570312,128.3833465576172,95.17200469970703,128.386962890625,87.88999938964844,128.29220581054688,84.04171752929688,0.0104901734739542,3.4885528087615967,0.019551433622837067,6.781078815460205,0.028780348598957062,10.07199478149414,0.02867814525961876,13.41862678527832
11629075206,0,128.28140258789062,114.54661560058594,128.2087860107422,95.10369873046875,128.18370056152344,87.88223266601562,128.09693908691406,84.03606414794922,0.007816524244844913,3.5110039710998535,0.010679981671273708,6.802309513092041,0.01366940513253212,10.077116966247559,0.009518424980342388,13.425117492675781
11654075207,0,128.16793823242188,114.61546325683594,128.0631866455078,95.11722564697266,128.03927612304688,87.88436889648438,127.97502899169922,84.0308609008789,0.004657287150621414,3.504685878753662,0.003230280475690961,6.798095703125,0.0029221954755485058,10.075706481933594,-0.002452957211062312,13.431096076965332
11679075207,0,128.12380981445312,114.66472625732422,128.04112243652344,95.12877655029297,128.03659057617188,87.87751007080078,127.98966979980469,84.01822662353516,0.0034295469522476196,3.5001771450042725,0.002101245569065213,6.794500350952148,0.00272356322966516,10.080231666564941,-0.0010158251971006393,13.445636749267578
11704075207,0,128.16905212402344,114.6473388671875,128.07933044433594,95.09668731689453,128.0736083984375,87.85755920410156,128.02029418945312,84.0135269165039,0.004684673622250557,3.50176739692688,0.004059203434735537,6.804495811462402,0.005485821515321732,10.09341812133789,0.0019964196253567934,13.451053619384766
11729075208,0,128.19528198242188,114.50917053222656,128.1346893310547,95.01744079589844,128.1473846435547,87.81453704833984,128.1123046875,83.9907455444336,0.005429129581898451,3.51444935798645,0.0069155506789684296,6.8292999267578125,0.011014034040272236,10.121964454650879,0.01106884516775608,13.477368354797363
11754075208,0,128.21731567382812,114.1938705444336,128.10707092285156,94.91343688964844,128.1136932373047,87.77845001220703,128.0937957763672,83.97290802001953,0.006086846347898245,3.543700695037842,0.00552245182916522,6.862113952636719,0.00851571187376976,10.146029472351074,0.009258364327251911,13.498043060302734
11779075209,0,128.16160583496094,114.18655395507812,128.01394653320312,94.93175506591797,128.00997924804688,87.78246307373047,127.98871612548828,83.96097564697266,0.004527240991592407,3.544384479522705,0.0007187528535723686,6.8563127517700195,0.0007472633151337504,10.14334774017334,-0.0011149164056405425,13.511908531188965
11804075209,0,128.15164184570312,114.38330078125,127.98040771484375,94.97712707519531,127.96698760986328,87.7954330444336,127.94766235351562,83.98660278320312,0.004228388890624046,3.5260744094848633,-0.0010077203623950481,6.841984272003174,-0.0024699950590729713,10.134690284729004,-0.005160226020962,13.482165336608887
11829075209,0,128.22723388671875,114.56619262695312,128.0667724609375,95.05392456054688,128.05697631835938,87.83488464355469,128.01800537109375,84.01481628417969,0.00630897656083107,3.5092053413391113,0.0034229704178869724,6.817859649658203,0.0042523606680333614,10.108444213867188,0.0017710694810375571,13.449566841125488
11854075210,0,128.35150146484375,114.7950668334961,128.13235473632812,95.14006042480469,128.11093139648438,87.87071228027344,128.071044921875,84.03551483154297,0.009706978686153889,3.4882984161376953,0.006759672425687313,6.790992259979248,0.008260545320808887,10.084721565246582,0.006976201198995113,13.425747871398926
11879075210,0,128.18142700195312,114.74256134033203,128.0376739501953,95.10366821289062,128.0296630859375,87.84230041503906,127.99834442138672,84.0130844116211,0.005016398150473833,3.493074655532837,0.0019271292258054018,6.802319049835205,0.0022128333803266287,10.103525161743164,-0.000162871801876463,13.451562881469727
11904075210,0,128.1411895751953,114.80094909667969,128.11614990234375,95.11920166015625,128.08786010742188,87.83871459960938,128.0126190185547,84.02783966064453,0.00389852118678391,3.4877641201019287,0.005937404930591583,6.79748010635376,0.0065557509660720825,10.105902671813965,0.0012399054830893874,13.4345703125
11929075211,0,128.31771850585938,115.145263671875,128.3170623779297,95.19355773925781,128.30389404296875,87.85298919677734,128.2249755859375,84.03826141357422,0.008702821098268032,3.4567384719848633,0.016155783087015152,6.7744059562683105,0.022654874250292778,10.096443176269531,0.022086264565587044,13.42259407043457
11954075211,0,128.30104064941406,114.98139953613281,128.27711486816406,95.15130615234375,128.26223754882812,87.84120178222656,128.19163513183594,84.0335922241211,0.008277423679828644,3.4714417457580566,0.014146042987704277,6.787498950958252,0.019563989713788033,10.104253768920898,0.018820470198988914,13.427957534790039
11979075212,0,128.21510314941406,115.00985717773438,128.25311279296875,95.1579360961914,128.21649169921875,87.84790802001953,128.10423278808594,84.06221771240234,0.0059105707332491875,3.4688804149627686,0.012917094863951206,6.785440921783447,0.016144325956702232,10.099807739257812,0.010212400928139687,13.3951416015625
12004075212,0,128.24880981445312,115.11038208007812,128.2206268310547,95.22216796875,128.20359802246094,87.88912963867188,128.13880920410156,84.086181640625,0.006820815149694681,3.4598588943481445,0.011228098534047604,6.765566825866699,0.015143424272537231,10.072568893432617,0.013573122210800648,13.367788314819336
12029075212,0,128.21397399902344,115.21453094482422,128.26748657226562,95.26119995117188,128.27630615234375,87.9078140258789,128.21022033691406,84.11151123046875,0.00585169717669487,3.450556516647339,0.013590032234787941,6.753542900085449,0.020527247339487076,10.06026840209961,0.02051289938390255,13.338995933532715
12054075213,0,128.072021484375,115.33736419677734,128.14341735839844,95.31236267089844,128.15185546875,87.92899322509766,128.08583068847656,84.13895416259766,0.0019640394020825624,3.4396424293518066,0.007270529866218567,6.737843036651611,0.011266596615314484,10.04636001586914,0.008356261067092419,13.30793571472168
12079075213,0,127.9581069946289,115.7203369140625,127.92003631591797,95.43063354492188,127.9114990234375,87.97241973876953,127.85708618164062,84.17229461669922,-0.001132422941736877,3.4060089588165283,-0.004033289849758148,6.701813697814941,-0.0065482910722494125,10.01795768737793,-0.013875621370971203,13.270389556884766
12104075213,0,127.94352722167969,115.96652221679688,127.90191650390625,95.50991821289062,127.8948974609375,87.99749755859375,127.85559844970703,84.19607543945312,-0.0015179855981841683,3.384697437286377,-0.0049305506981909275,6.677863121032715,-0.0077644698321819305,10.001626968383789,-0.013992727734148502,13.243732452392578
12129075214,0,128.07659912109375,115.98892974853516,127.99222564697266,95.48957824707031,127.97359466552734,87.98261260986328,127.93594360351562,84.1814193725586,0.002057932084426284,3.3827695846557617,-0.0003911466628778726,6.6839919090271,-0.0019525156822055578,10.011314392089844,-0.0062146298587322235,13.260149002075195
12154075214,0,128.19369506835938,116.04754638671875,128.18150329589844,95.50595092773438,128.1822509765625,87.9800033569336,128.1684112548828,84.1597900390625,0.0051969378255307674,3.3777358531951904,0.009125513024628162,6.679057598114014,0.013478564098477364,10.01301383972168,0.01636800356209278,13.284446716308594
12179075215,0,128.1422119140625,116.19828796386719,128.0672607421875,95.56964111328125,128.03692626953125,88.01705169677734,127.99604797363281,84.19281005859375,0.0038026045076549053,3.364851474761963,0.0033725574612617493,6.659929275512695,0.0027246044483035803,9.988927841186523,-0.000383059901650995,13.247387886047363
12204075215,0,128.05340576171875,115.98860168457031,127.91730499267578,95.47438049316406,127.88052368164062,87.9686508178711,127.84843444824219,84.15299987792969,0.0014348238473758101,3.3827977180480957,-0.00416328152641654,6.6885786056518555,-0.008842279203236103,10.020416259765625,-0.014738987199962139,13.292092323303223
12229075215,0,128.02163696289062,115.87490844726562,127.9560546875,95.39550018310547,127.94143676757812,87.93091583251953,127.91584014892578,84.13093566894531,0.0005828150315210223,3.3926002979278564,-0.0022198869846761227,6.7124786376953125,-0.004344451241195202,10.045099258422852,-0.00819900818169117,13.316996574401855
12254075216,0,128.06246948242188,115.60968017578125,128.04457092285156,95.34893798828125,128.0308380126953,87.91716003417969,127.99883270263672,84.1187744140625,0.0016929169651120901,3.415666341781616,0.002255979459732771,6.7266621589660645,0.0022896621376276016,10.054125785827637,-0.00011383437959011644,13.330760955810547
12279075216,0,128.05419921875,115.87700653076172,128.08482360839844,95.45116424560547,128.05862426757812,87.9620132446289,128.015625,84.15973663330078,0.0014598447596654296,3.39241886138916,0.004274673759937286,6.695596218109131,0.004340506624430418,10.024749755859375,0.0015186108648777008,13.284506797790527
12304075216,0,128.03858947753906,115.71319580078125,127.9874038696289,95.42521667480469,127.94799041748047,87.96090698242188,127.9322509765625,84.13700866699219,0.0010432946728542447,3.406630754470825,-0.0006354833603836596,6.703455924987793,-0.003851026063784957,10.025472640991211,-0.00659693218767643,13.31013298034668
12329075217,0,127.97727966308594,115.66476440429688,127.86669921875,95.43647766113281,127.80914306640625,87.96351623535156,127.78077697753906,84.1303939819336,-0.0006149421678856015,3.4108526706695557,-0.006721883546561003,6.700042724609375,-0.014129606075584888,10.02376937866211,-0.0213580634444952,13.317608833312988
12354075217,0,127.85496520996094,115.53406524658203,127.65678405761719,95.37554931640625,127.58544158935547,87.93055725097656,127.54762268066406,84.0946273803711,-0.0039372555911540985,3.4222939014434814,-0.01735226809978485,6.718548774719238,-0.030754268169403076,10.045334815979004,-0.0442037358880043,13.358175277709961
12379075217,0,127.79344177246094,115.47069549560547,127.61810302734375,95.33132934570312,127.54118347167969,87.90945434570312,127.49967956542969,84.07720947265625,-0.005615605041384697,3.427865743637085,-0.019344493746757507,6.732040882110596,-0.03408273309469223,10.059189796447754,-0.04895896837115288,13.378016471862793
12404075218,0,127.80049133300781,115.5228271484375,127.78433990478516,95.31574249267578,127.73322296142578,87.87423706054688,127.66468811035156,84.05806732177734,-0.0054174549877643585,3.423280954360962,-0.010931284166872501,6.7368083000183105,-0.019861232489347458,10.082392692565918,-0.03286411240696907,13.399889945983887
12429075218,0,127.82235717773438,115.465087890625,127.84012603759766,95.30821228027344,127.77322387695312,87.85618591308594,127.68519592285156,84.0516128540039,-0.004830117803066969,3.4283595085144043,-0.008106239140033722,6.739114284515381,-0.016902433708310127,10.094326972961426,-0.030870653688907623,13.407279968261719
12454075219,0,127.85918426513672,115.33692932128906,127.81437683105469,95.31269073486328,127.72075653076172,87.88268280029297,127.61924743652344,84.08171081542969,-0.003840110497549176,3.4396812915802,-0.009410017170011997,6.7377424240112305,-0.020778289064764977,10.07681941986084,-0.03724474832415581,13.372883796691895
12479075219,0,127.98927307128906,115.16356658935547,127.92344665527344,95.22640228271484,127.8314208984375,87.84681701660156,127.718017578125,84.06782531738281,-0.0002937032259069383,3.4551029205322266,-0.003895227797329426,6.764260292053223,-0.012572229839861393,10.100530624389648,-0.027614912018179893,13.388731002807617
12504075219,0,127.94300842285156,115.02657318115234,127.78887939453125,95.19256591796875,127.68021392822266,87.84426879882812,127.57183074951172,84.04745483398438,-0.0015653971349820495,3.467377185821533,-0.010758022777736187,6.774712562561035,-0.023852726444602013,10.10222053527832,-0.042002081871032715,13.412046432495117
12529075220,0,127.96517181396484,115.01093292236328,127.79466247558594,95.17849731445312,127.68045806884766,87.84066009521484,127.56892395019531,84.02629089355469,-0.0009569794638082385,3.468783378601074,-0.010469687171280384,6.779067516326904,-0.02383994311094284,10.104612350463867,-0.04236164316534996,13.436351776123047
12554075220,0,128.06646728515625,114.97882080078125,127.88044738769531,95.17362213134766,127.76673126220703,87.85079956054688,127.6543197631836,84.04273223876953,0.0018276965711265802,3.4716742038726807,-0.006096994504332542,6.780577659606934,-0.01739225909113884,10.097892761230469,-0.03392346203327179,13.417462348937988
12579075220,0,128.12112426757812,114.83666229248047,127.9360122680664,95.12153625488281,127.83650207519531,87.8206787109375,127.74139404296875,84.02670288085938,0.003341690404340625,3.484522819519043,-0.003270624438300729,6.796753406524658,-0.012213435024023056,10.117880821228027,-0.025412218645215034,13.43587875366211
12604075221,0,128.22828674316406,114.57008361816406,128.061279296875,95.06373596191406,127.96826934814453,87.80522918701172,127.87047576904297,84.00314331054688,0.006337628699839115,3.508847951889038,0.0031400369480252266,6.814789295196533,-0.002372623421251774,10.12816047668457,-0.012752833776175976,13.463035583496094
12629075221,0,128.27989196777344,114.75436401367188,128.23536682128906,95.10376739501953,128.18759155273438,87.82999420166016,128.09849548339844,84.03700256347656,0.007736786734312773,3.492000102996826,0.012039628811180592,6.80228853225708,0.01400500163435936,10.111690521240234,0.009670493192970753,13.424039840698242
12654075222,0,128.19085693359375,114.7234115600586,128.15586853027344,95.07440185546875,128.11495971679688,87.81950378417969,128.03707885742188,84.01554870605469,0.005279498174786568,3.4948196411132812,0.00798323005437851,6.8114542961120605,0.00858822651207447,10.118661880493164,0.0036469800397753716,13.448722839355469
12679075222,0,128.11343383789062,115.01693725585938,128.04173278808594,95.1613998413086,128.00437927246094,87.85108947753906,127.94168853759766,84.02983856201172,0.0031164041720330715,3.4682435989379883,0.0021294294856488705,6.784367084503174,0.00032650772482156754,10.097700119018555,-0.005728550720959902,13.432271957397461
12704075222,0,128.03817749023438,115.02941131591797,127.9185562133789,95.20120239257812,127.88248443603516,87.86495208740234,127.81175231933594,84.021240234375,0.0010485583916306496,3.4671220779418945,-0.004148567095398903,6.7720417976379395,-0.00875401496887207,10.088528633117676,-0.018506785854697227,13.44216537475586
12729075223,0,128.0466766357422,114.91502380371094,127.88922119140625,95.19866943359375,127.84749603271484,87.8626708984375,127.78657531738281,84.01316833496094,0.0012854074593633413,3.4774296283721924,-0.005643444135785103,6.772824764251709,-0.011362017132341862,10.090036392211914,-0.020996054634451866,13.451465606689453
12754075223,0,128.1670684814453,114.8139877319336,128.00355529785156,95.22538757324219,127.98229217529297,87.90432739257812,127.9406967163086,84.03546905517578,0.004611683543771505,3.4865801334381104,0.00018091045785695314,6.764573097229004,-0.001315832370892167,10.062561988830566,-0.0058232625015079975,13.425801277160645
12779075223,0,128.1350555419922,114.84300231933594,128.0560302734375,95.24405670166016,128.03811645507812,87.93522644042969,127.97496032714844,84.05118560791016,0.003725487971678376,3.483947992324829,0.0028487967792898417,6.758818626403809,0.00282686366699636,10.04227352142334,-0.0024555542040616274,13.407770156860352
12804075224,0,128.17991638183594,114.85707092285156,128.03732299804688,95.24365997314453,127.96330261230469,87.93203735351562,127.85310363769531,84.05416870117188,0.004961338359862566,3.482672929763794,0.001897678361274302,6.758940696716309,-0.0027221650816500187,10.044363975524902,-0.014402054250240326,13.404353141784668
12829075224,0,128.14157104492188,114.78530883789062,127.98308563232422,95.2496566772461,127.91343688964844,87.9530029296875,127.81671142578125,84.074462890625,0.003910482861101627,3.489185094833374,-0.0008597850101068616,6.757094860076904,-0.0064127021469175816,10.030638694763184,-0.017939824610948563,13.38115119934082
12854075225,0,128.11846923828125,115.03378295898438,128.08499145507812,95.32417297363281,128.06072998046875,87.97200775146484,127.98424530029297,84.09285736083984,0.003253469243645668,3.4667294025421143,0.004306452348828316,6.73422908782959,0.004493598826229572,10.018227577209473,-0.0015396849485114217,13.360188484191895
12879075225,0,128.12791442871094,115.01325988769531,128.14259338378906,95.28449249267578,128.12889099121094,87.92692565917969,128.06082153320312,84.05564880371094,0.0035145345609635115,3.468574285507202,0.007237411569803953,6.746387004852295,0.009564036503434181,10.04771614074707,0.005962349474430084,13.402658462524414
12904075225,0,127.95533752441406,115.01776885986328,127.94133758544922,95.252685546875,127.8924789428711,87.88783264160156,127.77731323242188,84.02793884277344,-0.001227002707310021,3.4681687355041504,-0.0029815183952450752,6.756162643432617,-0.007997965440154076,10.073423385620117,-0.02188032679259777,13.434455871582031
12929075226,0,128.02976989746094,115.20378875732422,128.03253173828125,95.32239532470703,127.99893951416016,87.92233276367188,127.89868927001953,84.07209777832031,0.0008143407758325338,3.4515140056610107,0.001648484030738473,6.734772682189941,-7.871343404985964e-05,10.05073070526123,-0.00991798285394907,13.383851051330566
12954075226,0,128.0214080810547,115.30171966552734,127.96952819824219,95.37800598144531,127.95325469970703,87.96247863769531,127.89306640625,84.07831573486328,0.0005842829705215991,3.442803382873535,-0.0015404276782646775,6.717800617218018,-0.003460893640294671,10.024445533752441,-0.010463052429258823,13.376754760742188
12979075226,0,128.0165252685547,115.02195739746094,127.96426391601562,95.30831909179688,127.92686462402344,87.94070434570312,127.85905456542969,84.07356262207031,0.00045395104098133743,3.467792272567749,-0.0018119518645107746,6.739081382751465,-0.005422139074653387,10.03868579864502,-0.013796413317322731,13.38217830657959
13004075227,0,128.0507354736328,115.20152282714844,128.03713989257812,95.3971176147461,127.99443817138672,87.98847198486328,127.93186950683594,84.12548065185547,0.0013879163889214396,3.4517157077789307,0.0018759832018986344,6.711987018585205,-0.0004111130256205797,10.007497787475586,-0.006640384905040264,13.32316780090332
13029075227,0,128.21319580078125,115.5819091796875,128.15609741210938,95.47489929199219,128.1164093017578,88.03181457519531,128.06704711914062,84.18550872802734,0.005781267303973436,3.418097734451294,0.00785855296999216,6.688421726226807,0.008581350557506084,9.979361534118652,0.0065026008524000645,13.255563735961914
13054075228,0,128.19139099121094,115.51603698730469,128.04360961914062,95.44586944580078,127.97874450683594,88.01312255859375,127.93065643310547,84.1725082397461,0.005197838880121708,3.423877477645874,0.0021981969475746155,6.697198867797852,-0.0015687212580814958,9.991477012634277,-0.00673250574618578,13.270148277282715
13079075228,0,128.1428985595703,115.33395385742188,128.00303649902344,95.36842346191406,127.94575500488281,87.97599792480469,127.90072631835938,84.14727783203125,0.0038971772883087397,3.4399447441101074,0.0001535657502245158,6.720719814300537,-0.00401275185868144,10.015625,-0.00965841393917799,13.298542022705078
13104075228,0,128.14649963378906,115.66465759277344,128.06610107421875,95.42889404296875,128.0066375732422,87.98485565185547,127.93199157714844,84.13860321044922,0.003965127281844616,3.4108619689941406,0.003334320615977049,6.702340602874756,0.0004907397669740021,10.00985336303711,-0.006621320731937885,13.308331489562988
13129075229,0,127.93305969238281,116.3812484741211,127.79008483886719,95.56780242919922,127.70967864990234,88.01156616210938,127.65376281738281,84.1724853515625,-0.0017825380200520158,3.3493309020996094,-0.010526290163397789,6.660479545593262,-0.021428700536489487,9.992487907409668,-0.03361592814326286,13.270174980163574
13154075229,0,127.88919830322266,115.96409606933594,127.68812561035156,95.49189758300781,127.64160919189453,87.99748229980469,127.6148910522461,84.15690612792969,-0.0029785088263452053,3.38490629196167,-0.015689615160226822,6.683292865753174,-0.026476211845874786,10.001636505126953,-0.03743787482380867,13.28769302368164
13179075229,0,127.82266998291016,116.69265747070312,127.59085083007812,95.69977569580078,127.49160766601562,88.09414672851562,127.42727661132812,84.2450942993164,-0.004689177963882685,3.3232064247131348,-0.02040272206068039,6.621163368225098,-0.03733203560113907,9.939162254333496,-0.05527559667825699,13.189115524291992
13204075230,0,127.78201293945312,116.50767517089844,127.4773178100586,95.63589477539062,127.3569564819336,88.06294250488281,127.290771484375,84.22813415527344,-0.0057882387191057205,3.3386807441711426,-0.02613462507724762,6.640139102935791,-0.047311414033174515,9.959247589111328,-0.0685451328754425,13.207962989807129
13229075230,0,127.89967346191406,116.81226348876953,127.6536636352539,95.70535278320312,127.53201293945312,88.07635498046875,127.45521545410156,84.23717498779297,-0.0026458764914423227,3.3132688999176025,-0.017266420647501945,6.619511127471924,-0.03440304473042488,9.950604438781738,-0.052613142877817154,13.197909355163574
13254075231,0,127.84567260742188,116.50726318359375,127.61736297607422,95.60783386230469,127.51557159423828,88.03359985351562,127.44245147705078,84.20597839355469,-0.004097913391888142,3.3387153148651123,-0.019154971465468407,6.648507118225098,-0.03570665419101715,9.978205680847168,-0.05398346111178398,13.232664108276367
13279075231,0,127.78401184082031,116.61038970947266,127.63378143310547,95.626220703125,127.5727310180664,88.04815673828125,127.52263641357422,84.23209381103516,-0.005721956957131624,3.3300726413726807,-0.018318787217140198,6.643021583557129,-0.03146493807435036,9.968791961669922,-0.04612104222178459,13.203557968139648
13304075231,0,127.65170288085938,116.72364044189453,127.4358139038086,95.6173095703125,127.35310363769531,88.02841186523438,127.31995391845703,84.21809387207031,-0.009203718975186348,3.320626974105835,-0.028232062235474586,6.645679473876953,-0.04769741743803024,9.981565475463867,-0.06577873229980469,13.219145774841309
13329075232,0,127.69279479980469,116.75141143798828,127.57130432128906,95.61698150634766,127.5125503540039,88.02749633789062,127.48230743408203,84.22107696533203,-0.008112831972539425,3.3183183670043945,-0.021452372893691063,6.645777225494385,-0.035943031311035156,9.982157707214355,-0.05006256327033043,13.215821266174316
13354075232,0,128.04177856445312,116.79601287841797,127.98860168457031,95.67657470703125,127.99688720703125,88.06468963623047,128.0038299560547,84.25083923339844,0.0011022110702469945,3.3146159648895264,-0.0005689478712156415,6.6280436515808105,-0.00022899634495843202,9.958121299743652,0.00036946951877325773,13.182743072509766
13379075232,0,128.05947875976562,116.70695495605469,128.02127075195312,95.6871566772461,128.03001403808594,88.08734130859375,128.02471923828125,84.2809829711914,0.0015723073156550527,3.3220155239105225,0.0010612569749355316,6.624903678894043,0.0022049094550311565,9.943535804748535,0.0023787710815668106,13.149404525756836
13404075233,0,128.13076782226562,116.52215576171875,128.0411376953125,95.67193603515625,128.03045654296875,88.0946273803711,128.01657104492188,84.26549530029297,0.0034711656626313925,3.3374648094177246,0.0020537935197353363,6.629420280456543,0.002236404223367572,9.93885326385498,0.0015966711798682809,13.166513442993164
13429075233,0,128.12818908691406,116.31273651123047,128.05862426757812,95.62699127197266,128.066650390625,88.07907104492188,128.0736083984375,84.25261688232422,0.003418795531615615,3.3551278114318848,0.0029323759954422712,6.642792224884033,0.004898829851299524,9.948856353759766,0.007099849171936512,13.180771827697754
13454075234,0,128.2365264892578,116.0127944946289,128.1581268310547,95.59552764892578,128.1900634765625,88.08534240722656,128.19972229003906,84.24075317382812,0.006351137068122625,3.38071870803833,0.007920024916529655,6.652183532714844,0.013964295387268066,9.944822311401367,0.01928275264799595,13.193934440612793
13479075234,0,128.51963806152344,115.99030303955078,128.40664672851562,95.60535430908203,128.42481994628906,88.09105682373047,128.41571044921875,84.24928283691406,0.013960296288132668,3.3826515674591064,0.020359044894576073,6.649248123168945,0.031201176345348358,9.941147804260254,0.04010799527168274,13.184469223022461
13504075234,0,128.5777587890625,115.7752914428711,128.4425506591797,95.54364013671875,128.4669647216797,88.10487365722656,128.45433044433594,84.24798583984375,0.015597972087562084,3.401230812072754,0.022214679047465324,6.667725563049316,0.03426710516214371,9.932275772094727,0.04383871331810951,13.185907363891602
13529075235,0,128.48802185058594,115.90383911132812,128.3079071044922,95.57530212402344,128.28768920898438,88.12017059326172,128.2129364013672,84.25261688232422,0.013136733323335648,3.3901009559631348,0.015435229055583477,6.658233642578125,0.021091358736157417,9.922471046447754,0.020538639277219772,13.180771827697754
13554075235,0,128.5572967529297,116.10392761230469,128.34303283691406,95.60088348388672,128.28854370117188,88.12525177001953,128.1796417236328,84.25403594970703,0.014933439902961254,3.37290620803833,0.01717742532491684,6.650583267211914,0.021147338673472404,9.919219017028809,0.01732521876692772,13.179200172424316
13579075235,0,128.38243103027344,115.9958267211914,128.23699951171875,95.57262420654297,128.19589233398438,88.11195373535156,128.09803771972656,84.26143646240234,0.010272881016135216,3.382176637649536,0.011882015503942966,6.6590352058410645,0.014368779957294464,9.927736282348633,0.009449361823499203,13.171003341674805
13604075236,0,128.24734497070312,115.53453063964844,128.20486450195312,95.40120697021484,128.20196533203125,88.02851104736328,128.1538543701172,84.18013763427734,0.006714595947414637,3.422253131866455,0.010346157476305962,6.7107439041137695,0.014891357161104679,9.981500625610352,0.014928228221833706,13.261585235595703
13629075236,0,128.2550048828125,115.49113464355469,128.20387268066406,95.4082260131836,128.19764709472656,88.06212615966797,128.14871215820312,84.22193145751953,0.006929444149136543,3.4260668754577637,0.010292980819940567,6.708611488342285,0.014542465098202229,9.959774017333984,0.014379946514964104,13.214869499206543
13654075236,0,128.17002868652344,114.99812316894531,128.18670654296875,95.29100036621094,128.210693359375,88.04422760009766,128.18963623046875,84.22547149658203,0.004673296585679054,3.4699361324310303,0.009473753161728382,6.744390487670898,0.01551967766135931,9.971331596374512,0.018331851810216904,13.21092700958252
13679075237,0,128.30213928222656,115.15814208984375,128.1832733154297,95.38294982910156,128.2171630859375,88.09693908691406,128.2082977294922,84.27690124511719,0.008273611776530743,3.45558762550354,0.009262977167963982,6.7162957191467285,0.015943855047225952,9.937369346618652,0.02005147933959961,13.153908729553223
13704075237,0,128.33203125,115.04580688476562,128.12527465820312,95.31635284423828,128.1558380126953,88.04145812988281,128.1631317138672,84.21578979492188,0.009115883149206638,3.465649366378784,0.006349700503051281,6.736621856689453,0.011481012217700481,9.973121643066406,0.015782197937369347,13.22171401977539
13729075238,0,128.42788696289062,114.89443969726562,128.1422119140625,95.32720947265625,128.16221618652344,88.09858703613281,128.17388916015625,84.29007720947266,0.011789047159254551,3.47929048538208,0.0072048320434987545,6.733300685882568,0.011908500455319881,9.936310768127441,0.016721243038773537,13.139378547668457
13754075238,0,128.25003051757812,114.68141174316406,128.0195770263672,95.28704833984375,128.03329467773438,88.12115478515625,128.0359649658203,84.32261657714844,0.006923168431967497,3.498652458190918,0.0009935344569385052,6.745602607727051,0.002440783893689513,9.921841621398926,0.003449271200224757,13.103625297546387
13779075238,0,128.26608276367188,114.60637664794922,128.01885986328125,95.25810241699219,128.02671813964844,88.06525421142578,128.02606201171875,84.26483917236328,0.0073806182481348515,3.5055181980133057,0.0009583295905031264,6.754495620727539,0.0019654829520732164,9.957756996154785,0.0025112892035394907,13.167238235473633
13804075239,0,128.30482482910156,114.72176361083984,127.98705291748047,95.35611724853516,127.9659423828125,88.13577270507812,127.95403289794922,84.33084106445312,0.008432411588728428,3.4949700832366943,-0.0006551215774379671,6.724471569061279,-0.002494452055543661,9.912490844726562,-0.004405600018799305,13.094618797302246
13829075239,0,128.24655151367188,114.4814682006836,127.87928771972656,95.24295043945312,127.83932495117188,88.04617309570312,127.82020568847656,84.22859191894531,0.006858967710286379,3.5170016288757324,-0.006137773394584656,6.759159564971924,-0.011833892203867435,9.970073699951172,-0.017376011237502098,13.207452774047852
13854075239,0,128.29067993164062,114.3634262084961,127.97315216064453,95.19671630859375,127.97154235839844,88.03152465820312,127.98051452636719,84.219970703125,0.00810913648456335,3.527916193008423,-0.001367834280245006,6.773428916931152,-0.002097851363942027,9.979549407958984,-0.0018844797741621733,13.21705436706543
13879075240,0,128.0202178955078,114.81094360351562,127.76619720458984,95.38113403320312,127.7420654296875,88.10198974609375,127.73404693603516,84.2851791381836,0.0005581253790296614,3.48685622215271,-0.011817749589681625,6.716848850250244,-0.018931306898593903,9.934125900268555,-0.02558433637022972,13.144776344299316
13904075240,0,127.74353790283203,114.73104858398438,127.41027069091797,95.32377624511719,127.3335952758789,88.0595703125,127.28007507324219,84.26361846923828,-0.0070930058136582375,3.494123935699463,-0.029881644994020462,6.734350681304932,-0.04904048889875412,9.96142292022705,-0.0693775936961174,13.168588638305664
13929075241,0,127.39815521240234,115.6621322631836,126.68321990966797,95.708740234375,126.38809967041016,88.25392150878906,126.16756439208984,84.43003845214844,-0.016290342435240746,3.4110827445983887,-0.06563801318407059,6.618508338928223,-0.1172008141875267,9.837529182434082,-0.17422355711460114,12.98692512512207
13954075241,0,127.32508087158203,116.08586883544922,126.52685546875,96.04159545898438,126.20361328125,88.46409606933594,126.002685546875,84.58147430419922,-0.0180926825851202,3.3744518756866455,-0.07241569459438324,6.521337032318115,-0.1289474070072174,9.706841468811035,-0.18761414289474487,12.82579517364502
13979075241,0,127.0010986328125,115.29816436767578,126.0223617553711,95.51222229003906,125.51831817626953,88.1121597290039,125.10319519042969,84.31132507324219,-0.02726489119231701,3.4431188106536865,-0.0994039848446846,6.6771697998046875,-0.18203000724315643,9.927603721618652,-0.27807700634002686,13.116010665893555
14004075242,0,127.33775329589844,115.50422668457031,126.73426818847656,95.50276947021484,126.47882080078125,88.04481506347656,126.2912368774414,84.25599670410156,-0.017990324646234512,3.4249155521392822,-0.06364631652832031,6.680016040802002,-0.11204598098993301,9.970951080322266,-0.164772167801857,13.177026748657227
14029075242,0,127.47506713867188,115.59169006347656,127.0121078491211,95.4677505493164,126.84273529052734,88.0072021484375,126.72348022460938,84.23068237304688,-0.014231499284505844,3.417240858078003,-0.049749501049518585,6.690581321716309,-0.08544131368398666,9.995320320129395,-0.12334669381380081,13.205127716064453
14054075242,0,127.29425048828125,115.93663024902344,126.46772003173828,95.56498718261719,126.09818267822266,88.0611801147461,125.8221435546875,84.28015899658203,-0.018983419984579086,3.387272357940674,-0.07684605568647385,6.661323547363281,-0.1399400383234024,9.960384368896484,-0.20959258079528809,13.150313377380371
14079075243,0,127.42404174804688,116.06289672851562,126.87419128417969,95.56346893310547,126.74053955078125,88.03182983398438,126.67450714111328,84.23794555664062,-0.015447869896888733,3.37641978263855,-0.05646457150578499,6.661778450012207,-0.09284362196922302,9.979351997375488,-0.1280028074979782,13.197052955627441
14104075243,0,127.39523315429688,116.19757080078125,126.94818115234375,95.61399841308594,126.84410095214844,88.04934692382812,126.82342529296875,84.251220703125,-0.016171123832464218,3.364912509918213,-0.05264074727892876,6.64666748046875,-0.08511638641357422,9.968023300170898,-0.11349868029356003,13.182320594787598
14129075244,0,127.41666412353516,116.24089813232422,126.99015808105469,95.6370620727539,126.90802764892578,88.06591796875,126.92211151123047,84.26342010498047,-0.015582796186208725,3.3612253665924072,-0.0504905991256237,6.639791488647461,-0.08032611012458801,9.957329750061035,-0.10387543588876724,13.168807983398438
14154075244,0,127.61378479003906,116.12529754638672,127.26209259033203,95.59143829345703,127.1942138671875,88.05517578125,127.19414520263672,84.25495910644531,-0.010344091802835464,3.371079206466675,-0.03696563094854355,6.653406143188477,-0.05931374803185463,9.964259147644043,-0.07771334052085876,13.178176879882812
14179075244,0,127.68585968017578,116.20979309082031,127.3676986694336,95.5815200805664,127.30720520019531,88.04753112792969,127.28926086425781,84.24158477783203,-0.00839761272072792,3.3638715744018555,-0.031688593327999115,6.656372547149658,-0.05102077126502991,9.969196319580078,-0.06861566007137299,13.193011283874512
14204075245,0,127.72184753417969,116.18368530273438,127.39855194091797,95.58436584472656,127.34601593017578,88.05778503417969,127.32209014892578,84.24109649658203,-0.007439977489411831,3.366095781326294,-0.030138704925775528,6.655521392822266,-0.048131804913282394,9.96257495880127,-0.06544888764619827,13.19355297088623
14229075245,0,127.65657043457031,115.95932006835938,127.3952407836914,95.5224838256836,127.3299789428711,88.04366302490234,127.30533599853516,84.22795104980469,-0.009232883341610432,3.38531756401062,-0.030384352430701256,6.6740827560424805,-0.04935550317168236,9.971696853637695,-0.06713851541280746,13.20816707611084
14254075245,0,127.882568359375,115.51087951660156,127.65486907958984,95.43595123291016,127.56532287597656,88.04491424560547,127.47868347167969,84.23712921142578,-0.003189612412825227,3.424330711364746,-0.017404114827513695,6.700201988220215,-0.03201695531606674,9.970887184143066,-0.05034688115119934,13.197959899902344
14279075246,0,128.23953247070312,115.3031005859375,128.05250549316406,95.4111328125,127.98097229003906,88.05204010009766,127.86859893798828,84.25617980957031,0.006537264678627253,3.442680835723877,0.0026505314745008945,6.707729339599609,-0.001400899374857545,9.966283798217773,-0.012670519761741161,13.176824569702148
14304075246,0,128.48110961914062,115.34210968017578,128.36595153808594,95.42765808105469,128.32266235351562,88.06269073486328,128.22938537597656,84.27943420410156,0.013118513859808445,3.4392220973968506,0.018460581079125404,6.702715873718262,0.023739997297525406,9.959410667419434,0.022076895460486412,13.15111255645752
14329075247,0,128.47238159179688,115.16776275634766,128.46630859375,95.34136199951172,128.41384887695312,87.97815704345703,128.27992248535156,84.20046997070312,0.012932546436786652,3.454728126525879,0.023610102012753487,6.728975296020508,0.03061017021536827,10.014217376708984,0.027115140110254288,13.238818168640137
14354075247,0,128.34326171875,114.87674713134766,128.35922241210938,95.20698547363281,128.33824157714844,87.89889526367188,128.24081420898438,84.139892578125,0.009461373090744019,3.480890989303589,0.018293438479304314,6.770254611968994,0.025142628699541092,10.06613540649414,0.023443255573511124,13.306876182556152
14379075247,0,128.3651123046875,115.03654479980469,128.4274139404297,95.22573852539062,128.4013671875,87.88911437988281,128.28451538085938,84.12901306152344,0.010026277974247932,3.4664812088012695,0.02174852415919304,6.764464855194092,0.0298533346503973,10.072579383850098,0.02772240899503231,13.319170951843262
14404075248,0,128.30776977539062,115.01853942871094,128.33871459960938,95.24315643310547,128.30953979492188,87.89774322509766,128.1898651123047,84.12796783447266,0.008455142378807068,3.468099355697632,0.01722223125398159,6.759095668792725,0.023010795935988426,10.06689453125,0.018501536920666695,13.320353507995605
14429075248,0,128.25946044921875,114.94708251953125,128.15850830078125,95.23785400390625,128.1171112060547,87.89665985107422,128.0063934326172,84.12835693359375,0.007139834575355053,3.4745354652404785,0.008061328902840614,6.760729789733887,0.008706492371857166,10.067607879638672,0.0006229924038052559,13.31991195678711
14454075248,0,128.283203125,114.77090454101562,128.1498260498047,95.20854949951172,128.11984252929688,87.8936538696289,128.02513122558594,84.1187973022461,0.007825286127626896,3.490494966506958,0.007629392668604851,6.769771099090576,0.008911234326660633,10.069587707519531,0.002450782572850585,13.330735206604004
14479075249,0,128.3169403076172,115.02494812011719,128.10272216796875,95.30076599121094,128.0636749267578,87.94952392578125,127.9742202758789,84.15748596191406,0.00870578084141016,3.4675230979919434,0.00521008251234889,6.741395473480225,0.0047181458212435246,10.032913208007812,-0.002506023505702615,13.287040710449219
14504075249,0,128.3331298828125,115.33985900878906,128.05752563476562,95.4192123413086,128.0162353515625,87.9974365234375,127.92556762695312,84.17243194580078,0.00908399187028408,3.4394214153289795,0.0029029513243585825,6.705276966094971,0.0011993941152468324,10.001666069030762,-0.007226618472486734,13.270234107971191
14529075250,0,128.31297302246094,115.05200958251953,128.14401245117188,95.35172271728516,128.12594604492188,87.98345947265625,128.04327392578125,84.15657806396484,0.008591403253376484,3.465092420578003,0.007288392633199692,6.7258124351501465,0.009312459267675877,10.010762214660645,0.004206933081150055,13.28806209564209
14554075250,0,128.4252166748047,114.76087951660156,128.27871704101562,95.2858657836914,128.27334594726562,87.98421478271484,128.18955993652344,84.16519165039062,0.011752068996429443,3.4914071559906006,0.014145612716674805,6.745965480804443,0.02021026238799095,10.010270118713379,0.01841527782380581,13.27837085723877
14579075250,0,128.49160766601562,114.83975982666016,128.39939880371094,95.27619934082031,128.38720703125,87.97008514404297,128.2638702392578,84.155029296875,0.013561954721808434,3.4842419624328613,0.020278941839933395,6.748932838439941,0.02865409106016159,10.01948070526123,0.025655770674347878,13.289806365966797
14604075251,0,128.24221801757812,114.90726470947266,128.25596618652344,95.26510620117188,128.2604522705078,87.94245147705078,128.1632537841797,84.12925720214844,0.006671542767435312,3.478131055831909,0.013002539984881878,6.7523417472839355,0.019307393580675125,10.037541389465332,0.01590668596327305,13.318894386291504
14629075251,0,128.17408752441406,115.08495330810547,128.12339782714844,95.35214233398438,128.14891052246094,88.00646209716797,128.09339904785156,84.183349609375,0.004775212146341801,3.46213698387146,0.006244984921067953,6.725683689117432,0.010994631797075272,9.99580192565918,0.009059961885213852,13.257984161376953
14654075251,0,128.0275115966797,115.0052261352539,127.92089080810547,95.33708953857422,127.93233489990234,88.02188110351562,127.87566375732422,84.18670654296875,0.0007560407393611968,3.469296932220459,-0.004006183706223965,6.73028039932251,-0.004991164430975914,9.985796928405762,-0.012057633139193058,13.254222869873047
14679075252,0,127.95687866210938,115.25740051269531,127.92989349365234,95.3738784790039,127.94945526123047,88.01465606689453,127.87869262695312,84.19223022460938,-0.0011781008215621114,3.4467406272888184,-0.0035446896217763424,6.719058036804199,-0.003730001160874963,9.990482330322266,-0.011758574284613132,13.24803638458252
14704075252,0,127.92230224609375,115.5173110961914,127.85106658935547,95.4319839477539,127.86343383789062,88.03743743896484,127.78564453125,84.22663116455078,-0.0021100707817822695,3.423765182495117,-0.007511621806770563,6.701404094696045,-0.010063724592328072,9.975722312927246,-0.020719459280371666,13.209636688232422
14729075253,0,127.8673324584961,115.7075424194336,127.81709289550781,95.51443481445312,127.82754516601562,88.0621337890625,127.76483154296875,84.2427978515625,-0.0035872275475412607,3.40712308883667,-0.009192775003612041,6.676503658294678,-0.012688864953815937,9.959769248962402,-0.022701211273670197,13.191664695739746
14754075253,0,127.7395248413086,115.78402709960938,127.7474136352539,95.50765228271484,127.75264739990234,88.05030822753906,127.68313598632812,84.2219009399414,-0.007030743174254894,3.400472402572632,-0.012698467820882797,6.678545951843262,-0.018213093280792236,9.967401504516602,-0.03063971921801567,13.214902877807617
14779075253,0,127.69852447509766,115.69219970703125,127.70317077636719,95.50279235839844,127.68197631835938,88.05003356933594,127.58538055419922,84.21804809570312,-0.00815452728420496,3.4084599018096924,-0.01492580771446228,6.680009365081787,-0.0234171561896801,9.96757984161377,-0.04010499641299248,13.219196319580078
14804075254,0,127.67359161376953,115.51258850097656,127.63316345214844,95.46129608154297,127.5995864868164,88.0291976928711,127.5055160522461,84.19880676269531,-0.008865373209118843,3.424180269241333,-0.018478691577911377,6.692531585693359,-0.0295221246778965,9.981056213378906,-0.047905512154102325,13.240677833557129
14829075254,0,127.77027893066406,115.31922912597656,127.74610900878906,95.43960571289062,127.7271728515625,88.03550720214844,127.65026092529297,84.194091796875,-0.006267159711569548,3.4412500858306885,-0.012801110744476318,6.699095249176025,-0.020107382908463478,9.976971626281738,-0.03389575332403183,13.245951652526855
14854075254,0,127.80288696289062,115.32511901855469,127.79487609863281,95.41506958007812,127.81765747070312,88.0206069946289,127.79179382324219,84.19078063964844,-0.005376829300075769,3.440727949142456,-0.010353125631809235,6.706534385681152,-0.01345115713775158,9.98662281036377,-0.02018425427377224,13.249658584594727
14879075255,0,127.7935791015625,115.53423309326172,127.75916290283203,95.46260070800781,127.78279113769531,88.0294189453125,127.7776870727539,84.20911407470703,-0.005603680852800608,3.422279119491577,-0.012131034396588802,6.692137241363525,-0.01601438969373703,9.980913162231445,-0.021519454196095467,13.22916316986084
14904075255,0,127.82884979248047,115.31539916992188,127.80050659179688,95.40584564208984,127.83695220947266,88.00682830810547,127.8492431640625,84.19496154785156,-0.0046696653589606285,3.441589593887329,-0.010072908364236355,6.709334850311279,-0.012038164772093296,9.995563507080078,-0.014609898440539837,13.244978904724121
14929075255,0,127.77298736572266,115.44447326660156,127.74970245361328,95.40565490722656,127.79322814941406,87.99698638916016,127.82324981689453,84.20026397705078,-0.0061754146590828896,3.430176258087158,-0.012638235464692116,6.709392547607422,-0.015275795944035053,10.001958847045898,-0.01712147891521454,13.239048957824707
14954075256,0,127.91566467285156,115.04499053955078,127.81938171386719,95.3142318725586,127.85773468017578,87.97036743164062,127.89557647705078,84.17315673828125,-0.002315461402758956,3.4657223224639893,-0.009155693463981152,6.737270832061768,-0.010527729988098145,10.019296646118164,-0.010137847624719143,13.269420623779297
14979075256,0,128.10086059570312,114.87545013427734,128.0675048828125,95.2506332397461,128.11639404296875,87.94599914550781,128.1589813232422,84.15518951416016,0.0027801196556538343,3.481008529663086,0.003431239863857627,6.756794452667236,0.008626401424407959,10.035219192504883,0.015457347966730595,13.28962516784668
15004075257,0,128.1343231201172,114.8359375,128.16461181640625,95.22467041015625,128.22714233398438,87.92078399658203,128.28355407714844,84.11711883544922,0.003705895273014903,3.484588384628296,0.008376490324735641,6.76479434967041,0.01686103828251362,10.05174732208252,0.027655858546495438,13.332636833190918
15029075257,0,128.1212921142578,114.96653747558594,128.13406372070312,95.28952026367188,128.21607971191406,87.94244384765625,128.273681640625,84.11968994140625,0.003336206078529358,3.472781181335449,0.006803013850003481,6.74484395980835,0.016018053516745567,10.037546157836914,0.02668730914592743,13.329723358154297
15054075257,0,128.1913604736328,115.02727508544922,128.2666473388672,95.24742126464844,128.3294677734375,87.90677642822266,128.34056091308594,84.08625030517578,0.005256044678390026,3.4673142433166504,0.01355542428791523,6.757782936096191,0.024478308856487274,10.06095027923584,0.0333007387816906,13.36771011352539
15079075258,0,128.19821166992188,115.01433563232422,128.29782104492188,95.22762298583984,128.36395263671875,87.89942169189453,128.37356567382812,84.07581329345703,0.00544586218893528,3.468477487564087,0.015153092332184315,6.7638840675354,0.027052922174334526,10.065790176391602,0.0365595817565918,13.379610061645508
15104075258,0,128.30543518066406,114.92054748535156,128.42291259765625,95.2247543334961,128.46987915039062,87.91368103027344,128.44979858398438,84.08895874023438,0.008410163223743439,3.476930618286133,0.02152038924396038,6.764768600463867,0.034895237535238266,10.056410789489746,0.04397236555814743,13.364625930786133
15129075258,0,128.36203002929688,115.40806579589844,128.46144104003906,95.38180541992188,128.4923095703125,87.96837615966797,128.45358276367188,84.13544464111328,0.009856547228991985,3.4333887100219727,0.023323236033320427,6.716644287109375,0.03643579035997391,10.020596504211426,0.04417245090007782,13.311899185180664
15154075259,0,128.40489196777344,115.44471740722656,128.50698852539062,95.42471313476562,128.51548767089844,88.00556945800781,128.4381103515625,84.16580200195312,0.011014197021722794,3.430154800415039,0.025578465312719345,6.703608512878418,0.03806254267692566,9.996380805969238,0.042559195309877396,13.277684211730957
15179075259,0,128.3797607421875,115.62199401855469,128.48187255859375,95.46646118164062,128.49488830566406,88.02518463134766,128.43479919433594,84.18746948242188,0.010288574732840061,3.4145894050598145,0.024268070235848427,6.6909708976745605,0.03649680316448212,9.98365592956543,0.0421624481678009,13.25336742401123
15204075260,0,128.32191467285156,115.54795837402344,128.4029541015625,95.41175079345703,128.42576599121094,87.98763275146484,128.38497924804688,84.16065979003906,0.008736221119761467,3.421074390411377,0.020341001451015472,6.707541465759277,0.03147295117378235,10.008045196533203,0.037413712590932846,13.283467292785645
15229075260,0,128.35533142089844,115.76292419433594,128.4316864013672,95.46485900878906,128.46841430664062,87.9986572265625,128.43946838378906,84.15884399414062,0.009595727548003197,3.4023051261901855,0.0217420794069767,6.691454887390137,0.03460168465971947,10.000872611999512,0.04271554946899414,13.28551197052002
15254075260,0,128.33938598632812,115.32626342773438,128.49932861328125,95.36109924316406,128.5550994873047,87.95578002929688,128.52149963378906,84.12189483642578,0.009257490746676922,3.4406261444091797,0.02526060864329338,6.722951889038086,0.04111529141664505,10.02882194519043,0.05084335058927536,13.327226638793945
15279075261,0,128.3058624267578,115.5352783203125,128.44309997558594,95.42269897460938,128.50213623046875,87.98189544677734,128.47145080566406,84.15525817871094,0.008303008042275906,3.422187328338623,0.022357098758220673,6.704219818115234,0.037131622433662415,10.011781692504883,0.04583770036697388,13.289548873901367
15304075261,0,128.30938720703125,115.40088653564453,128.49667358398438,95.3818588256836,128.54063415527344,87.93692016601562,128.4781951904297,84.13362121582031,0.008424699306488037,3.434022903442383,0.025103984400629997,6.716628074645996,0.04009126126766205,10.04116439819336,0.04657634347677231,13.313960075378418
15329075261,0,128.3036346435547,115.06663513183594,128.54193115234375,95.25546264648438,128.60324096679688,87.87516021728516,128.55172729492188,84.08641815185547,0.008332225494086742,3.4637796878814697,0.02754037082195282,6.755307674407959,0.04490796476602554,10.08178424835205,0.05394826829433441,13.36751937866211
15354075262,0,128.40354919433594,115.5116195678711,128.8203582763672,95.35200500488281,128.90745544433594,87.8963394165039,128.84683227539062,84.10948181152344,0.010960790328681469,3.4242656230926514,0.041517388075590134,6.725726127624512,0.06746504455804825,10.067818641662598,0.08264612406492233,13.34129810333252
15379075262,0,128.46084594726562,115.71861267089844,128.9306182861328,95.397216796875,129.01783752441406,87.9053955078125,128.93905639648438,84.13324737548828,0.012457761913537979,3.406158924102783,0.0470065101981163,6.71195650100708,0.07562834769487381,10.061858177185059,0.09146717190742493,13.314382553100586
15404075263,0,128.413330078125,115.88214111328125,128.885009765625,95.46994018554688,128.9427032470703,87.93424224853516,128.843505859375,84.15563201904297,0.011131657287478447,3.391975164413452,0.04456425830721855,6.689919471740723,0.06991884112358093,10.04291820526123,0.08200893551111221,13.289127349853516
15429075263,0,128.39483642578125,115.84590148925781,128.808837890625,95.49330139160156,128.85899353027344,87.95939636230469,128.7597198486328,84.1706771850586,0.010642382316291332,3.3951094150543213,0.0406881608068943,6.6828694343566895,0.06360980868339539,10.026459693908691,0.073771633207798,13.272205352783203
15454075263,0,128.2978515625,115.92586517333984,128.679443359375,95.49695587158203,128.71461486816406,87.95697021484375,128.60911560058594,84.1883544921875,0.008013647049665451,3.3882007598876953,0.03417372331023216,6.68176794052124,0.05292639136314392,10.028044700622559,0.05906161293387413,13.252376556396484
15479075264,0,128.33192443847656,116.05602264404297,128.76507568359375,95.52059936523438,128.82078552246094,87.95903778076172,128.72222900390625,84.18269348144531,0.008903988637030125,3.3770089149475098,0.038442060351371765,6.674649238586426,0.0607818067073822,10.026693344116211,0.07006195932626724,13.258720397949219
15504075264,0,128.3955078125,116.13397216796875,128.81532287597656,95.51630401611328,128.9028778076172,87.94300842285156,128.83602905273438,84.1734848022461,0.01059089507907629,3.370337963104248,0.040974266827106476,6.675941467285156,0.06692823022603989,10.037177085876465,0.08116281032562256,13.269051551818848
15529075264,0,128.49069213867188,115.94189453125,128.96697998046875,95.45724487304688,129.0900421142578,87.91993713378906,129.03204345703125,84.15279388427734,0.013197174295783043,3.3868186473846436,0.04871818795800209,6.693756580352783,0.08091938495635986,10.052302360534668,0.10036274045705795,13.292325019836426
15554075265,0,128.65475463867188,116.17515563964844,129.12371826171875,95.51824188232422,129.2460479736328,87.94656372070312,129.19448852539062,84.17835235595703,0.01751665398478508,3.3668229579925537,0.05646810308098793,6.675358295440674,0.09234604984521866,10.034850120544434,0.1159161925315857,13.263588905334473
15579075265,0,128.57870483398438,116.34040832519531,128.88674926757812,95.57022094726562,128.975830078125,87.9742431640625,128.91697692871094,84.19426727294922,0.015424393117427826,3.3527843952178955,0.04446187987923622,6.659755229949951,0.07219457626342773,10.016769409179688,0.0888696238398552,13.245756149291992
15604075266,0,128.6117706298828,116.609619140625,128.94276428222656,95.6076431274414,129.04241943359375,87.98619842529297,128.98594665527344,84.20469665527344,0.01620730385184288,3.330137014389038,0.04719556123018265,6.648564338684082,0.07706335932016373,10.008978843688965,0.09547222405672073,13.234094619750977
15629075266,0,128.79331970214844,116.6499252319336,129.1823272705078,95.60841369628906,129.31033325195312,87.98613739013672,129.26026916503906,84.20943450927734,0.02099801041185856,3.3267698287963867,0.05918634682893753,6.64833402633667,0.09686989337205887,10.009017944335938,0.12198836356401443,13.228804588317871
15654075266,0,128.909423828125,117.25958251953125,129.40982055664062,95.75352478027344,129.58773803710938,88.02686309814453,129.54598999023438,84.24209594726562,0.023746872320771217,3.276569366455078,0.07014333456754684,6.605275630950928,0.11707952618598938,9.98256778717041,0.14924558997154236,13.192442893981934
15679075267,0,129.0513153076172,117.29572296142578,129.630615234375,95.80377197265625,129.78701782226562,88.05909729003906,129.7047882080078,84.24435424804688,0.027430040761828423,3.2736358642578125,0.08095736056566238,6.590487957000732,0.13150988519191742,9.9617280960083,0.1645451933145523,13.189936637878418
15704075267,0,129.1396026611328,117.32964324951172,129.7713165283203,95.86421203613281,129.9393768310547,88.0886001586914,129.86219787597656,84.25885009765625,0.02971130982041359,3.2708868980407715,0.08772022277116776,6.572783946990967,0.14246053993701935,9.942727088928223,0.1795257329940796,13.173866271972656
15729075267,0,129.1585693359375,117.36132049560547,129.84005737304688,95.90896606445312,130.02330017089844,88.12059020996094,129.96234130859375,84.25773620605469,0.030184710398316383,3.2683234214782715,0.09095387905836105,6.559731960296631,0.14833036065101624,9.922203063964844,0.18919728696346283,13.175100326538086
15754075268,0,129.21286010742188,117.38582611083984,129.77960205078125,95.93014526367188,129.98333740234375,88.1356201171875,129.93887329101562,84.28660583496094,0.03158210963010788,3.266342878341675,0.0878877192735672,6.553571701049805,0.14526519179344177,9.912588119506836,0.18649540841579437,13.143202781677246
15779075268,0,129.212890625,117.60453796386719,129.72283935546875,96.02347564697266,129.87451171875,88.18496704101562,129.7749481201172,84.3158950805664,0.03143143281340599,3.2487592697143555,0.08475387841463089,6.526557922363281,0.13687589764595032,9.881145477294922,0.17032183706760406,13.110995292663574
15804075269,0,129.3314208984375,117.3612289428711,129.82568359375,95.91999816894531,129.97817993164062,88.14566802978516,129.8616180419922,84.31354522705078,0.034688156098127365,3.2683308124542236,0.09020176529884338,6.556521892547607,0.14479728043079376,9.906169891357422,0.1786726713180542,13.113574028015137
15829075269,0,129.560546875,117.81295776367188,129.7381591796875,96.071044921875,129.84927368164062,88.23612976074219,129.7447967529297,84.36414337158203,0.040256790816783905,3.2321600914001465,0.0853385478258133,6.512869358062744,0.13460752367973328,9.848748207092285,0.166775181889534,13.058270454406738
15854075269,0,129.66082763671875,118.11800384521484,129.26174926757812,96.21310424804688,129.22940063476562,88.34683990478516,129.11033630371094,84.43131256103516,0.04256030172109604,3.208134889602661,0.06158475577831268,6.472311496734619,0.08888128399848938,9.779337882995605,0.10555727779865265,12.985552787780762
15879075270,0,129.7075653076172,117.7045669555664,129.07235717773438,96.18812561035156,129.019775390625,88.38935852050781,128.92794799804688,84.43257141113281,0.04415382444858551,3.2407736778259277,0.05239476263523102,6.479408264160156,0.07353485375642776,9.7529296875,0.08820908516645432,12.984197616577148
15904075270,0,129.22857666015625,117.178466796875,128.74473571777344,96.03203582763672,128.7027587890625,88.29998779296875,128.63043212890625,84.34832763671875,0.032138191163539886,3.283170223236084,0.03662370517849922,6.524090766906738,0.050952985882759094,9.80859661102295,0.060336604714393616,13.075509071350098
15929075270,0,128.98416137695312,116.93155670166016,128.64820861816406,95.95780944824219,128.62612915039062,88.2522201538086,128.56224060058594,84.3128433227539,0.025886032730340958,3.303410291671753,0.03197557479143143,6.545543193817139,0.04553044214844704,9.838601112365723,0.053965289145708084,13.114343643188477
15954075271,0,128.81483459472656,117.02731323242188,128.6267547607422,95.91344451904297,128.6245574951172,88.20197296142578,128.55355834960938,84.28136444091797,0.02138671465218067,3.295534610748291,0.030974630266427994,6.5584282875061035,0.04555699974298477,9.870353698730469,0.053268127143383026,13.148983001708984
15979075271,0,128.8223114013672,116.99168395996094,128.67825317382812,95.86486053466797,128.68231201171875,88.17527770996094,128.61123657226562,84.27054595947266,0.02160004712641239,3.2984609603881836,0.03358795493841171,6.57259464263916,0.0498519241809845,9.887304306030273,0.05887027457356453,13.160927772521973
16004075272,0,128.84051513671875,117.16521453857422,128.6039276123047,95.9083251953125,128.59133911132812,88.20523834228516,128.522705078125,84.29852294921875,0.02199338562786579,3.2842509746551514,0.029852889478206635,6.559918403625488,0.043125271797180176,9.868285179138184,0.05022898688912392,13.130080223083496
16029075272,0,128.4374542236328,116.73492431640625,128.38568115234375,95.7000961303711,128.396728515625,88.08039093017578,128.3421173095703,84.20740509033203,0.011556771583855152,3.319688558578491,0.01923220045864582,6.621068477630615,0.029157308861613274,9.948006629943848,0.03312091529369354,13.231070518493652
16054075272,0,128.48123168945312,116.80357360839844,128.38856506347656,95.71936798095703,128.3793182373047,88.07949829101562,128.31649780273438,84.21674346923828,0.012693815864622593,3.3139891624450684,0.019360262900590897,6.615363597869873,0.027879299595952034,9.94858169555664,0.030617227777838707,13.220650672912598
16079075273,0,128.4816436767578,117.02216339111328,128.49713134765625,95.75164794921875,128.50634765625,88.07181549072266,128.45240783691406,84.23946380615234,0.012643001042306423,3.295957326889038,0.024735918268561363,6.605829238891602,0.03723355755209923,9.95352840423584,0.04368359595537186,13.195366859436035
16104075273,0,128.3965606689453,116.7300796508789,128.33628845214844,95.64238739013672,128.31185913085938,88.01566314697266,128.24244689941406,84.21818542480469,0.010477570816874504,3.320091485977173,0.016810137778520584,6.6382060050964355,0.023012518882751465,9.989829063415527,0.023450957611203194,13.219043731689453
16129075273,0,128.2433319091797,116.78803253173828,128.2384033203125,95.64705657958984,128.19384765625,88.00751495361328,128.1066131591797,84.22428894042969,0.006420779041945934,3.3152780532836914,0.011914774775505066,6.636816024780273,0.014311570674180984,9.995118141174316,0.01030713226646185,13.212244033813477
16154075274,0,128.17396545410156,116.6198959350586,128.17481994628906,95.60452270507812,128.108642578125,87.99568176269531,127.99163818359375,84.2258529663086,0.004607710056006908,3.329277992248535,0.008752787485718727,6.649496078491211,0.008026901632547379,10.0028076171875,-0.0008082990534603596,13.210501670837402
16179075274,0,128.05056762695312,116.54060363769531,128.07545471191406,95.60405731201172,128.00238037109375,88.0191421508789,127.87836456298828,84.25113677978516,0.001341736176982522,3.3359169960021973,0.003777899080887437,6.649635314941406,0.00017561276035849005,9.98757266998291,-0.01173368375748396,13.182413101196289
16204075274,0,128.06875610351562,116.28852844238281,128.13833618164062,95.55220031738281,128.07183837890625,87.99430084228516,127.92679595947266,84.23343658447266,0.0018347235163673759,3.35718035697937,0.006941525731235743,6.665156841278076,0.005308134481310844,10.003705978393555,-0.0070719183422625065,13.202065467834473
16229075275,0,128.046875,116.15042877197266,128.08348083496094,95.49468231201172,127.99993896484375,87.964599609375,127.83812713623047,84.20558166503906,0.0012547493679448962,3.3689324855804443,0.00419921288266778,6.682453632354736,-4.518275090958923e-06,10.02306079864502,-0.015673508867621422,13.23310661315918
16254075275,0,128.02272033691406,116.27203369140625,128.06222534179688,95.5125961303711,128.05921936035156,87.9705810546875,128.01145935058594,84.20573425292969,0.0006065071793273091,3.3585803508758545,0.003127644071355462,6.677057266235352,0.00438221450895071,10.019157409667969,0.0011095496593043208,13.23293685913086
16279075276,0,128.00650024414062,116.04965209960938,127.98982238769531,95.45759582519531,127.98530578613281,87.95553588867188,127.95233154296875,84.19126892089844,0.00017439652583561838,3.3775551319122314,-0.0005127587355673313,6.693650722503662,-0.0010883926879614592,10.028982162475586,-0.004620966501533985,13.249112129211426
16304075276,0,128.0245361328125,116.22026062011719,128.0066680908203,95.48326110839844,127.99678039550781,87.96538543701172,127.95600891113281,84.20661163330078,0.0006557457381859422,3.362980842590332,0.00033557822462171316,6.685898303985596,-0.00023832728038541973,10.022547721862793,-0.004259123466908932,13.231956481933594
16329075276,0,128.06295776367188,116.65544128417969,128.035888671875,95.54515075683594,128.0344696044922,87.97021484375,127.98646545410156,84.22506713867188,0.001666193944402039,3.3263092041015625,0.0018013850785791874,6.667272567749023,0.0025507984682917595,10.01939582824707,-0.0013084076344966888,13.211377143859863
16354075277,0,128.11358642578125,116.2223892211914,128.13047790527344,95.443603515625,128.12501525878906,87.93870544433594,128.0551300048828,84.19032287597656,0.003035532543435693,3.362799644470215,0.006577536463737488,6.697884559631348,0.009269592352211475,10.039995193481445,0.005344701465219259,13.250170707702637
16379075277,0,128.13800048828125,115.96072387695312,128.1973876953125,95.432373046875,128.2301025390625,87.95062255859375,128.19430541992188,84.203125,0.003709936048835516,3.3851966857910156,0.009955301880836487,6.701286315917969,0.017048822715878487,10.032194137573242,0.018817611038684845,13.235851287841797
16404075277,0,128.1864471435547,115.96588897705078,128.29701232910156,95.46561431884766,128.3685302734375,87.97835540771484,128.3748779296875,84.22221374511719,0.005011762958019972,3.384752035140991,0.014958677813410759,6.691226959228516,0.027257857844233513,10.014087677001953,0.036248549818992615,13.214554786682129
16429075278,0,128.22125244140625,115.6506576538086,128.30789184570312,95.43061828613281,128.374755859375,87.97425079345703,128.38832092285156,84.18445587158203,0.005990291014313698,3.4120843410491943,0.015529771335422993,6.701817989349365,0.027725450694561005,10.016764640808105,0.03766476735472679,13.256744384765625
16454075278,0,128.1967315673828,115.68866729736328,128.3148956298828,95.45074462890625,128.35812377929688,87.98057556152344,128.33148193359375,84.19192504882812,0.005321767181158066,3.4087677001953125,0.01586940512061119,6.695723533630371,0.026484476402401924,10.012640953063965,0.03213203325867653,13.248377799987793
16479075279,0,128.2461700439453,116.01963806152344,128.37135314941406,95.51400756835938,128.40635681152344,87.99683380126953,128.36111450195312,84.21068572998047,0.006609054747968912,3.3801307678222656,0.018664274364709854,6.676632881164551,0.030020929872989655,10.002058029174805,0.03495067358016968,13.227408409118652
16504075279,0,128.34536743164062,116.31632232666016,128.50669860839844,95.61261749267578,128.5382843017578,88.0406723022461,128.47898864746094,84.23928833007812,0.009210184216499329,3.3548240661621094,0.025360407307744026,6.6470794677734375,0.03965882211923599,9.97362995147705,0.0462508499622345,13.195561408996582
16529075279,0,128.05059814453125,116.38204956054688,128.15072631835938,95.63414764404297,128.10533142089844,88.03978729248047,127.96170043945312,84.23123931884766,0.001347342156805098,3.3492634296417236,0.007537022233009338,6.640659809112549,0.00776086188852787,9.974202156066895,-0.003700615605339408,13.204508781433105
16554075280,0,128.0525360107422,116.48157501220703,128.20755004882812,95.65193176269531,128.19467163085938,88.04492950439453,128.096435546875,84.22702026367188,0.0013958141207695007,3.340874433517456,0.010370670817792416,6.6353654861450195,0.01433888915926218,9.970877647399902,0.009321099147200584,13.209202766418457
16579075280,0,128.06614685058594,116.38623046875,128.1920928955078,95.63270568847656,128.19754028320312,88.04859924316406,128.1245574951172,84.21772766113281,0.001761211664415896,3.348910093307495,0.009606131352484226,6.64108943939209,0.014546857215464115,9.968505859375,0.012048418633639812,13.219552993774414
16604075280,0,128.08978271484375,116.21295166015625,128.1865234375,95.59175109863281,128.21807861328125,88.02851867675781,128.1641082763672,84.20387268066406,0.0023999041877686977,3.363602876663208,0.009343807585537434,6.653312683105469,0.01607941836118698,9.98149585723877,0.015892179682850838,13.235015869140625
16629075281,0,128.1336669921875,116.01861572265625,128.2096405029297,95.55308532714844,128.1827850341797,88.02618408203125,128.07533264160156,84.18157958984375,0.003588710678741336,3.380218744277954,0.010519086383283138,6.664891242980957,0.013479108922183514,9.98300838470459,0.007308533415198326,13.259968757629395
16654075281,0,128.13296508789062,115.99687957763672,128.08535766601562,95.55296325683594,128.0049285888672,88.02376556396484,127.87078857421875,84.1654052734375,0.003571629524230957,3.3820862770080566,0.004282995592802763,6.664927959442139,0.0003635035245679319,9.984575271606445,-0.012552348896861076,13.278130531311035
16679075282,0,128.0908203125,115.67723846435547,128.02561950683594,95.48515319824219,127.94535827636719,88.01884460449219,127.82713317871094,84.15280151367188,0.0024574147537350655,3.409764528274536,0.0012892229715362191,6.685327529907227,-0.004031287971884012,9.987765312194824,-0.01681070402264595,13.292315483093262
16704075282,0,128.05557250976562,115.51589965820312,128.01620483398438,95.43463897705078,127.961181640625,88.000732421875,127.86480712890625,84.12979125976562,0.001509255263954401,3.423889636993408,0.0008172161760739982,6.700599670410156,-0.0028671338222920895,9.999524116516113,-0.01317198108881712,13.318290710449219
16729075282,0,127.95730590820312,115.59981536865234,127.90933227539062,95.43074798583984,127.84571075439453,87.98976135253906,127.74112701416016,84.12010192871094,-0.0011572676012292504,3.416529655456543,-0.004573168698698282,6.701779365539551,-0.011403660289943218,10.006658554077148,-0.025242427363991737,13.32925796508789
16754075283,0,127.92804718017578,115.71630096435547,127.85050964355469,95.46609497070312,127.7837142944336,87.9924545288086,127.6727066040039,84.12153625488281,-0.0019451588159427047,3.406360387802124,-0.007528752088546753,6.691081523895264,-0.015983184799551964,10.00490665435791,-0.0319102481007576,13.327631950378418
16779075283,0,127.9564437866211,116.16482543945312,127.93863677978516,95.55182647705078,127.86457824707031,88.00544738769531,127.73954772949219,84.15291595458984,-0.0011655321577563882,3.367704153060913,-0.003079173620790243,6.665268898010254,-0.009999338537454605,9.996460914611816,-0.02532784827053547,13.292186737060547
16804075283,0,127.899169921875,116.8189926147461,127.92591857910156,95.74885559082031,127.85627746582031,88.09431457519531,127.75015258789062,84.22065734863281,-0.0026587569154798985,3.312711477279663,-0.0036865253932774067,6.606652736663818,-0.01055365800857544,9.939055442810059,-0.024161893874406815,13.216289520263672
16829075284,0,127.80300903320312,116.75196075439453,127.84230041503906,95.76277160644531,127.77711486816406,88.10661315917969,127.67597198486328,84.22651672363281,-0.005202174186706543,3.318272590637207,-0.007843034341931343,6.602550029754639,-0.016354132443666458,9.931159973144531,-0.03132062777876854,13.209762573242188
16854075284,0,127.83399963378906,116.79015350341797,127.84850311279297,95.77435302734375,127.77667999267578,88.10082244873047,127.66231536865234,84.21867370605469,-0.004380030557513237,3.3151018619537354,-0.007530878763645887,6.5991387367248535,-0.0163919348269701,9.93487548828125,-0.03266163170337677,13.218499183654785
16879075285,0,127.74555206298828,116.61207580566406,127.78392791748047,95.71705627441406,127.68963623046875,88.0767822265625,127.55308532714844,84.20332336425781,-0.006740577984601259,3.3299314975738525,-0.010766846127808094,6.616047382354736,-0.02281510829925537,9.950329780578613,-0.043280985206365585,13.23563003540039
16904075285,0,127.73099517822266,116.17745208740234,127.80030822753906,95.56951904296875,127.71389770507812,88.02019500732422,127.58116912841797,84.16886138916016,-0.007196312304586172,3.3666269779205322,-0.010012904182076454,6.6599650382995605,-0.021105915307998657,9.986889839172363,-0.04067610576748848,13.274245262145996
16929075285,0,127.68132781982422,116.16339874267578,127.72876739501953,95.51927185058594,127.64533233642578,87.9835433959961,127.52227783203125,84.1523666381836,-0.008527707308530807,3.367825746536255,-0.013629145920276642,6.675048351287842,-0.026224013417959213,10.01070785522461,-0.046458497643470764,13.292805671691895
16954075286,0,127.68443298339844,115.98653411865234,127.75637817382812,95.45474243164062,127.68553161621094,87.95048522949219,127.56398010253906,84.13240814208984,-0.008478567935526371,3.3829758167266846,-0.012275413610041142,6.694513320922852,-0.02329988218843937,10.0322847366333,-0.042472708970308304,13.31533145904541
16979075286,0,127.83087921142578,115.65544128417969,127.86526489257812,95.39730834960938,127.78424072265625,87.92838287353516,127.64118957519531,84.10652923583984,-0.004578352905809879,3.4116666316986084,-0.006805585231631994,6.711928367614746,-0.016008418053388596,10.046760559082031,-0.035026442259550095,13.344649314880371
17004075286,0,127.81230926513672,115.5001220703125,127.81257629394531,95.36163330078125,127.7449951171875,87.92638397216797,127.63187408447266,84.10700988769531,-0.005099210888147354,3.425276279449463,-0.00948138814419508,6.7227888107299805,-0.018922649323940277,10.048070907592773,-0.03593438118696213,13.344103813171387
17029075287,0,127.88581085205078,115.3645248413086,127.8178482055664,95.34369659423828,127.73231506347656,87.92679595947266,127.59734344482422,84.10476684570312,-0.0031120094936341047,3.4372377395629883,-0.009221773594617844,6.728261947631836,-0.019863059744238853,10.04780101776123,-0.039312347769737244,13.346650123596191
17054075287,0,127.85027313232422,115.6495590209961,127.78357696533203,95.40410614013672,127.716552734375,87.94940948486328,127.60377502441406,84.12135314941406,-0.004053876269608736,3.412180185317993,-0.01092853769659996,6.709863185882568,-0.02100285142660141,10.032987594604492,-0.03863148391246796,13.327840805053711
17079075288,0,127.79240417480469,116.11123657226562,127.62550354003906,95.5476303100586,127.54452514648438,88.00839233398438,127.42298126220703,84.17822265625,-0.0055618598125875,3.372281074523926,-0.018795380368828773,6.66652774810791,-0.033625390380620956,9.994547843933105,-0.05599595233798027,13.263733863830566
17104075288,0,127.9073486328125,115.93949127197266,127.75770568847656,95.48775482177734,127.7264633178711,87.98065948486328,127.66032409667969,84.16484069824219,-0.0024919966235756874,3.387025833129883,-0.012191366404294968,6.684542655944824,-0.02022886462509632,10.01258659362793,-0.03299961984157562,13.278764724731445
17129075288,0,127.95108795166016,115.9002914428711,127.78980255126953,95.48841094970703,127.73805236816406,87.99897766113281,127.66716003417969,84.18154907226562,-0.0013167372671887279,3.3904075622558594,-0.010576073080301285,6.684344291687012,-0.019349640235304832,10.000664710998535,-0.03229115903377533,13.260004043579102
17154075289,0,128.04525756835938,115.61418151855469,127.91854858398438,95.42684173583984,127.85145568847656,87.97571563720703,127.75150299072266,84.16075897216797,0.0012263491516932845,3.4152724742889404,-0.004108994267880917,6.702963352203369,-0.010988700203597546,10.01580810546875,-0.024149665609002113,13.283355712890625
17179075289,0,127.96214294433594,115.41947937011719,127.87495422363281,95.35142517089844,127.85315704345703,87.92888641357422,127.79120635986328,84.11039733886719,-0.0010304166935384274,3.4323811531066895,-0.0063285804353654385,6.725903511047363,-0.010894776321947575,10.046429634094238,-0.020375559106469154,13.340259552001953
17204075289,0,127.9498062133789,115.54501342773438,127.82949829101562,95.39646911621094,127.81103515625,87.95223236083984,127.79351806640625,84.11795043945312,-0.0013622668338939548,3.421332836151123,-0.00861249677836895,6.712183952331543,-0.013999424874782562,10.031142234802246,-0.020137406885623932,13.331694602966309
17229075290,0,127.9639892578125,115.36842346191406,127.92962646484375,95.37944793701172,127.89107513427734,87.95426177978516,127.85260772705078,84.09947204589844,-0.0009813164360821247,3.4368927478790283,-0.0035573430359363556,6.717361927032471,-0.008068651892244816,10.029815673828125,-0.014396566897630692,13.352665901184082
17254075290,0,127.95381927490234,115.60948181152344,127.93952941894531,95.47789001464844,127.89945983886719,88.00609588623047,127.84203338623047,84.14407348632812,-0.0012514989357441664,3.4156837463378906,-0.003043937496840954,6.687519073486328,-0.007423433009535074,9.996039390563965,-0.015372750349342823,13.302157402038574
17279075291,0,128.03330993652344,115.63177490234375,128.07107543945312,95.4946517944336,128.0604705810547,88.00413513183594,128.00868225097656,84.16242218017578,0.0009022389422170818,3.413734197616577,0.0035752069670706987,6.682462692260742,0.004465422593057156,9.997312545776367,0.0008436511852778494,13.281485557556152
17304075291,0,128.041748046875,115.7863540649414,128.04978942871094,95.53034973144531,128.0270538330078,88.02933502197266,127.9629898071289,84.1904067993164,0.0011268031084910035,3.400270700454712,0.0025006872601807117,6.671717643737793,0.0019946370739489794,9.980966567993164,-0.0035880114883184433,13.250078201293945
17329075291,0,128.02365112304688,116.04344940185547,128.02728271484375,95.60050201416016,128.002685546875,88.06114196777344,127.9417724609375,84.20377349853516,0.0006346307345665991,3.378087282180786,0.001366208540275693,6.650697231292725,0.00019760911527555436,9.960409164428711,-0.005638777278363705,13.235126495361328
17354075292,0,128.1365966796875,116.2293701171875,128.14242553710938,95.6512451171875,128.10446166992188,88.07489013671875,128.02789306640625,84.20372009277344,0.0036498920526355505,3.362205743789673,0.007116795517504215,6.635570049285889,0.007679971866309643,9.95154857635498,0.002701187040656805,13.235186576843262
17379075292,0,127.98137664794922,116.09095001220703,128.0450439453125,95.6231460571289,127.97248840332031,88.09077453613281,127.86846923828125,84.20771026611328,-0.0004991821479052305,3.374016761779785,0.002253457438200712,6.6439385414123535,-0.0020206423941999674,9.941329002380371,-0.012733382172882557,13.230730056762695
17404075292,0,128.21095275878906,116.2932357788086,128.3080596923828,95.6957778930664,128.228515625,88.14964294433594,128.09738159179688,84.2468490600586,0.005628574639558792,3.356781005859375,0.015364362858235836,6.622347831726074,0.01672259159386158,9.903633117675781,0.009397300891578197,13.18716812133789
17429075293,0,128.41400146484375,116.37263488769531,128.27297973632812,95.74650573730469,128.1248779296875,88.20048522949219,127.92884063720703,84.29671478271484,0.011026490479707718,3.3500587940216064,0.013585679233074188,6.607346534729004,0.009109788574278355,9.871297836303711,-0.006839015521109104,13.13206958770752
17454075293,0,128.73834228515625,117.03216552734375,128.30543518066406,96.00086212158203,128.1366729736328,88.37950134277344,127.94401550292969,84.44061279296875,0.019376955926418304,3.2951362133026123,0.015039827674627304,6.533083915710449,0.009861264377832413,9.759039878845215,-0.0053183468990027905,12.975546836853027
17479075293,0,128.70423889160156,117.55838012695312,128.1402587890625,96.26294708251953,127.978515625,88.56897735595703,127.82613372802734,84.59597778320312,0.01826847903430462,3.2524564266204834,0.006831831764429808,6.458193302154541,-0.0015324195846915245,9.642865180969238,-0.016313008964061737,12.810565948486328
17504075294,0,128.41641235351562,116.91504669189453,128.0009765625,95.8758316040039,127.89479064941406,88.28803253173828,127.78585052490234,84.3785629272461,0.01095676515251398,3.3047714233398438,4.833838829654269e-05,6.569390296936035,-0.007633721921592951,9.816089630126953,-0.020445484668016434,13.042593955993652
17529075294,0,128.37237548828125,116.86758422851562,127.99763488769531,95.8420639038086,127.90228271484375,88.25576782226562,127.80167388916016,84.3531723022461,0.009808420203626156,3.3086907863616943,-0.00011723534407792613,6.579261302947998,-0.007104189600795507,9.836366653442383,-0.01897369883954525,13.070223808288574
17554075295,0,128.26080322265625,116.51939392089844,128.01962280273438,95.6533432006836,127.93667602539062,88.12898254394531,127.83152770996094,84.24273681640625,0.006923319306224585,3.3376965522766113,0.000980435754172504,6.634945869445801,-0.004639934282749891,9.916831970214844,-0.016262996941804886,13.191731452941895
17579075295,0,128.2791290283203,116.78887176513672,127.99803924560547,95.78462982177734,127.92767333984375,88.20655822753906,127.84931182861328,84.28820037841797,0.007365216035395861,3.3152081966400146,-9.74265713011846e-05,6.596114158630371,-0.005274220369756222,9.867448806762695,-0.014492440968751907,13.141446113586426
17604075295,0,128.06080627441406,116.32266998291016,127.88909912109375,95.59823608398438,127.8470230102539,88.07316589355469,127.7867660522461,84.16970825195312,0.001621336443349719,3.3542864322662354,-0.005554002709686756,6.651374340057373,-0.011248000897467136,9.952658653259277,-0.02070746012032032,13.273294448852539
17629075296,0,127.93505859375,116.05116271972656,127.80077362060547,95.56605529785156,127.75389099121094,88.086669921875,127.67886352539062,84.18077087402344,-0.0017422678647562861,3.3774254322052,-0.009991037659347057,6.661003112792969,-0.018080566078424454,9.943968772888184,-0.031157709658145905,13.260876655578613
17654075296,0,127.85240173339844,116.05551147460938,127.72127532958984,95.5882797241211,127.6983413696289,88.0968246459961,127.64704895019531,84.17200469970703,-0.00395942060276866,3.3770527839660645,-0.013964641839265823,6.654350280761719,-0.02214757539331913,9.937442779541016,-0.034269124269485474,13.270713806152344
17679075296,0,127.81756591796875,116.031494140625,127.66345977783203,95.52972412109375,127.63152313232422,88.03469848632812,127.5748291015625,84.13151550292969,-0.004896583966910839,3.379112958908081,-0.01690327189862728,6.671905517578125,-0.027158142998814583,9.977495193481445,-0.041418951004743576,13.316340446472168
17704075297,0,128.0325927734375,116.50232696533203,127.79988098144531,95.64888000488281,127.80757141113281,88.08366394042969,127.81591796875,84.1786117553711,0.0008655441924929619,3.339130163192749,-0.010000655427575111,6.6362738609313965,-0.014139538630843163,9.945900917053223,-0.017863405868411064,13.263298034667969
17729075297,0,127.98811340332031,116.6183853149414,127.76445007324219,95.65907287597656,127.76255798339844,88.07903289794922,127.7608413696289,84.17591857910156,-0.00031484320061281323,3.32940411567688,-0.011766191571950912,6.633242607116699,-0.017452124506235123,9.948881149291992,-0.02321319840848446,13.26632022857666
17754075298,0,128.09951782226562,116.50579833984375,127.89616394042969,95.62551879882812,127.86845397949219,88.07425689697266,127.8338623046875,84.1925048828125,0.0026426210533827543,3.3388383388519287,-0.005194185767322779,6.643231391906738,-0.009671580977737904,9.951955795288086,-0.016103707253932953,13.24772834777832
17779075298,0,128.00888061523438,116.1762924194336,127.87899017333984,95.56072235107422,127.88460540771484,88.03041076660156,127.87187957763672,84.14555358886719,0.00023757702729199082,3.3667259216308594,-0.00606991583481431,6.662601470947266,-0.008507294580340385,9.980270385742188,-0.012466706335544586,13.300487518310547
17804075298,0,128.016845703125,116.10001373291016,127.78810119628906,95.58575439453125,127.80549621582031,88.0557861328125,127.82152557373047,84.16645050048828,0.00045144103933125734,3.3732411861419678,-0.010617673397064209,6.655106067657471,-0.01431683823466301,9.963865280151367,-0.01733655296266079,13.276954650878906
17829075299,0,127.94474029541016,116.49777221679688,127.58602905273438,95.74542236328125,127.58158874511719,88.12689971923828,127.61125946044922,84.23118591308594,-0.001467644702643156,3.339512825012207,-0.0206034816801548,6.607666015625,-0.030662186443805695,9.918164253234863,-0.037561412900686264,13.204567909240723
17854075299,0,127.8065414428711,116.69569396972656,127.48357391357422,95.89079284667969,127.5361099243164,88.23275756835938,127.61207580566406,84.3036117553711,-0.005115320906043053,3.322953462600708,-0.02554631605744362,6.56502628326416,-0.03377329185605049,9.850876808166504,-0.03726189211010933,13.124484062194824
17879075299,0,127.87649536132812,116.3890380859375,127.55603790283203,95.78254699707031,127.60420227050781,88.1832504272461,127.66426086425781,84.27708435058594,-0.0032881994266062975,3.348672866821289,-0.022061659023165703,6.59672737121582,-0.02890401892364025,9.88223648071289,-0.03231895714998245,13.153706550598145
17904075300,0,127.89646911621094,116.04609680175781,127.73065948486328,95.59622192382812,127.7347412109375,88.05490112304688,127.70881652832031,84.18435668945312,-0.0027778777293860912,3.3778600692749023,-0.013489934615790844,6.651976108551025,-0.019525978714227676,9.964436531066895,-0.028243256732821465,13.256855964660645
17929075300,0,128.0880889892578,115.66803741455078,128.01092529296875,95.46839141845703,128.0298309326172,87.99609375,127.98497009277344,84.13585662841797,0.002384013030678034,3.410567283630371,0.0005501743871718645,6.69038724899292,0.002203959273174405,10.002540588378906,-0.0014636475825682282,13.311434745788574
17954075301,0,128.0721893310547,115.34109497070312,127.96762084960938,95.4785385131836,128.02052307128906,88.03575897216797,128.005615234375,84.17047119140625,0.0019684473518282175,3.439311981201172,-0.0016298402333632112,6.687323570251465,0.0015125282807275653,9.976808547973633,0.0005452694022096694,13.27243709564209
17979075301,0,128.08738708496094,115.62349700927734,128.0382537841797,95.50160217285156,128.12158203125,88.02743530273438,128.1578826904297,84.16998291015625,0.002367431530728936,3.4144580364227295,0.001923656789585948,6.680368423461914,0.00896511785686016,9.982197761535645,0.015331871807575226,13.272985458374023
18004075301,0,128.0110626220703,115.51202392578125,127.9969482421875,95.44728088378906,128.0655059814453,87.97802734375,128.094970703125,84.11906433105469,0.00030046881875023246,3.4242300987243652,-0.00015381837147288024,6.696771144866943,0.004845163784921169,10.014302253723145,0.00926128402352333,13.330432891845703
18029075302,0,127.94961547851562,115.34154510498047,127.99262237548828,95.43062591552734,128.01123046875,87.99258422851562,127.97891235351562,84.12075805664062,-0.001373862847685814,3.439272165298462,-0.0003721202374435961,6.701815605163574,0.0008299078908748925,10.004822731018066,-0.002056122524663806,13.328514099121094
18054075302,0,127.97604370117188,115.29946899414062,128.075927734375,95.41815185546875,128.08021545410156,87.99246978759766,128.01025390625,84.12093353271484,-0.0006538645247928798,3.443002939224243,0.003831761423498392,6.705598831176758,0.005927794612944126,10.004897117614746,0.0009997788583859801,13.328315734863281
18079075302,0,128.03726196289062,115.61982727050781,128.15475463867188,95.48477172851562,128.1987762451172,88.0009536743164,128.16720581054688,84.13623809814453,0.0010095606558024883,3.414778709411621,0.007787677459418774,6.685441970825195,0.014681460335850716,9.999380111694336,0.016282379627227783,13.311002731323242
18104075303,0,128.13365173339844,115.65699768066406,128.20480346679688,95.48208618164062,128.24432373046875,87.98851776123047,128.22154235839844,84.12846374511719,0.0036180238239467144,3.4115309715270996,0.010307449847459793,6.686252117156982,0.01805959828197956,10.007468223571777,0.021587463095784187,13.319791793823242
18129075303,0,128.1244659423828,115.75935363769531,128.1743621826172,95.52824401855469,128.2003936767578,88.01617431640625,128.16647338867188,84.15583038330078,0.0033614779822528362,3.4026153087615967,0.008758170530200005,6.6723504066467285,0.0147868562489748,9.989497184753418,0.016184929758310318,13.288904190063477
18154075304,0,128.1299591064453,115.69971466064453,128.17991638183594,95.49822998046875,128.18809509277344,88.01993560791016,128.14242553710938,84.15287780761719,0.0035146230366081,3.4078049659729004,0.009048700332641602,6.681384086608887,0.013876097276806831,9.98705768585205,0.01385030709207058,13.292230606079102
18179075304,0,128.14483642578125,115.51654815673828,128.15386962890625,95.43263244628906,128.15003967285156,88.00013732910156,128.09780883789062,84.12210845947266,0.003933453466743231,3.423832654953003,0.0077603706158697605,6.701207637786865,0.011082379147410393,9.999910354614258,0.009535656310617924,13.326985359191895
18204075304,0,128.27383422851562,115.34496307373047,128.25546264648438,95.36805725097656,128.23745727539062,87.99175262451172,128.17750549316406,84.10184478759766,0.007466202136129141,3.438969612121582,0.012919790111482143,6.720831394195557,0.01754850335419178,10.005363464355469,0.017334481701254845,13.349968910217285
18229075305,0,128.38072204589844,115.63690185546875,128.29006958007812,95.45816040039062,128.2518768310547,88.04692840576172,128.17410278320312,84.13835144042969,0.010311094112694263,3.413285970687866,0.014613655395805836,6.693480014801025,0.018550129607319832,9.969585418701172,0.016951052471995354,13.308616638183594
18254075305,0,128.47103881835938,115.7968521118164,128.36314392089844,95.49079895019531,128.3273468017578,88.06523132324219,128.22470092773438,84.17407989501953,0.012710552662611008,3.399359703063965,0.01826970838010311,6.683624267578125,0.024080848321318626,9.957772254943848,0.021813200786709785,13.26838493347168
18279075305,0,128.46096801757812,115.87237548828125,128.35865783691406,95.48360443115234,128.33529663085938,88.03863525390625,128.26419067382812,84.15369415283203,0.012417388148605824,3.3928191661834717,0.018049541860818863,6.685793876647949,0.02470656856894493,9.974947929382324,0.02568974532186985,13.29131031036377
18304075306,0,128.38031005859375,115.92112731933594,128.29376220703125,95.48816680908203,128.27633666992188,88.03327941894531,128.2112274169922,84.14863586425781,0.010233283042907715,3.3886091709136963,0.014780782163143158,6.684417724609375,0.02036886289715767,9.978412628173828,0.020548183470964432,13.297011375427246
18329075306,0,128.41102600097656,116.20189666748047,128.29531860351562,95.56903076171875,128.28607177734375,88.0666275024414,128.2381134033203,84.17720031738281,0.010989528149366379,3.364544153213501,0.01480811182409525,6.660111427307129,0.021042674779891968,9.95687198638916,0.0231093131005764,13.264881134033203
18354075307,0,128.36231994628906,115.75992584228516,128.2482452392578,95.45025634765625,128.25714111328125,88.00105285644531,128.22669982910156,84.12039184570312,0.009785124100744724,3.4025657176971436,0.012510768137872219,6.695870876312256,0.018992125988006592,9.99931526184082,0.02210472710430622,13.32892894744873
18379075307,0,128.44668579101562,115.77078247070312,128.23687744140625,95.4642562866211,128.23806762695312,88.01260375976562,128.21995544433594,84.12979125976562,0.012060588225722313,3.4016225337982178,0.011930745095014572,6.69163703918457,0.017570696771144867,9.991813659667969,0.0214304868131876,13.318290710449219
18404075307,0,128.3788604736328,115.8747787475586,128.23556518554688,95.50199890136719,128.2589111328125,88.0215072631836,128.26895141601562,84.13651275634766,0.010205047205090523,3.392611503601074,0.011845597065985203,6.680248737335205,0.019098445773124695,9.986039161682129,0.02618970349431038,13.31069278717041
18429075308,0,128.24801635742188,115.93046569824219,128.10755920410156,95.52397918701172,128.13165283203125,88.04020690917969,128.14974975585938,84.15121459960938,0.006672140676528215,3.3878040313720703,0.005403652787208557,6.673633098602295,0.009699981659650803,9.973931312561035,0.014564549550414085,13.294103622436523
18454075308,0,128.14427185058594,115.78617858886719,128.00186157226562,95.48834228515625,128.011962890625,88.03216552734375,128.02716064453125,84.14035034179688,0.0038939930964261293,3.4002857208251953,9.366518497699872e-05,6.684365272521973,0.0008818497299216688,9.979134559631348,0.00264398823492229,13.30635929107666
18479075308,0,128.08958435058594,116.11161041259766,127.96833038330078,95.47895050048828,127.95565795898438,87.99005889892578,127.9480972290039,84.10355377197266,0.002400103025138378,3.372249126434326,-0.0015940970042720437,6.687198638916016,-0.003277300391346216,10.006464958190918,-0.005067903082817793,13.348028182983398
18504075309,0,128.07432556152344,115.84754943847656,127.94499206542969,95.4037094116211,127.9157485961914,87.95435333251953,127.88523864746094,84.08949279785156,0.00200328859500587,3.3949668407440186,-0.0027777377981692553,6.7099833488464355,-0.0062409196980297565,10.029754638671875,-0.011218588799238205,13.364018440246582
18529075309,0,127.95354461669922,116.04693603515625,127.83108520507812,95.39676666259766,127.7914810180664,87.94081115722656,127.75566864013672,84.08265686035156,-0.0012464389437809587,3.3777880668640137,-0.008532228879630566,6.712093353271484,-0.015459157526493073,10.038615226745605,-0.023898322135210037,13.371805191040039
18554075310,0,127.85263061523438,115.48126983642578,127.61935424804688,95.28660583496094,127.55559539794922,87.8958969116211,127.51901245117188,84.04237365722656,-0.0040054903365671635,3.4269347190856934,-0.019318146631121635,6.745738506317139,-0.03304031118750572,10.068109512329102,-0.04720330610871315,13.417874336242676
18579075310,0,127.82200622558594,115.48677062988281,127.53148651123047,95.30834197998047,127.44808959960938,87.90750122070312,127.40384674072266,84.05586242675781,-0.004837247543036938,3.4264509677886963,-0.023755347356200218,6.73907470703125,-0.04100314900279045,10.060473442077637,-0.05844000726938248,13.402413368225098
18604075310,0,127.75587463378906,115.38077545166016,127.3597183227539,95.29721069335938,127.27422332763672,87.90774536132812,127.23475646972656,84.05606842041016,-0.006650683004409075,3.435800313949585,-0.03248013183474541,6.742485523223877,-0.05391939729452133,10.060314178466797,-0.0750143975019455,13.402177810668945
18629075311,0,127.66190338134766,115.66921997070312,127.08946228027344,95.34601593017578,126.965576171875,87.90116882324219,126.90924072265625,84.0444564819336,-0.009149893186986446,3.41046404838562,-0.046093087643384933,6.7275543212890625,-0.07688118517398834,10.0646390914917,-0.10702674835920334,13.415484428405762
18654075311,0,127.56446075439453,115.76461029052734,127.0866470336914,95.38438415527344,126.97763061523438,87.9281005859375,126.9038314819336,84.07945251464844,-0.011761287227272987,3.402158498764038,-0.046159740537405014,6.715859413146973,-0.07585679739713669,10.046945571899414,-0.10724590718746185,13.375458717346191
18679075311,0,127.70301055908203,116.4408187866211,127.18141174316406,95.55571746826172,127.07415008544922,87.98702239990234,127.04203796386719,84.1302490234375,-0.007897863164544106,3.3443052768707275,-0.04106953367590904,6.664101600646973,-0.06844215095043182,10.008442878723145,-0.0933317020535469,13.317771911621094
18704075312,0,127.70318603515625,116.02182006835938,127.29828643798828,95.4151611328125,127.2459487915039,87.93128967285156,127.2318344116211,84.09959411621094,-0.007968324236571789,3.379943609237671,-0.03541712835431099,6.706506252288818,-0.05593717470765114,10.044854164123535,-0.07502995431423187,13.352526664733887
18729075312,0,127.70481872558594,115.7422866821289,127.41168212890625,95.39176177978516,127.3709945678711,87.95359802246094,127.35482788085938,84.1164779663086,-0.007975133135914803,3.4040989875793457,-0.02972348779439926,6.713615417480469,-0.04659575968980789,10.03024959564209,-0.06292885541915894,13.33336353302002
18754075312,0,127.66400909423828,115.67847442626953,127.3167953491211,95.40653991699219,127.2538070678711,87.97052764892578,127.21235656738281,84.12714385986328,-0.00909097958356142,3.409656524658203,-0.03449564054608345,6.709123611450195,-0.05521823465824127,10.019192695617676,-0.07675766199827194,13.321284294128418
18779075313,0,127.7449951171875,115.36940002441406,127.28277587890625,95.31974029541016,127.23490905761719,87.93587493896484,127.22486877441406,84.10755157470703,-0.0069488948211073875,3.4368064403533936,-0.03634810820221901,6.7355852127075195,-0.056739795953035355,10.041848182678223,-0.07566055655479431,13.343488693237305
