ts,agent_id,cvip,cvip_x,cvip_y,cvip_z
2033069808,0,503.6054733793192,193.0291290283203,-29.1732120513916,-499.8193664550781
2058069808,0,503.59938345312185,193.0291290283203,-29.1732120513916,-499.86065673828125
2083069808,0,503.5933153505826,193.0291290283203,-29.1732120513916,-499.9080810546875
2108069809,0,503.58727067064035,193.0291290283203,-29.1732120513916,-499.9616394042969
2133069809,0,503.58119028178265,193.0291290283203,-29.1732120513916,-500.0212707519531
2158069809,0,503.5751059705345,193.0291290283203,-29.1732120513916,-500.0870056152344
2183069810,0,503.56901933584624,193.0291290283203,-29.1732120513916,-500.1588439941406
2208069810,0,503.5667223872257,193.0291290283203,-29.1732120513916,-500.2367858886719
2233069811,0,503.59426103667295,193.0291290283203,-29.1732120513916,-500.3208923339844
2258069811,0,503.64884461624285,193.0291290283203,-29.1732120513916,-500.41107177734375
2283069811,0,503.72426120394516,193.0291290283203,-29.1732120513916,-500.50738525390625
2308069812,0,503.81583709102966,193.0291290283203,-29.1732120513916,-500.6097412109375
2333069812,0,503.92188370196135,193.0291290283203,-29.1732120513916,-500.7182312011719
2358069812,0,504.0381121652289,193.0291290283203,-29.1732120513916,-500.8327941894531
2383069813,0,504.16258308779584,193.0291290283203,-29.1732120513916,-500.9534606933594
2408069813,0,504.2942957885568,193.0291290283203,-29.1732120513916,-501.0802307128906
2433069813,0,504.4325391861283,193.0291290283203,-29.1732120513916,-501.21307373046875
2458069814,0,504.57689272507844,193.0291290283203,-29.1732120513916,-501.3520202636719
2483069814,0,504.7270708023163,193.0291290283203,-29.1732120513916,-501.4970703125
2508069815,0,504.88287433556667,193.0291290283203,-29.1732120513916,-501.648193359375
2533069815,0,505.04424246685926,193.0291290283203,-29.1732120513916,-501.805419921875
2558069815,0,505.2111411413079,193.0291290283203,-29.1732120513916,-501.96875
2583069816,0,505.38345150788064,193.0291290283203,-29.1732120513916,-502.1380615234375
2608069816,0,505.5613450365072,193.0291290283203,-29.1732120513916,-502.3135070800781
2633069816,0,505.74479934272205,193.0291290283203,-29.1732120513916,-502.4950256347656
2658069817,0,505.9338888793386,193.0291290283203,-29.1732120513916,-502.6826477050781
2683069817,0,506.12862732016345,193.0291290283203,-29.1732120513916,-502.8763427734375
2708069818,0,506.32906076831796,193.0291290283203,-29.1732120513916,-503.07611083984375
2733069818,0,506.5352323309996,193.0291290283203,-29.1732120513916,-503.2819519042969
2758069818,0,506.74718279476076,193.0291290283203,-29.1732120513916,-503.4938659667969
2783069819,0,506.9649465022339,193.0291290283203,-29.1732120513916,-503.71185302734375
2808069819,0,507.18852634212374,193.0291290283203,-29.1732120513916,-503.9358825683594
2833069819,0,507.4180113747316,193.0291290283203,-29.1732120513916,-504.166015625
2858069820,0,507.65339605045347,193.0291290283203,-29.1732120513916,-504.4022216796875
2883069820,0,507.894641242133,193.0291290283203,-29.1732120513916,-504.6444396972656
2908069821,0,508.14185648800276,193.0291290283203,-29.1732120513916,-504.89276123046875
2933069821,0,508.3949969046592,193.0291290283203,-29.1732120513916,-505.1471252441406
2958069821,0,508.6541062279085,193.0291290283203,-29.1732120513916,-505.4075622558594
2983069822,0,508.9191655111864,193.0291290283203,-29.1732120513916,-505.6740417480469
3008069822,0,509.19021477938577,193.0291290283203,-29.1732120513916,-505.94659423828125
3033069822,0,509.4672619622717,193.0291290283203,-29.1732120513916,-506.2252197265625
3058069823,0,509.75025343035566,193.0291290283203,-29.1732120513916,-506.5098571777344
3083069823,0,510.03925534392727,193.0291290283203,-29.1732120513916,-506.8005676269531
3108069824,0,510.3342421194387,193.0291290283203,-29.1732120513916,-507.0973205566406
3133069824,0,510.6352481979506,193.0291290283203,-29.1732120513916,-507.400146484375
3158069824,0,510.9422465268174,193.0291290283203,-29.1732120513916,-507.7090148925781
3183069825,0,511.2552094180267,193.0291290283203,-29.1732120513916,-508.0238952636719
3208069825,0,511.57423121812116,193.0291290283203,-29.1732120513916,-508.3448791503906
3233069825,0,511.8991906156361,193.0291290283203,-29.1732120513916,-508.671875
3258069826,0,512.2301655921912,193.0291290283203,-29.1732120513916,-509.0049133300781
3283069826,0,512.56718088984,193.0291290283203,-29.1732120513916,-509.3440246582031
3308069827,0,512.9101439994066,193.0291290283203,-29.1732120513916,-509.6891174316406
3333069827,0,513.2591148179162,193.0291290283203,-29.1732120513916,-510.0402526855469
3358069827,0,513.6141231327423,193.0291290283203,-29.1732120513916,-510.3974609375
3383069828,0,513.9751080628738,193.0291290283203,-29.1732120513916,-510.76068115234375
3408069828,0,514.3420999732499,193.0291290283203,-29.1732120513916,-511.12994384765625
3433069828,0,514.7150685696336,193.0291290283203,-29.1732120513916,-511.5052185058594
3458069829,0,515.0940748211945,193.0291290283203,-29.1732120513916,-511.8865661621094
3483069829,0,515.4789976038854,193.0291290283203,-29.1732120513916,-512.2738647460938
3508069830,0,515.8700190179812,193.0291290283203,-29.1732120513916,-512.6672973632812
3533069830,0,516.2669878010707,193.0291290283203,-29.1732120513916,-513.0667114257812
3558069830,0,516.6699042698774,193.0291290283203,-29.1732120513916,-513.4721069335938
3583069831,0,517.0788899816669,193.0291290283203,-29.1732120513916,-513.8836059570312
3608069831,0,517.4937631985647,193.0291290283203,-29.1732120513916,-514.301025390625
3633069831,0,517.9147061451167,193.0291290283203,-29.1732120513916,-514.7245483398438
3658069832,0,518.3415343507809,193.0291290283203,-29.1732120513916,-515.1539916992188
3683069832,0,518.7744348272138,193.0291290283203,-29.1732120513916,-515.5895385742188
3708069832,0,519.2132847572087,193.0291290283203,-29.1732120513916,-516.0310668945312
3733069833,0,519.6580845361364,193.0291290283203,-29.1732120513916,-516.4785766601562
3758069833,0,520.1088948940258,193.0291290283203,-29.1732120513916,-516.93212890625
3783069834,0,520.5657159684578,193.0291290283203,-29.1732120513916,-517.3917236328125
3808069834,0,521.0284873124382,193.0291290283203,-29.1732120513916,-517.8572998046875
3833069834,0,521.4972696626082,193.0291290283203,-29.1732120513916,-518.3289184570312
3858069835,0,521.9719418936395,193.0291290283203,-29.1732120513916,-518.8064575195312
3883069835,0,522.4526246216261,193.0291290283203,-29.1732120513916,-519.2900390625
3908069835,0,522.9393207615258,193.0291290283203,-29.1732120513916,-519.7796630859375
3933069836,0,523.4320270864761,193.0291290283203,-29.1732120513916,-520.2753295898438
3958069836,0,523.9306254005435,193.0291290283203,-29.1732120513916,-520.7769165039062
3983069837,0,524.4352347311079,193.0291290283203,-29.1732120513916,-521.2845458984375
4008069837,0,524.94573517503,193.0291290283203,-29.1732120513916,-521.798095703125
4033069837,0,525.4623102679523,193.0291290283203,-29.1732120513916,-522.3177490234375
4058069838,0,525.9847755309514,193.0291290283203,-29.1732120513916,-522.8433227539062
4083069838,0,526.5131931559599,193.0291290283203,-29.1732120513916,-523.3748779296875
4108069838,0,527.0476240132634,193.0291290283203,-29.1732120513916,-523.9124755859375
4133069839,0,527.5879469471074,193.0291290283203,-29.1732120513916,-524.4559936523438
4158069839,0,528.1342835068392,193.0291290283203,-29.1732120513916,-525.0055541992188
4183069840,0,528.6865732142401,193.0291290283203,-29.1732120513916,-525.5610961914062
4208069840,0,529.2448162681701,193.0291290283203,-29.1732120513916,-526.1226196289062
4233069840,0,529.8090138944507,193.0291290283203,-29.1732120513916,-526.6901245117188
4258069841,0,530.3791642422646,193.0291290283203,-29.1732120513916,-527.2636108398438
4283069841,0,530.9552685394666,193.0291290283203,-29.1732120513916,-527.8430786132812
4308069841,0,531.5373269890097,193.0291290283203,-29.1732120513916,-528.4285278320312
4333069842,0,532.1253397947993,193.0291290283203,-29.1732120513916,-529.0199584960938
4358069842,0,532.7193071616665,193.0291290283203,-29.1732120513916,-529.6173706054688
4383069843,0,533.3191686442932,193.0291290283203,-29.1732120513916,-530.220703125
4408069843,0,533.9242708729311,193.0291290283203,-29.1732120513916,-530.830078125
4433069843,0,534.5344053556577,193.0291290283203,-29.1732120513916,-531.4454345703125
4458069844,0,535.149591305561,193.0291290283203,-29.1732120513916,-532.0667114257812
4483069844,0,535.7699533519724,193.0291290283203,-29.1732120513916,-532.6939697265625
4508069844,0,536.3954798855882,193.0291290283203,-29.1732120513916,-533.3271484375
4533069845,0,537.0263354232002,193.0291290283203,-29.1732120513916,-533.9663696289062
4558069845,0,537.6624970584215,193.0291290283203,-29.1732120513916,-534.611572265625
4583069846,0,538.3038760970268,193.0291290283203,-29.1732120513916,-535.2626342773438
4608069846,0,538.9506863617152,193.0291290283203,-29.1732120513916,-535.9197387695312
4633069846,0,539.6028963113034,193.0291290283203,-29.1732120513916,-536.5828247070312
4658069847,0,540.260412685879,193.0291290283203,-29.1732120513916,-537.2517700195312
4683069847,0,56.55838595455779,193.0291290283203,-29.1732120513916,0.09999999403953552
4708069847,0,56.475040691393524,193.0291290283203,-29.1732120513916,0.09540698677301407
4733069848,0,56.386860066680576,193.0291290283203,-29.1732120513916,0.08469131588935852
4758069848,0,56.294070103897944,193.0291290283203,-29.1732120513916,0.0693112164735794
4783069849,0,56.19686774820866,193.0291290283203,-29.1732120513916,0.05613723769783974
4808069849,0,56.09545736010485,193.0291290283203,-29.1732120513916,0.04550548270344734
4833069849,0,55.99001293012659,193.0291290283203,-29.1732120513916,0.03692970052361488
4858069850,0,55.88068682742686,193.0291290283203,-29.1732120513916,0.030015792697668076
4883069850,0,55.767645780878425,193.0291290283203,-29.1732120513916,0.024444427341222763
4908069850,0,55.65101168540647,193.0291290283203,-29.1732120513916,0.01995697058737278
4933069851,0,55.53095253034498,193.0291290283203,-29.1732120513916,0.01634414680302143
4958069851,0,55.40758954620122,193.0291290283203,-29.1732120513916,0.013436851091682911
4983069851,0,55.28102261975113,193.0291290283203,-29.1732120513916,0.011098288930952549
5008069852,0,55.1513728661595,193.0291290283203,-29.1732120513916,0.009217948652803898
5033069852,0,55.01874028602607,193.0291290283203,-29.1732120513916,0.007706718053668737
5058069853,0,54.88323896081452,193.0291290283203,-29.1732120513916,0.00649261474609375
5083069853,0,54.744952102421315,193.0291290283203,-29.1732120513916,0.0055175782181322575
5108069853,0,54.603964181345894,193.0291290283203,-29.1732120513916,0.004734840244054794
5133069854,0,54.46036639835584,193.0291290283203,-29.1732120513916,0.004106712061911821
5158069854,0,54.31423559425599,193.0291290283203,-29.1732120513916,0.003602867014706135
5183069854,0,54.16563317180144,193.0291290283203,-29.1732120513916,0.003198814345523715
5208069855,0,54.01462707998529,193.0291290283203,-29.1732120513916,0.002874908270314336
5233069855,0,53.861286166367925,193.0291290283203,-29.1732120513916,0.0026153563521802425
5258069856,0,53.70566365861337,193.0291290283203,-29.1732120513916,0.00240745535120368
5283069856,0,53.54780569605852,193.0291290283203,-29.1732120513916,0.0022409819066524506
5308069856,0,53.38775751402696,193.0291290283203,-29.1732120513916,0.0021076963748782873
5333069857,0,53.225565611972804,193.0291290283203,-29.1732120513916,0.0020010375883430243
5358069857,0,53.06128285211427,193.0291290283203,-29.1732120513916,0.0019157028291374445
5383069857,0,52.894940657369126,193.0291290283203,-29.1732120513916,0.0018474578391760588
5408069858,0,52.72656116466432,193.0291290283203,-29.1732120513916,0.001839866628870368
5433069858,0,52.556198725729374,193.0291290283203,-29.1732120513916,0.001820373465307057
5458069859,0,52.38386768683999,193.0291290283203,-29.1732120513916,0.0017976760864257812
5483069859,0,52.20961491057796,193.0291290283203,-29.1732120513916,0.0017739867325872183
5508069859,0,52.03344693596546,193.0291290283203,-29.1732120513916,0.0017506027361378074
5533069860,0,51.855410081658654,193.0291290283203,-29.1732120513916,0.0017284774221479893
5558069860,0,51.675511795561896,193.0291290283203,-29.1732120513916,0.0017080307006835938
5583069860,0,51.49377496495434,193.0291290283203,-29.1732120513916,0.0016895293956622481
5608069861,0,51.31023755206647,193.0291290283203,-29.1732120513916,0.0016730880597606301
5633069861,0,51.12490755212742,193.0291290283203,-29.1732120513916,0.001658592140302062
5658069862,0,50.93780803678196,193.0291290283203,-29.1732120513916,0.0016459274338558316
5683069862,0,50.74895426628444,193.0291290283203,-29.1732120513916,0.001635055523365736
5708069862,0,50.558361501203095,193.0291290283203,-29.1732120513916,0.0016256714006885886
5733069863,0,50.366052078956216,193.0291290283203,-29.1732120513916,0.0016176985809579492
5758069863,0,50.17204162641987,193.0291290283203,-29.1732120513916,0.0016109466087073088
5783069863,0,49.97633703639726,193.0291290283203,-29.1732120513916,0.0016052245628088713
5808069864,0,49.778961933908285,193.0291290283203,-29.1732120513916,0.0016004180070012808
5833069864,0,49.579924132615986,193.0291290283203,-29.1732120513916,0.0016004180070012808
5858069865,0,49.37924689825947,193.0291290283203,-29.1732120513916,0.0015981673495844007
5883069865,0,49.17692949104515,193.0291290283203,-29.1732120513916,0.0015962600009515882
5908069865,0,48.97445267107101,193.0291290283203,-29.1732120513916,0.0015942001482471824
5933069866,0,48.77205180822494,193.0291290283203,-29.1732120513916,0.001592178363353014
5958069866,0,48.569727640989534,193.0291290283203,-29.1732120513916,0.0015902328304946423
5983069866,0,48.367472163987735,193.0291290283203,-29.1732120513916,0.0015884399181231856
6008069867,0,48.16528556314535,193.0291290283203,-29.1732120513916,0.0015867996262386441
6033069867,0,47.9631949153172,193.0291290283203,-29.173200607299805,0.0015859984559938312
6058069868,0,47.768356461525634,193.0292205810547,-29.165998458862305,0.0015321731334552169
6083069868,0,47.58207299119298,193.02938842773438,-29.15030288696289,0.0014522551791742444
6108069868,0,47.40317099074935,193.02964782714844,-29.127302169799805,0.001370391808450222
6133069869,0,47.23058661035717,193.0299835205078,-29.098052978515625,0.0012986373621970415
6158069869,0,47.06343738987359,193.03038024902344,-29.063444137573242,0.0012413406511768699
6183069869,0,46.90101708446706,193.0308380126953,-29.0241756439209,0.0011993026128038764
6208069870,0,46.74272969605629,193.03134155273438,-28.9808349609375,0.0011714171851053834
6233069870,0,46.58813122829523,193.03189086914062,-28.933889389038086,0.0011553573422133923
6258069870,0,46.436832613851756,193.032470703125,-28.883712768554688,0.0011487960582599044
6283069871,0,46.28851706691836,193.03309631347656,-28.83062171936035,0.0011495971120893955
6308069871,0,46.142955531987916,193.03375244140625,-28.774852752685547,0.0011558150872588158
6333069872,0,45.99994183823295,193.034423828125,-28.716604232788086,0.0011657715076580644
6358069872,0,45.85933562344761,193.03512573242188,-28.65603256225586,0.001178207341581583
6383069872,0,45.72099556395209,193.03587341308594,-28.5932559967041,0.0011919402750208974
6408069873,0,45.584082481816,193.03663635253906,-28.52838134765625,0.0012063980102539062
6433069873,0,45.44635158778949,193.03741455078125,-28.46148681640625,0.0012208938132971525
6458069873,0,45.30787919543034,193.03822326660156,-28.392641067504883,0.0012350844917818904
6483069874,0,45.168737598768494,193.03903198242188,-28.3218936920166,0.001248588552698493
6508069874,0,45.02898803167077,193.03990173339844,-28.249290466308594,0.0012614440638571978
6533069875,0,44.88867989196421,193.04075622558594,-28.17486572265625,0.0012733459006994963
6558069875,0,44.74787177096207,193.04165649414062,-28.09864616394043,0.0012842940632253885
6583069875,0,44.60661037750231,193.0425567626953,-28.020660400390625,0.0012944411719217896
6608069876,0,44.464945303432714,193.04348754882812,-27.940927505493164,0.0013036727905273438
6633069876,0,44.32292633808717,193.04443359375,-27.859458923339844,0.0013119125505909324
6658069876,0,44.180588015224416,193.04541015625,-27.776273727416992,0.0013193893246352673
6683069877,0,44.03797110930928,193.04640197753906,-27.691383361816406,0.0013261032290756702
6708069877,0,43.895143367010135,193.04742431640625,-27.60479736328125,0.0013321303995326161
6733069878,0,43.75217646963968,193.04844665527344,-27.51652717590332,0.001337509136646986
6758069878,0,43.60914519893458,193.0495147705078,-27.42658233642578,0.0013421630719676614
6783069878,0,43.46617141751573,193.0505828857422,-27.334962844848633,0.0013464736985042691
6808069879,0,43.32334606752712,193.0516815185547,-27.241676330566406,0.0013502502115443349
6833069879,0,43.18080455539387,193.05279541015625,-27.146732330322266,0.0013536453479900956
6858069879,0,43.0386769715895,193.05392456054688,-27.050138473510742,0.0013566970592364669
6883069880,0,42.89710785483629,193.05506896972656,-26.951894760131836,0.0013593673938885331
6908069880,0,42.75623322257267,193.05624389648438,-26.85200309753418,0.0013618087396025658
6933069881,0,42.61621668420752,193.0574188232422,-26.75047492980957,0.0013639067765325308
6958069881,0,42.47719344100078,193.05862426757812,-26.64731216430664,0.0013657760573551059
6983069881,0,42.33932116621951,193.05984497070312,-26.542516708374023,0.001367492601275444
7008069882,0,42.20271386818737,193.06109619140625,-26.43609619140625,0.0013689803890883923
7033069882,0,42.067530496291546,193.0623321533203,-26.32805061340332,0.001370391808450222
7058069882,0,41.933860833138056,193.06362915039062,-26.2183837890625,0.00137157435528934
7083069883,0,41.801839620290636,193.06491088867188,-26.107099533081055,0.0013727188343182206
7108069883,0,41.67157560430908,193.0662384033203,-25.99420166015625,0.0013737105764448643
7133069884,0,41.54314846072011,193.0675811767578,-25.87969398498535,0.0013746261829510331
7158069884,0,41.41667049443738,193.06893920898438,-25.763578414916992,0.0013754653045907617
7183069884,0,41.292198465635224,193.0703125,-25.64586067199707,0.0013762282906100154
7208069885,0,41.16981607778673,193.07171630859375,-25.526540756225586,0.0013769912766292691
7233069885,0,41.04958817124787,193.0731201171875,-25.405622482299805,0.0013776016421616077
7258069885,0,40.931555212017024,193.07456970214844,-25.283111572265625,0.0013782118912786245
7283069886,0,40.815761503534475,193.0760040283203,-25.159008026123047,0.0013787841890007257
7308069886,0,40.70210985033242,193.0774688720703,-25.03343391418457,0.0015235900646075606
7333069887,0,40.59015806854939,193.07896423339844,-24.906885147094727,0.0017253112746402621
7358069887,0,40.479087041291834,193.0804443359375,-24.780179977416992,0.0018496703123673797
7383069887,0,40.36798214150848,193.08192443847656,-24.654279708862305,0.0019289779011160135
7408069888,0,40.255909588385265,193.0833740234375,-24.530109405517578,0.0018579864408820868
7433069888,0,40.142002831708886,193.0847930908203,-24.40853500366211,0.0017192839877679944
7458069888,0,40.0255219937563,193.086181640625,-24.29029655456543,0.0016445540823042393
7483069889,0,39.9059402897106,193.08753967285156,-24.17588233947754,0.0016147613059729338
7508069889,0,39.782983729550295,193.0888214111328,-24.06555938720703,0.0016152954194694757
7533069889,0,39.65640311406719,193.09005737304688,-23.959543228149414,0.0016354370163753629
7558069890,0,39.526003287588544,193.09124755859375,-23.858016967773438,0.0016678237589076161
7583069890,0,39.391643334967824,193.09237670898438,-23.76112174987793,0.0017068862216547132
7608069891,0,39.25320861907766,193.0934600830078,-23.66897964477539,0.0017491531325504184
7633069891,0,39.11060759842745,193.09446716308594,-23.58167839050293,0.0017918776720762253
7658069891,0,38.9637658944955,193.09542846679688,-23.499292373657227,0.0018336486537009478
7683069892,0,38.812601710573254,193.09632873535156,-23.4218692779541,0.0018730544252321124
7708069892,0,38.657053596816816,193.09716796875,-23.349451065063477,0.0019096755422651768
7733069892,0,38.49708341066605,193.09796142578125,-23.282060623168945,0.0019430159591138363
7758069893,0,38.332660216925454,193.09869384765625,-23.21971321105957,0.0019729614723473787
7783069893,0,38.16376197159544,193.099365234375,-23.16240882873535,0.0019996643532067537
7808069894,0,37.990366854805536,193.0999755859375,-23.11014175415039,0.002022972097620368
7833069894,0,37.81245324196385,193.1005401611328,-23.062896728515625,0.0020433806348592043
7858069894,0,37.630016057733634,193.1010284423828,-23.020658493041992,0.0020609283819794655
7883069895,0,37.44304153317624,193.1014862060547,-22.983394622802734,0.0020759582985192537
7908069895,0,37.25151166674846,193.1018524169922,-22.95108413696289,0.002088470384478569
7933069895,0,37.05543365218119,193.10218811035156,-22.923683166503906,0.0020988082978874445
7958069896,0,36.85478990806356,193.10243225097656,-22.901166915893555,0.002107276814058423
7983069896,0,36.648848915145514,193.10263061523438,-22.884145736694336,0.0021197127643972635
8008069897,0,36.434156356320486,193.1027374267578,-22.875951766967773,0.0021540068555623293
8033069897,0,36.2137757997855,193.1027374267578,-22.8735294342041,0.002180023118853569
8058069897,0,35.991062848662914,193.1027374267578,-22.873517990112305,0.002169914310798049
8083069898,0,35.768466655675674,193.10275268554688,-22.873476028442383,0.0021321868989616632
8108069898,0,35.545969620335896,193.10275268554688,-22.873416900634766,0.0020821380894631147
8133069898,0,35.323559456866356,193.10275268554688,-22.873355865478516,0.0020284652709960938
8158069899,0,35.10134167900013,193.10275268554688,-22.873294830322266,0.0019756315741688013
8183069899,0,34.879953042919546,193.10275268554688,-22.873239517211914,0.0019263076828792691
8208069900,0,34.660012964034586,193.10275268554688,-22.87291717529297,0.0018794250208884478
8233069900,0,34.440613397871346,193.10275268554688,-22.8723087310791,0.0018364334246143699
8258069900,0,34.221501357104245,193.10275268554688,-22.871479034423828,0.0017984008882194757
8283069901,0,34.002622439391395,193.10275268554688,-22.8704833984375,0.0017652511596679688
8308069901,0,33.783958823304765,193.10275268554688,-22.869359970092773,0.0017367553664371371
8333069901,0,33.565472366944654,193.10275268554688,-22.868139266967773,0.0017124557634815574
8358069902,0,33.34713529940376,193.10275268554688,-22.866846084594727,0.0016918182373046875
8383069902,0,33.12893766922995,193.10275268554688,-22.865497589111328,0.001674385042861104
8408069903,0,32.91086061536127,193.10275268554688,-22.864112854003906,0.0016596221830695868
8433069903,0,32.69289037031775,193.10275268554688,-22.862701416015625,0.0016471099806949496
8458069903,0,32.47501591114943,193.10275268554688,-22.861270904541016,0.0016366958152502775
8483069904,0,32.257236609268446,193.10275268554688,-22.859832763671875,0.0016278838738799095
8508069904,0,32.038823910986196,193.10275268554688,-22.85839080810547,0.001620445167645812
8533069904,0,31.819634784629244,193.10275268554688,-22.85694694519043,0.0016141509404405951
8558069905,0,31.59967157489337,193.10275268554688,-22.85550880432129,0.0016088485717773438
8583069905,0,31.378959918882643,193.10275268554688,-22.85407829284668,0.0016043090727180243
8608069906,0,31.15752609507335,193.10275268554688,-22.8526554107666,0.0016004943754523993
8633069906,0,30.935374550165616,193.10275268554688,-22.85124397277832,0.0015972518594935536
8658069906,0,30.71252075223668,193.10275268554688,-22.849843978881836,0.0015945052728056908
8683069907,0,30.48898525722167,193.10275268554688,-22.84845733642578,0.001592178363353014
8708069907,0,30.264787774467656,193.10275268554688,-22.847082138061523,0.001590194646269083
8733069907,0,30.039948009304492,193.10275268554688,-22.845722198486328,0.0015885161701589823
8758069908,0,29.814493719009317,193.10275268554688,-22.844377517700195,0.0015871429350227118
8783069908,0,29.588449696981048,193.10275268554688,-22.843046188354492,0.0015858840197324753
8808069908,0,29.36182738618808,193.10275268554688,-22.84172821044922,0.0015848159091547132
8833069909,0,29.134661749485478,193.10275268554688,-22.84042739868164,0.0015839386032894254
8858069909,0,28.907011486688987,193.10275268554688,-22.83913803100586,0.0015831756172701716
8883069910,0,28.678897576616546,193.10275268554688,-22.837865829467773,0.0015825270675122738
8908069910,0,28.450352863117594,193.10275268554688,-22.83660888671875,0.0015819548862054944
8933069910,0,28.221445572699142,193.10275268554688,-22.835365295410156,0.0015815353253856301
8958069911,0,27.992190752064232,193.10275268554688,-22.834135055541992,0.0015810775803402066
8983069911,0,27.762654090649857,193.10275268554688,-22.832921981811523,0.0015806960873305798
9008069911,0,27.532899169853582,193.10275268554688,-22.831722259521484,0.0015804290305823088
9033069912,0,27.30240384700874,193.10275268554688,-22.83112335205078,0.001585731515660882
9058069912,0,27.071230436190984,193.10275268554688,-22.831127166748047,0.001590194646269083
9083069913,0,26.84000640054693,193.10275268554688,-22.83112907409668,0.0015917968703433871
9108069913,0,26.608758655370423,193.10275268554688,-22.83112907409668,0.0015917968703433871
9133069913,0,26.377502890173297,193.10275268554688,-22.831127166748047,0.0015910338843241334
9158069914,0,26.146276403312605,193.10275268554688,-22.831127166748047,0.0015898895217105746
9183069914,0,25.915094885877036,193.10275268554688,-22.831125259399414,0.0015885161701589823
9208069914,0,25.683982925043548,193.10275268554688,-22.83112335205078,0.0015871810028329492
9233069915,0,25.452972520227537,193.10275268554688,-22.83112335205078,0.0015858840197324753
9258069915,0,25.222126180407123,193.10275268554688,-22.831119537353516,0.0015847778413444757
9283069916,0,24.991439441538887,193.10275268554688,-22.831119537353516,0.0015837097307667136
9308069916,0,24.76092967998677,193.10275268554688,-22.831117630004883,0.0015827941242605448
9333069916,0,24.53057694744518,193.10275268554688,-22.831117630004883,0.0015827941242605448
9358069917,0,24.300359820553545,193.10275268554688,-22.831117630004883,0.0015812682686373591
9383069917,0,24.07024161088566,193.10275268554688,-22.83111572265625,0.0015806579031050205
9408069917,0,23.840227217805005,193.10275268554688,-22.83111572265625,0.0015806579031050205
9433069918,0,23.61029162448611,193.10275268554688,-22.83111572265625,0.0015806579031050205
9458069918,0,23.380431451289454,193.10275268554688,-22.83111572265625,0.0015806579031050205
9483069919,0,23.15062586187932,193.10275268554688,-22.83111572265625,0.0015806579031050205
9508069919,0,22.92085577811473,193.10275268554688,-22.83111572265625,0.0015806579031050205
9533069919,0,22.69108775006309,193.10275268554688,-22.83111572265625,0.0015806579031050205
9558069920,0,22.461311436295617,193.10275268554688,-22.83111572265625,0.0015806579031050205
9583069920,0,22.231515174847747,193.10275268554688,-22.83111572265625,0.0015806579031050205
9608069920,0,22.0016911187671,193.10275268554688,-22.83111572265625,0.0015806579031050205
9633069921,0,21.771828267633826,193.10275268554688,-22.83111572265625,0.0015806579031050205
9658069921,0,21.541934032511584,193.10275268554688,-22.83111572265625,0.0015806579031050205
9683069922,0,21.312003506249013,193.10275268554688,-22.83111572265625,0.0015806579031050205
9708069922,0,21.082050548130347,193.10275268554688,-22.83111572265625,0.0015806579031050205
9733069922,0,20.852060555241682,193.10275268554688,-22.83111572265625,0.0015806579031050205
9758069923,0,20.622025458565602,193.10275268554688,-22.83111572265625,0.0015806579031050205
9783069923,0,20.391959641103973,193.10275268554688,-22.83111572265625,0.0015806579031050205
9808069923,0,20.161847846505076,193.10275268554688,-22.83111572265625,0.0015806579031050205
9833069924,0,19.931697704665005,193.10275268554688,-22.83111572265625,0.0015806579031050205
9858069924,0,19.701497991118313,193.10275268554688,-22.83111572265625,0.0015806579031050205
9883069925,0,19.47123301482883,193.10275268554688,-22.83111572265625,0.0015806579031050205
9908069925,0,19.24091846906001,193.10275268554688,-22.83111572265625,0.0015806579031050205
9933069925,0,19.010531684783988,193.10275268554688,-22.83111572265625,0.0015806579031050205
9958069926,0,18.780083672612612,193.10275268554688,-22.83111572265625,0.0015806579031050205
9983069926,0,18.549585877712982,193.10275268554688,-22.83111572265625,0.0015806579031050205
10008069926,0,18.31902412013429,193.10275268554688,-22.83111572265625,0.0015806579031050205
10033069927,0,18.088424882709255,193.10275268554688,-22.83111572265625,0.0015806579031050205
10058069927,0,17.857775861002914,193.10275268554688,-22.83111572265625,0.0015806579031050205
10083069927,0,17.627088714409922,193.10275268554688,-22.83111572265625,0.0015806579031050205
10108069928,0,17.396363014964837,193.10275268554688,-22.83111572265625,0.0015806579031050205
10133069928,0,17.16559940632538,193.10275268554688,-22.83111572265625,0.0015806579031050205
10158069929,0,16.93479767509381,193.10275268554688,-22.83111572265625,0.0015806579031050205
10183069929,0,16.70398070875285,193.10275268554688,-22.83111572265625,0.0015806579031050205
10208069929,0,16.473166942927197,193.10275268554688,-22.83111572265625,0.0015806579031050205
10233069930,0,16.24236443364999,193.10275268554688,-22.83111572265625,0.0015806579031050205
10258069930,0,16.011558137882147,193.10275268554688,-22.83111572265625,0.0015806579031050205
10283069930,0,15.78076755052969,193.10275268554688,-22.83111572265625,0.0015806579031050205
10308069931,0,15.549992038319516,193.10275268554688,-22.83111572265625,0.0015806579031050205
10333069931,0,15.319258515071889,193.10275268554688,-22.83111572265625,0.0015806579031050205
10358069932,0,15.0885828689061,193.10275268554688,-22.83111572265625,0.0015806579031050205
10383069932,0,14.858006846055101,193.10275268554688,-22.83111572265625,0.0015806579031050205
10408069932,0,14.627587870758548,193.10275268554688,-22.83111572265625,0.0015806579031050205
10433069933,0,14.397398205680807,193.10275268554688,-22.83111572265625,0.0015806579031050205
10458069933,0,14.167505676918848,193.10275268554688,-22.83111572265625,0.0015806579031050205
10483069933,0,13.937979776428469,193.10275268554688,-22.83111572265625,0.0015806579031050205
10508069934,0,13.7088775110115,193.10275268554688,-22.83111572265625,0.0015806579031050205
10533069934,0,13.480234242583993,193.10275268554688,-22.83111572265625,0.0015806579031050205
10558069935,0,13.252095324367358,193.10275268554688,-22.83111572265625,0.0015806579031050205
10583069935,0,13.024491268723143,193.10275268554688,-22.83111572265625,0.0015806579031050205
10608069935,0,12.79744135074622,193.10275268554688,-22.83111572265625,0.0015806579031050205
10633069936,0,12.571048766279143,193.10275268554688,-22.83111572265625,0.0015806579031050205
10658069936,0,12.345690739915726,193.10275268554688,-22.83111572265625,0.0015806579031050205
10683069936,0,12.121786656071318,193.10275268554688,-22.83111572265625,0.0015806579031050205
10708069937,0,11.89999239403999,193.10275268554688,-22.83111572265625,0.0015806579031050205
10733069937,0,11.680953822019115,193.10275268554688,-22.83111572265625,0.0015806579031050205
10758069938,0,11.465322165810115,193.10275268554688,-22.83111572265625,0.0015806579031050205
10783069938,0,11.253735244993598,193.10275268554688,-22.83111572265625,0.0015806579031050205
10808069938,0,11.046567259249597,193.10275268554688,-22.83111572265625,0.0015806579031050205
10833069939,0,10.843821579418764,193.10275268554688,-22.83111572265625,0.0015806579031050205
10858069939,0,10.64549437466645,193.10275268554688,-22.83111572265625,0.0015806579031050205
10883069939,0,10.451399140461351,193.10275268554688,-22.83111572265625,0.0015806579031050205
10908069940,0,10.26046378180751,193.10275268554688,-22.83111572265625,0.0015806579031050205
10933069940,0,10.071562629362054,193.10275268554688,-22.83111572265625,0.0015806579031050205
10958069941,0,9.883580849609677,193.10275268554688,-22.83111572265625,0.0015806579031050205
10983069941,0,9.695643928306595,193.10275268554688,-22.83111572265625,0.0015806579031050205
11008069941,0,9.507766767052765,193.10275268554688,-22.83111572265625,0.0015806579031050205
11033069942,0,9.319957029915804,193.10275268554688,-22.83111572265625,0.0015806579031050205
11058069942,0,9.132352687432784,193.10275268554688,-22.83111572265625,0.0015806579031050205
11083069942,0,8.945605192183503,193.10275268554688,-22.83111572265625,0.0015806579031050205
11108069943,0,8.760593727596875,193.10275268554688,-22.83088493347168,0.001368293771520257
11133069943,0,8.577647367318573,193.10275268554688,-22.83073616027832,0.0012440872378647327
11158069944,0,8.397510195754855,193.10275268554688,-22.830577850341797,0.0011799621861428022
11183069944,0,8.22111703111748,193.10275268554688,-22.830373764038086,0.0011561583960428834
11208069944,0,8.048940221645301,193.10275268554688,-22.83006477355957,0.0011583328014239669
11233069945,0,7.881290846629834,193.10275268554688,-22.829566955566406,0.0011764144292101264
11258069945,0,7.718335221589963,193.10275268554688,-22.828765869140625,0.0012031173100695014
11283069945,0,7.560571906013104,193.10276794433594,-22.827211380004883,0.0012311935424804688
11308069946,0,7.40856861837911,193.10281372070312,-22.824365615844727,0.0012556457659229636
11333069946,0,7.26284375852064,193.10284423828125,-22.81974220275879,0.00127410888671875
11358069946,0,7.122841945526054,193.10292053222656,-22.813920974731445,0.0012930297525599599
11383069947,0,6.9882891048340845,193.10305786132812,-22.80721092224121,0.0013145065167918801
11408069947,0,6.859343208721586,193.10324096679688,-22.799455642700195,0.0013345336774364114
11433069948,0,6.736252716050167,193.10340881347656,-22.790409088134766,0.0013510131975635886
11458069948,0,6.618972689878037,193.1035919189453,-22.78012466430664,0.0013648223830386996
11483069948,0,6.507659357034825,193.1038055419922,-22.7684326171875,0.00137523643206805
11508069949,0,6.402202566835857,193.10397338867188,-22.755428314208984,0.0013848876114934683
11533069949,0,6.30253102422867,193.10415649414062,-22.74119758605957,0.001393012935295701
11558069949,0,6.209219155090047,193.1043243408203,-22.72514533996582,0.0013955688336864114
11583069950,0,6.123053712840933,193.10452270507812,-22.70647430419922,0.0013900756603106856
11608069950,0,6.043652737988228,193.10472106933594,-22.685556411743164,0.0013824462657794356
11633069951,0,5.970896539828502,193.10494995117188,-22.662500381469727,0.001376304542645812
11658069951,0,5.904466918758116,193.105224609375,-22.637601852416992,0.001372489845380187
11683069951,0,5.844447150831934,193.10548400878906,-22.61075782775879,0.0013691710773855448
11708069952,0,5.7908032554725235,193.10577392578125,-22.58198356628418,0.001366424490697682
11733069952,0,5.743522840710199,193.10609436035156,-22.551273345947266,0.001364059397019446
11758069952,0,5.702613146048065,193.10641479492188,-22.518598556518555,0.001361846923828125
11783069953,0,5.668109251576816,193.1067657470703,-22.483905792236328,0.0013591765891760588
11808069953,0,5.640002416343408,193.10714721679688,-22.447179794311523,0.0013566588750109076
11833069954,0,5.618226007477354,193.10752868652344,-22.408464431762695,0.0013544844696298242
11858069954,0,5.602679025840642,193.10794067382812,-22.36783218383789,0.0013531494187191129
11883069954,0,5.59326432168733,193.10836791992188,-22.325363159179688,0.001352767925709486
11908069955,0,5.589891793951902,193.10882568359375,-22.2811222076416,0.0013533019227907062
11933069955,0,5.592490267407065,193.1092987060547,-22.23515510559082,0.0013545608380809426
11958069955,0,5.600995180409631,193.1097869873047,-22.187501907348633,0.001356430002488196
11983069956,0,5.615351621388018,193.11029052734375,-22.13819122314453,0.0013586044078692794
12008069956,0,5.635511496348114,193.1107940673828,-22.08724594116211,0.0013610076857730746
12033069957,0,5.661431242735035,193.11134338378906,-22.034685134887695,0.0013635253999382257
12058069957,0,5.6934971274116855,193.1118927001953,-21.98052406311035,0.0013660431141033769
12083069957,0,5.733711331139402,193.11245727539062,-21.924779891967773,0.0013685607118532062
12108069958,0,5.782428777501374,193.113037109375,-21.867462158203125,0.001370925921946764
12133069958,0,5.83885991224072,193.11363220214844,-21.808584213256836,0.0013732528313994408
12158069958,0,5.8992824439082945,193.1142578125,-21.748149871826172,0.0013753508683294058
12183069959,0,5.961209185888235,193.11488342285156,-21.68616485595703,0.0013772964011877775
12208069959,0,6.024644482576199,193.1155242919922,-21.62264060974121,0.0013791274977847934
12233069960,0,6.089602413388417,193.11618041992188,-21.55758285522461,0.0013808440417051315
12258069960,0,6.156087613408134,193.11685180664062,-21.490997314453125,0.0013824844500049949
12283069960,0,6.224095291101096,193.1175537109375,-21.422887802124023,0.0013839721214026213
12308069961,0,6.293630614009658,193.11825561523438,-21.353261947631836,0.0013852310366928577
12333069961,0,6.364686256971231,193.1189727783203,-21.282123565673828,0.001386566087603569
12358069961,0,6.437260601239173,193.11972045898438,-21.20947265625,0.0013876723824068904
12383069962,0,6.511347353691251,193.12046813964844,-21.13532257080078,0.0013887023087590933
12408069962,0,6.586943263618532,193.12124633789062,-21.059669494628906,0.0013896179152652621
12433069963,0,6.664034411025246,193.1220245361328,-20.982526779174805,0.0013906096573919058
12458069963,0,6.742628980041734,193.12283325195312,-20.903888702392578,0.0013914108276367188
12483069963,0,6.822714963985659,193.12364196777344,-20.823768615722656,0.0013922500656917691
12508069964,0,6.9042907305263865,193.1244659423828,-20.742162704467773,0.0013930511195212603
12533069964,0,6.987341293884422,193.1253204345703,-20.659082412719727,0.0013937377370893955
12558069964,0,7.071879720633977,193.12619018554688,-20.57452392578125,0.00139446253888309
12583069965,0,7.157890479999743,193.12705993652344,-20.488494873046875,0.0013950729044154286
12608069965,0,7.245368392297208,193.12796020507812,-20.401002883911133,0.001395645085722208
12633069965,0,7.334309098351101,193.1288604736328,-20.312047958374023,0.0013962172670289874
12658069966,0,7.4247230191621165,193.1298065185547,-20.221635818481445,0.0013967895647510886
12683069966,0,7.5165822157347435,193.1307373046875,-20.12976837158203,0.0013973235618323088
12708069967,0,7.609892787145085,193.1316680908203,-20.03645133972168,0.0013978957431390882
12733069967,0,7.704645957795652,193.1326446533203,-19.941692352294922,0.0013984298566356301
12758069967,0,7.800821866328453,193.1336212158203,-19.84551239013672,0.0013990402221679688
12783069968,0,7.898384805420801,193.13462829589844,-19.747943878173828,0.0013999557122588158
12808069968,0,7.997298019110463,193.13563537597656,-19.649024963378906,0.001401176443323493
12833069968,0,8.09751218593697,193.13665771484375,-19.548805236816406,0.0014028167352080345
12858069969,0,8.198981535594635,193.1376953125,-19.44733428955078,0.0014049529563635588
12883069969,0,8.301646692376677,193.13873291015625,-19.34466552734375,0.0014075851067900658
12908069970,0,8.40545260905391,193.13978576660156,-19.240856170654297,0.001410636818036437
12933069970,0,8.510345632080067,193.14083862304688,-19.135963439941406,0.0014141845749691129
12958069970,0,8.616265241188586,193.1419219970703,-19.03004264831543,0.0014182281447574496
12983069971,0,8.723152061370037,193.1430206298828,-18.923154830932617,0.0014225005870684981
13008069971,0,8.830956256070566,193.1441192626953,-18.815351486206055,0.0014271927066147327
13033069971,0,8.939618707307265,193.1452178955078,-18.706689834594727,0.0014320755144581199
13058069972,0,9.049094140985243,193.14634704589844,-18.597217559814453,0.0014371871948242188
13083069972,0,9.159328666499933,193.14747619628906,-18.48698616027832,0.0014424133114516735
13108069973,0,9.270265058685112,193.1486053466797,-18.376049041748047,0.001447715680114925
13133069973,0,9.381872815435415,193.1497344970703,-18.26444435119629,0.0014531707856804132
13158069973,0,9.494098770548282,193.15087890625,-18.1522216796875,0.0014585495227947831
13183069974,0,9.606582702349561,193.1520538330078,-18.039419174194336,0.001464042579755187
13208069974,0,9.71975303203212,193.15321350097656,-17.926076889038086,0.0014693832490593195
13233069974,0,9.833375640756278,193.15438842773438,-17.812231063842773,0.0014746093656867743
13258069975,0,9.947364462197426,193.1555633544922,-17.69791603088379,0.0014797592302784324
13283069975,0,10.06163367500319,193.15673828125,-17.583166122436523,0.0014848709106445312
13308069976,0,10.176076479359953,193.1579132080078,-17.468008041381836,0.0014897155342623591
13333069976,0,10.29053625079656,193.15907287597656,-17.352476119995117,0.0014944839058443904
13358069976,0,10.4046301196107,193.16024780273438,-17.236589431762695,0.0014990234049037099
13383069977,0,10.51712746410047,193.16143798828125,-17.120380401611328,0.0015033722156658769
13408069977,0,10.628417410316619,193.16265869140625,-17.00386619567871,0.001507568289525807
13433069977,0,10.738230805611934,193.1638641357422,-16.88707160949707,0.0015115737915039062
13458069978,0,10.846746949263967,193.16506958007812,-16.770015716552734,0.0015154265565797687
13483069978,0,10.95384135291355,193.16629028320312,-16.6527156829834,0.0015190505655482411
13508069979,0,11.058872953921187,193.16749572753906,-16.535192489624023,0.0015224837698042393
13533069979,0,11.16216200509297,193.168701171875,-16.417457580566406,0.0015257644699886441
13558069979,0,11.263006595113634,193.169921875,-16.299530029296875,0.0015288161812350154
13583069980,0,11.360707310716183,193.17112731933594,-16.181421279907227,0.0015316772041842341
13608069980,0,11.454826206791177,193.1723175048828,-16.063148498535156,0.0015344619750976562
13633069980,0,11.545791932218776,193.1735382080078,-15.944716453552246,0.001537055941298604
13658069981,0,11.633848381755374,193.17474365234375,-15.826142311096191,0.001539535471238196
13683069981,0,11.71920919646211,193.1759490966797,-15.707432746887207,0.0015418243128806353
13708069982,0,11.802021864302382,193.1771697998047,-15.588598251342773,0.0015439605340361595
13733069982,0,11.882398712811876,193.17837524414062,-15.469649314880371,0.001545982318930328
13758069982,0,11.960434137904873,193.17958068847656,-15.350592613220215,0.0015478514833375812
13783069983,0,12.036190796854822,193.18080139160156,-15.231436729431152,0.0015496063278988004
13808069983,0,12.109722854514038,193.1820068359375,-15.11218547821045,0.0015512084355577826
13833069983,0,12.181069809748797,193.18321228027344,-14.99284839630127,0.0015528106596320868
13858069984,0,12.250275795718757,193.18446350097656,-14.873414993286133,0.0015541458269581199
13883069984,0,12.317468087843304,193.1857147216797,-14.753790855407715,0.001554527203552425
13908069984,0,12.382835991909648,193.1869659423828,-14.633803367614746,0.001553344656713307
13933069985,0,12.446580708479242,193.18821716308594,-14.513278007507324,0.001550216693431139
13958069985,0,12.508842636817148,193.18946838378906,-14.392082214355469,0.0015454483218491077
13983069986,0,12.56975577471779,193.1907196044922,-14.270094871520996,0.001539268414489925
14008069986,0,12.629423784897218,193.19198608398438,-14.147226333618164,0.0015322113176807761
14033069986,0,12.687922725268946,193.1932830810547,-14.02340030670166,0.0015245055546984076
14058069987,0,12.745330787354794,193.19456481933594,-13.898551940917969,0.0015164565993472934
14083069987,0,12.801698167147737,193.19586181640625,-13.772631645202637,0.0017609787173569202
14108069987,0,12.85707146546671,193.1971893310547,-13.645596504211426,0.0019006729125976562
14133069988,0,12.911491636542799,193.198486328125,-13.517412185668945,0.001972465543076396
14158069988,0,12.964981959102564,193.19981384277344,-13.38804817199707,0.0020008469000458717
14183069989,0,13.017577628015095,193.20118713378906,-13.257481575012207,0.0020026396960020065
14208069989,0,13.069295145040106,193.2025604248047,-13.125694274902344,0.0019885634537786245
14233069989,0,13.120144481958258,193.20391845703125,-12.992669105529785,0.001966094831004739
14258069990,0,13.170138480204061,193.205322265625,-12.85839557647705,0.0019394683185964823
14283069990,0,13.219296474181052,193.2067413330078,-12.722861289978027,0.0019118499476462603
14308069990,0,13.267622047468672,193.20814514160156,-12.586060523986816,0.001884841825813055
14333069991,0,13.315125415166648,193.20957946777344,-12.447985649108887,0.0018596267327666283
14358069991,0,13.36181061882366,193.21102905273438,-12.308632850646973,0.0018366241129115224
14383069992,0,13.407691278518213,193.2124786376953,-12.167997360229492,0.0018161010229960084
14408069992,0,13.452774253950668,193.21395874023438,-12.026077270507812,0.0017978667747229338
14433069992,0,13.497061722830859,193.21543884277344,-11.882871627807617,0.00178184499964118
14458069993,0,13.540562950562284,193.21694946289062,-11.73837947845459,0.0017678833100944757
14483069993,0,13.58328679055525,193.21847534179688,-11.59260082244873,0.0017559813568368554
14508069993,0,13.625243777885101,193.219970703125,-11.445535659790039,0.0017457199282944202
14533069994,0,13.666436501399408,193.22154235839844,-11.297185897827148,0.0017368316184729338
14558069994,0,13.706871183849053,193.2230987548828,-11.147552490234375,0.0017292784759774804
14583069995,0,13.746560902676366,193.22467041015625,-10.996634483337402,0.0017229079967364669
14608069995,0,13.785506793018008,193.2262725830078,-10.844435691833496,0.001717529259622097
14633069995,0,13.823713214671344,193.2278594970703,-10.690958023071289,0.0017130279447883368
14658069996,0,13.86119492497826,193.2294921875,-10.53620433807373,0.0017091368790715933
14683069996,0,13.898970607772586,193.2311248779297,-10.380180358886719,0.0017059707315638661
14708069996,0,13.938074489734495,193.2327423095703,-10.222887992858887,0.0017032623291015625
14733069997,0,13.978494550636958,193.23443603515625,-10.064332962036133,0.0017010116716846824
14758069997,0,14.020214609693296,193.23611450195312,-9.904519081115723,0.0016992568271234632
14783069998,0,14.063229162269584,193.23782348632812,-9.743453979492188,0.00169792165979743
14808069998,0,14.107528669927023,193.23953247070312,-9.581141471862793,0.0016967772971838713
14833069998,0,14.153107859790714,193.24127197265625,-9.417587280273438,0.001695938059128821
14858069999,0,14.1999583751195,193.24302673339844,-9.252798080444336,0.0016953276935964823
14883069999,0,14.24807382117219,193.2447967529297,-9.08678150177002,0.0016947936965152621
14908069999,0,14.297447188402924,193.24658203125,-8.91954231262207,0.0016945648239925504
14933070000,0,14.348076459924282,193.2483673095703,-8.751086235046387,0.001694488455541432
14958070000,0,14.399949633603693,193.25021362304688,-8.5814208984375,0.0016944122035056353
14983070001,0,14.453062003301472,193.2520294189453,-8.410553932189941,0.001694488455541432
15008070001,0,14.507412048114041,193.25390625,-8.238490104675293,0.0016946792602539062
15033070001,0,14.56298911988369,193.25575256347656,-8.065237045288086,0.0016949462005868554
15058070002,0,14.619787621578466,193.25767517089844,-7.8907999992370605,0.0016954040620476007
15083070002,0,14.677803395372472,193.25958251953125,-7.715187072753906,0.0016957854386419058
15108070002,0,14.737029850375786,193.26153564453125,-7.538404941558838,0.0016963958041742444
15133070003,0,14.797454878248033,193.26348876953125,-7.360459327697754,0.001696739112958312
15158070003,0,14.859076312961442,193.2654571533203,-7.181358337402344,0.001697273226454854
15183070003,0,14.921445474999917,193.2675018310547,-7.001108169555664,0.0016978072235360742
15208070004,0,14.982461463977332,193.26950073242188,-6.819714069366455,0.0016984939575195312
15233070004,0,15.04195902388153,193.2715606689453,-6.637184143066406,0.0016991043230518699
15258070005,0,15.100047920545528,193.2736358642578,-6.453524112701416,0.0016996765043586493
15283070005,0,15.15679425359702,193.2757110595703,-6.268740653991699,0.0017002486856654286
15308070005,0,15.212310207434784,193.27784729003906,-6.082840442657471,0.0017008972354233265
15333070006,0,15.26665762299832,193.27999877929688,-5.895830154418945,0.0017016601050272584
15358070006,0,15.319894756558362,193.28216552734375,-5.70771598815918,0.0017023467225953937
15383070006,0,15.37206734091963,193.2843780517578,-5.518504619598389,0.0017029952723532915
15408070007,0,15.423217242993635,193.28659057617188,-5.328202247619629,0.0017036818899214268
15433070007,0,15.473382546393498,193.28884887695312,-5.136815547943115,0.0017044066917151213
15458070008,0,15.522593774850183,193.29112243652344,-4.944350242614746,0.001705169677734375
15483070008,0,15.570877413005778,193.29342651367188,-4.750813961029053,0.0017057800432667136
15508070008,0,15.618255838142282,193.29576110839844,-4.556211471557617,0.0017065810970962048
15533070009,0,15.664750987903327,193.29812622070312,-4.360549449920654,0.0017073058988898993
15558070009,0,15.710378632184641,193.3004913330078,-4.163834571838379,0.0017078780801966786
15583070009,0,15.755152136396292,193.30288696289062,-3.9660723209381104,0.0017086410662159324
15608070010,0,15.799088844175637,193.30532836914062,-3.7672691345214844,0.0017093276837840676
15633070010,0,15.842198607809866,193.3077850341797,-3.5674312114715576,0.0017099761171266437
15658070011,0,15.88448780608043,193.31027221679688,-3.3665645122528076,0.0017107772873714566
15683070011,0,15.925969092453,193.31277465820312,-3.164675235748291,0.001711349468678236
15708070011,0,15.966647740702282,193.3153076171875,-2.9617691040039062,0.001712112338282168
15733070012,0,16.006528317866145,193.31787109375,-2.75785231590271,0.001712799072265625
15758070012,0,16.04561699341061,193.32046508789062,-2.5529305934906006,0.0017134856898337603
15783070012,0,16.083920474863163,193.3230743408203,-2.3470098972320557,0.001714248675853014
15808070013,0,16.121441357891452,193.32569885253906,-2.1400957107543945,0.0017148589249700308
15833070013,0,16.158183096566706,193.328369140625,-1.9321941137313843,0.0017155837267637253
15858070014,0,16.19414735791161,193.33106994628906,-1.7233110666275024,0.0017162322765216231
15883070014,0,16.229341099590243,193.3337860107422,-1.5134518146514893,0.0017168807098641992
15908070014,0,16.26375891506025,193.33651733398438,-1.302622675895691,0.0017174530075863004
15933070015,0,16.297411281752304,193.3392791748047,-1.0908286571502686,0.0017182540614157915
15958070015,0,16.330293856266668,193.342041015625,-0.8780757784843445,0.0017189024947583675
15983070015,0,16.362411209446833,193.34483337402344,-0.6643694639205933,0.0017195510445162654
16008070016,0,16.393762359797872,193.34765625,-0.4497154951095581,0.0017201995942741632
16033070016,0,16.424347647881373,193.3505096435547,-0.23411925137043,0.0017206954071298242
16058070017,0,16.45417043510969,193.3533477783203,-0.01758621260523796,0.0017215346451848745
16083070017,0,16.483231176738034,193.35623168945312,0.19987818598747253,0.0017221831949427724
16108070017,0,16.51153087579328,193.35911560058594,0.41826847195625305,0.0017227171920239925
16133070018,0,16.539066286966985,193.36204528808594,0.6375792622566223,0.0017233657417818904
16158070018,0,16.565841213118492,193.36495971679688,0.8578052520751953,0.0017240523593500257
16183070018,0,16.591855781782247,193.367919921875,1.0789411067962646,0.001724624540656805
16208070019,0,16.617109680913973,193.37088012695312,1.3009812831878662,0.0017252349061891437
16233070019,0,16.64160237023214,193.37384033203125,1.5239208936691284,0.0017258834559470415
16258070020,0,16.66533669231051,193.3768310546875,1.747754454612732,0.0017265318892896175
16283070020,0,16.688310471696035,193.3798370361328,1.9724769592285156,0.0017270660027861595
16308070020,0,16.710523452305726,193.38287353515625,2.19808292388916,0.0017276763683184981
16333070021,0,16.731978874693944,193.38589477539062,2.424567461013794,0.0017282867338508368
16358070021,0,16.752671690528842,193.38894653320312,2.651925563812256,0.001728973351418972
16383070021,0,16.772605782458353,193.39198303222656,2.8801519870758057,0.0017296599689871073
16408070022,0,16.791781182686655,193.39505004882812,3.109241485595703,0.00173015589825809
16433070022,0,16.810196671168097,193.3981475830078,3.339189291000366,0.001730690011754632
16458070022,0,16.82785323634679,193.40122985839844,3.5699901580810547,0.0017312621930614114
16483070023,0,16.84474922116205,193.40431213378906,3.8016395568847656,0.00173187255859375
16508070023,0,16.860889266251814,193.40744018554688,4.034132480621338,0.0017324447399005294
16533070024,0,16.87626770608953,193.4105682373047,4.2674641609191895,0.0017329787369817495
16558070024,0,16.890889343540454,193.41368103027344,4.50162935256958,0.0017335510347038507
16583070024,0,16.904750297933916,193.4168243408203,4.736623287200928,0.0017341612838208675
16608070025,0,16.917851701291667,193.4199981689453,4.972441673278809,0.0017346953973174095
16633070025,0,16.930196661462116,193.42315673828125,5.209078311920166,0.0017352295108139515
16658070025,0,16.941808235816577,193.42633056640625,5.446529865264893,0.0017358397599309683
16683070026,0,16.952710416898686,193.42950439453125,5.684791564941406,0.0017363738734275103
16708070026,0,16.964211179919683,193.43270874023438,5.923857688903809,0.0017369460547342896
16733070027,0,16.976606149802663,193.4359130859375,6.163724899291992,0.0017375564202666283
16758070027,0,16.98988459604574,193.43911743164062,6.404387474060059,0.0017379759810864925
16783070027,0,17.00403935219409,193.44232177734375,6.645841121673584,0.0017384719103574753
16808070028,0,17.019060782987555,193.44552612304688,6.888081073760986,0.0017391586443409324
16833070028,0,17.034946326901128,193.44874572753906,7.131103515625,0.0017395782051607966
16858070028,0,17.051688612844153,193.4519500732422,7.374903202056885,0.0017403030069544911
16883070029,0,17.069283611804288,193.4551544189453,7.619476318359375,0.0017407225677743554
16908070029,0,17.087727461040753,193.4583740234375,7.864816665649414,0.0017410659929737449
16933070030,0,17.10701501172092,193.46157836914062,8.110921859741211,0.0017417526105418801
16958070030,0,17.127145641581077,193.4647979736328,8.357787132263184,0.0017422485398128629
16983070030,0,17.148109385058117,193.468017578125,8.605406761169434,0.0017427443526685238
17008070031,0,17.169908888959526,193.47125244140625,8.853778839111328,0.0017432784661650658
17033070031,0,17.192535358460432,193.47447204589844,9.102896690368652,0.0017438506474718451
17058070031,0,17.215986088384405,193.47764587402344,9.352757453918457,0.001744232140481472
17083070032,0,17.240257641585824,193.4808349609375,9.60335636138916,0.0017448043217882514
17108070032,0,17.265343557469908,193.48402404785156,9.854687690734863,0.00174541468732059
17133070033,0,17.291242460745508,193.48716735839844,10.106749534606934,0.0017458343645557761
17158070033,0,17.31794947801352,193.49032592773438,10.359537124633789,0.0017461776733398438
17183070033,0,17.345459949932632,193.49343872070312,10.613045692443848,0.0017467880388721824
17208070034,0,17.373224438385858,193.4965362548828,10.867270469665527,0.0017472838517278433
17233070034,0,17.39972787633405,193.49961853027344,11.122207641601562,0.001747779780998826
17258070034,0,17.425195685298462,193.50267028808594,11.37785530090332,0.0017481994582340121
17283070035,0,17.449817603073754,193.5056915283203,11.63420581817627,0.0017486572032794356
17308070035,0,17.47378084542425,193.5087127685547,11.89125919342041,0.001749229384586215
17333070036,0,17.49725942364269,193.5116729736328,12.149008750915527,0.0017496490618214011
17358070036,0,17.52043821838262,193.5146026611328,12.407452583312988,0.0017501068068668246
17383070036,0,17.54347239589396,193.51751708984375,12.666583061218262,0.0017506027361378074
17408070037,0,17.5665132374699,193.5203857421875,12.926398277282715,0.0017511367332190275
17433070037,0,17.589714537542797,193.523193359375,13.186894416809082,0.0017515182262286544
17458070037,0,17.613224709245717,193.52598571777344,13.448067665100098,0.0017520141554996371
17483070038,0,17.637173873002965,193.52874755859375,13.70991325378418,0.0017525100847706199
17508070038,0,17.66166610162621,193.5314483642578,13.972427368164062,0.0017529296455904841
17533070039,0,17.686778154615116,193.53411865234375,14.235607147216797,0.0017533873906359076
17558070039,0,17.712583290415942,193.53671264648438,14.49945068359375,0.0017538451356813312
17583070039,0,17.739129591718296,193.5392608642578,14.763949394226074,0.0017541884444653988
17608070040,0,17.76646886358872,193.54177856445312,15.02910327911377,0.0017546843737363815
17633070040,0,17.794634837932232,193.54421997070312,15.294906616210938,0.0017551040509715676
17658070040,0,17.823650291102044,193.54660034179688,15.561354637145996,0.001755409175530076
17683070041,0,17.8535333829513,193.54891967773438,15.828447341918945,0.0017560577252879739
17708070041,0,17.884290318000172,193.55120849609375,16.09617805480957,0.0017563628498464823
17733070041,0,17.915930559129535,193.5534210205078,16.364545822143555,0.0017567443428561091
17758070042,0,17.948462494068423,193.5555877685547,16.633544921875,0.0017573547083884478
17783070042,0,17.981885388194776,193.55767822265625,16.903169631958008,0.0017575835809111595
17808070043,0,18.016208928695754,193.55967712402344,17.173419952392578,0.001758155762217939
17833070043,0,18.051433714015232,193.56163024902344,17.444292068481445,0.0017586135072633624
17858070043,0,18.087559561160248,193.56349182128906,17.71578025817871,0.00175895681604743
17883070044,0,18.124612105166605,193.56532287597656,17.987882614135742,0.0017594146775081754
17908070044,0,18.162599697175803,193.5670928955078,18.26059341430664,0.0017596435500308871
17933070044,0,18.201516814984547,193.5687713623047,18.533912658691406,0.0017601394793018699
17958070045,0,18.24134348318456,193.57034301757812,18.80783462524414,0.0017606352921575308
17983070045,0,18.282060248655096,193.57186889648438,19.082355499267578,0.0017610167851671576
18008070046,0,18.323645928728215,193.5733184814453,19.357471466064453,0.0017614364624023438
18033070046,0,18.36607633868594,193.57467651367188,19.633182525634766,0.001761703402735293
18058070046,0,18.409320019163726,193.5759735107422,19.909481048583984,0.0017621612641960382
18083070047,0,18.45335276332836,193.57720947265625,20.186365127563477,0.0017626952612772584
18108070047,0,18.498151201712513,193.57833862304688,20.46383285522461,0.001763038570061326
18133070047,0,18.54368969529941,193.57937622070312,20.741878509521484,0.001763420063070953
18158070048,0,18.589948288755618,193.58030700683594,21.020498275756836,0.0017638015560805798
18183070048,0,18.636918921474493,193.58116149902344,21.299692153930664,0.0017641830490902066
18208070049,0,18.684595847041045,193.58197021484375,21.579458236694336,0.0017645644256845117
18233070049,0,18.732966212256258,193.58267211914062,21.859785079956055,0.0017649078508839011
18258070049,0,18.782035515415263,193.5832977294922,22.140676498413086,0.0017652511596679688
18283070050,0,18.831809254576765,193.5838165283203,22.422128677368164,0.001765670720487833
18308070050,0,18.88228792169843,193.58425903320312,22.704132080078125,0.0017660522134974599
18333070050,0,18.933485207010143,193.58462524414062,22.986690521240234,0.0017663573380559683
18358070051,0,18.985406228212636,193.58489990234375,23.26980209350586,0.0017667388310655951
18383070051,0,19.038045733529,193.58509826660156,23.55345916748047,0.001767120324075222
18408070052,0,19.09139428203852,193.58518981933594,23.837656021118164,0.0017675398848950863
18433070052,0,19.145444335573995,193.58518981933594,24.122394561767578,0.0017678069416433573
18458070052,0,19.20018655524557,193.5851287841797,24.407670974731445,0.001768150250427425
18483070053,0,19.255609647818574,193.58497619628906,24.6934814453125,0.0017685317434370518
18508070053,0,19.311691228986657,193.58470153808594,24.97981834411621,0.001768836984410882
18533070053,0,19.368427331932118,193.58436584472656,25.26668930053711,0.001769332797266543
18558070054,0,19.425791176429254,193.5839385986328,25.554080963134766,0.0017696380382403731
18583070054,0,19.483767934900758,193.58343505859375,25.84199333190918,0.00177001953125
18608070055,0,19.54233712620418,193.5828399658203,26.130428314208984,0.0017702484037727118
18633070055,0,19.601464845245,193.58213806152344,26.419376373291016,0.0017707443330436945
18658070055,0,19.66113639089933,193.58135986328125,26.708837509155273,0.0017710112733766437
18683070056,0,19.72132646045423,193.58050537109375,26.998807907104492,0.0017712783301249146
18708070056,0,19.78201783003737,193.57955932617188,27.28928565979004,0.0017717742593958974
18733070056,0,19.843192501607987,193.5785369873047,27.580265045166016,0.0017720031319186091
18758070057,0,19.9048458146944,193.577392578125,27.871747970581055,0.0017723464407026768
18783070057,0,19.96696587422649,193.57618713378906,28.163726806640625,0.0017726897494867444
18808070058,0,20.029547791437334,193.5749053955078,28.45620346069336,0.0017729568062350154
18833070058,0,20.09257258479909,193.5735321044922,28.74917221069336,0.0017733382992446423
18858070058,0,20.156035839100536,193.57208251953125,29.04262924194336,0.0017737197922542691
18883070059,0,20.21993197455169,193.570556640625,29.336570739746094,0.0017740249168127775
18908070059,0,20.28425642760377,193.56895446777344,29.630998611450195,0.0017744064098224044
18933070059,0,20.34899388934281,193.56727600097656,29.9259033203125,0.0017746734665706754
18958070060,0,20.414141251257217,193.56546020507812,30.22128677368164,0.0017749785911291838
18983070060,0,20.479671741940532,193.56362915039062,30.51713752746582,0.0017753600841388106
19008070060,0,20.5455658514397,193.5617218017578,30.813453674316406,0.001775779644958675
19033070061,0,20.61181333741424,193.55970764160156,31.11022186279297,0.0017762373900040984
19058070061,0,20.67841321149366,193.55763244628906,31.40743637084961,0.0017767715035006404
19083070062,0,20.745381498063896,193.5554656982422,31.705087661743164,0.0017774200532585382
19108070062,0,20.81272282304339,193.55322265625,32.00316619873047,0.0017779922345653176
19133070062,0,20.880438217073245,193.55091857910156,32.30166244506836,0.0017787551041692495
19158070063,0,20.948513476999885,193.5485076904297,32.60056686401367,0.0017795180901885033
19183070063,0,21.016919037711325,193.54603576660156,32.89986801147461,0.0017803573282435536
19208070063,0,21.085632963601213,193.54347229003906,33.19955062866211,0.0017813110025599599
19233070064,0,21.154652393138868,193.54083251953125,33.49961471557617,0.0017821884248405695
19258070064,0,21.223955366264203,193.53814697265625,33.80004119873047,0.0017831039149314165
19283070065,0,21.293522819401623,193.53538513183594,34.1008186340332,0.0017841720255091786
19308070065,0,21.363330052550598,193.5325469970703,34.401939392089844,0.0017852401360869408
19333070065,0,21.433362647624396,193.52964782714844,34.703392028808594,0.0017862700624391437
19358070066,0,21.503613949393362,193.5266876220703,35.005165100097656,0.0017873381730169058
19383070066,0,21.57407633281,193.52366638183594,35.3072509765625,0.0017884444678202271
19408070066,0,21.644730705560796,193.52056884765625,35.60963439941406,0.0017897033831104636
19433070067,0,21.71557803806509,193.5174102783203,35.91230773925781,0.0017908095614984632
19458070067,0,21.78660781676872,193.51417541503906,36.21525955200195,0.0017919921083375812
19483070068,0,21.857809517003094,193.5109100341797,36.51848602294922,0.0017931746551766992
19508070068,0,21.92914876056973,193.50755310058594,36.82196807861328,0.0017942809499800205
19533070068,0,22.000615951225125,193.504150390625,37.12570571899414,0.0017954634968191385
19558070069,0,22.072189063508578,193.50070190429688,37.429683685302734,0.0017965697916224599
19583070069,0,22.143856559503035,193.49717712402344,37.73389434814453,0.001797637902200222
19608070069,0,22.215600214156414,193.4936065673828,38.03832244873047,0.0017988586332648993
19633070070,0,22.28743699335003,193.48997497558594,38.34297561645508,0.0017999648116528988
19658070070,0,22.35935425547989,193.4862823486328,38.647830963134766,0.0018011092906817794
19683070071,0,22.43136132385448,193.48252868652344,38.95288848876953,0.0018021011492237449
19708070071,0,22.50346960337693,193.47874450683594,39.25813674926758,0.0018031310755759478
19733070071,0,22.57569228903395,193.47491455078125,39.56357192993164,0.0018041991861537099
19758070072,0,22.648029511800512,193.4710235595703,39.86918258666992,0.0018051910446956754
19783070072,0,22.72047404855505,193.46707153320312,40.174957275390625,0.0018062209710478783
19808070072,0,22.793044747084338,193.4630889892578,40.48090362548828,0.0018072128295898438
19833070073,0,22.86575120976933,193.4590606689453,40.78700637817383,0.0018081283196806908
19858070073,0,22.9385991911937,193.4549560546875,41.09325408935547,0.001809081993997097
19883070074,0,23.01161125960439,193.45083618164062,41.39965057373047,0.001809997484087944
19908070074,0,23.084791290327697,193.4466552734375,41.70619201660156,0.0018108749063685536
19933070074,0,23.158118214944878,193.4424591064453,42.01285934448242,0.0018117903964594007
19958070075,0,23.23158818220186,193.43820190429688,42.31965637207031,0.0018125533824786544
19983070075,0,23.305189712156604,193.43389892578125,42.6265754699707,0.0018133544363081455
20008070075,0,23.378907331712913,193.42958068847656,42.93360900878906,0.00181407923810184
20033070076,0,23.452729736830364,193.4252166748047,43.24075698852539,0.0018148040398955345
20058070076,0,23.52663267316126,193.42079162597656,43.548011779785156,0.001815528841689229
20083070077,0,23.60060063373076,193.4163360595703,43.855369567871094,0.0018162536434829235
20108070077,0,23.674622034319558,193.41184997558594,44.16282653808594,0.0018170165130868554
20133070077,0,23.7486875275633,193.40731811523438,44.47037887573242,0.0018176650628447533
20158070078,0,23.822797042147304,193.4027557373047,44.77802658081055,0.0018181990599259734
20183070078,0,23.896936865605117,193.39816284179688,45.08576202392578,0.001818809425458312
20208070078,0,23.97109610473136,193.39352416992188,45.39357376098633,0.0018194579752162099
20233070079,0,24.045278065403256,193.38888549804688,45.701473236083984,0.0018201445927843451
20258070079,0,24.119460062861773,193.38417053222656,46.00944137573242,0.0018206023378297687
20283070079,0,24.19364956386751,193.37945556640625,46.31748962402344,0.0018211746355518699
20308070080,0,24.267833278657786,193.3747100830078,46.62560272216797,0.0018215941963717341
20333070080,0,24.342022559531717,193.3699188232422,46.93378829956055,0.0018220901256427169
20358070081,0,24.41621715206441,193.3651123046875,47.242034912109375,0.0018226623069494963
20383070081,0,24.490434278705905,193.36029052734375,47.55034255981445,0.0018230437999591231
20408070081,0,24.564675908449605,193.3554229736328,47.85870361328125,0.0018234633607789874
20433070082,0,24.638968314208253,193.3505401611328,48.16712951660156,0.0018238830380141735
20458070082,0,24.713309978316033,193.3456268310547,48.475608825683594,0.0018243025988340378
20483070082,0,24.78771017119353,193.34068298339844,48.78413772583008,0.0018246840918436646
20508070083,0,24.862191846308917,193.33572387695312,49.09272003173828,0.0018251037690788507
20533070083,0,24.93675524561025,193.3307342529297,49.40134811401367,0.0018254088936373591
20558070084,0,25.011417440509568,193.32571411132812,49.710018157958984,0.0018257140181958675
20583070084,0,25.086195239935147,193.3206787109375,50.01873779296875,0.0018260955112054944
20608070084,0,25.16109322932213,193.31564331054688,50.32749938964844,0.0018264007521793246
20633070085,0,25.236126754461242,193.31056213378906,50.63629913330078,0.001826705876737833
20658070085,0,25.311301538163892,193.3054656982422,50.94513702392578,0.0018270491855219007
20683070085,0,25.38662086371715,193.30035400390625,51.25401306152344,0.001827239990234375
20708070086,0,25.462071996084312,193.2952117919922,51.56291961669922,0.0018275451147928834
20733070086,0,25.537639320418076,193.29006958007812,51.871864318847656,0.0018278503557667136
20758070087,0,25.61331193096212,193.28489685058594,52.18083953857422,0.0018280792282894254
20783070087,0,25.689080024294373,193.27972412109375,52.48984146118164,0.0018283843528479338
20808070087,0,25.76494560090484,193.27452087402344,52.79887390136719,0.0018285750411450863
20833070088,0,25.840897219478506,193.26931762695312,53.10793685913086,0.0018288420978933573
20858070088,0,25.916923438868142,193.26409912109375,53.41702651977539,0.0018289947183802724
20883070088,0,25.99300518919887,193.25885009765625,53.72614288330078,0.0018291091546416283
20908070089,0,26.069125494093377,193.25357055664062,54.0352783203125,0.0018294142792001367
20933070089,0,26.145287611372655,193.24832153320312,54.34444046020508,0.001829605083912611
20958070090,0,26.22148838498526,193.24302673339844,54.65362548828125,0.0018296813359484076
20983070090,0,26.297722101824036,193.23773193359375,54.96282958984375,0.0018299483926966786
21008070090,0,26.37398295354292,193.232421875,55.27205276489258,0.0018300628289580345
21033070091,0,26.45028000111066,193.22708129882812,55.581298828125,0.0018301772652193904
21058070091,0,26.52661123731182,193.2217559814453,55.890560150146484,0.0018303298857063055
21083070091,0,26.602982771847767,193.21640014648438,56.19984436035156,0.0018304823897778988
21108070092,0,26.679392503413926,193.21104431152344,56.5091438293457,0.0018306731944903731
21133070092,0,26.75585026617089,193.20565795898438,56.81846618652344,0.0018307494465261698
21158070093,0,26.83234974377717,193.20028686523438,57.1277961730957,0.0018309783190488815
21183070093,0,26.908921447464024,193.19491577148438,57.43714904785156,0.0018309783190488815
21208070093,0,26.985552424077984,193.1895294189453,57.74650573730469,0.0018310927553102374
21233070094,0,27.062273192121207,193.18411254882812,58.05588912963867,0.0018313216278329492
21258070094,0,27.13906236257367,193.17868041992188,58.36527633666992,0.0018313598120585084
21283070094,0,27.215927764842355,193.1732635498047,58.67467498779297,0.001831436064094305
21308070095,0,27.292876507542083,193.1678466796875,58.98408889770508,0.0018315124325454235
21333070095,0,27.369913020255815,193.16241455078125,59.29351806640625,0.0018315886845812201
21358070096,0,27.44703646558612,193.156982421875,59.60295867919922,0.0018316650530323386
21383070096,0,27.52424555461777,193.15151977539062,59.91240692138672,0.0018317794892936945
21408070096,0,27.601546006658513,193.14605712890625,60.22186279296875,0.0018318939255550504
21433070097,0,27.6789305067635,193.14059448242188,60.53133010864258,0.0018320083618164062
21458070097,0,27.75638369100744,193.1351318359375,60.8408088684082,0.0018321227980777621
21483070097,0,27.833875149132048,193.12966918945312,61.15029525756836,0.0018321608658879995
21508070098,0,27.911400638953292,193.1242218017578,61.45978927612305,0.0018321608658879995
21533070098,0,27.98893802188593,193.11874389648438,61.769290924072266,0.001832237234339118
21558070098,0,28.066491009658602,193.1132354736328,62.07880401611328,0.0018323134863749146
21583070099,0,28.144036827527696,193.1077423095703,62.3883171081543,0.0018323516706004739
21608070099,0,28.221575590169586,193.1022491455078,62.69784164428711,0.0018324279226362705
21633070100,0,28.299099675672903,193.09674072265625,63.00736999511719,0.0018325805431231856
21658070100,0,28.376589358287923,193.0912322998047,63.31691360473633,0.0018325805431231856
21683070100,0,28.45401804475361,193.08572387695312,63.6264533996582,0.0018325805431231856
21708070101,0,28.53140121582355,193.08023071289062,63.936004638671875,0.0018325805431231856
21733070101,0,28.60873909856397,193.07472229003906,64.24555969238281,0.0018326567951589823
21758070101,0,28.68603932948423,193.0692138671875,64.55512237548828,0.0018326567951589823
21783070102,0,28.763309431816175,193.06370544433594,64.86468505859375,0.0018326949793845415
21808070102,0,28.84057229833113,193.05819702148438,65.17425537109375,0.0018328094156458974
21833070103,0,28.917827476907195,193.0526885986328,65.48383331298828,0.0018327331636101007
21858070103,0,28.99507496425923,193.0471954345703,65.79341888427734,0.0018328475998714566
21883070103,0,29.072314990188943,193.0416717529297,66.1030044555664,0.0018328475998714566
21908070104,0,29.149555301464854,193.0361328125,66.41259002685547,0.0018329620361328125
21933070104,0,29.22681843808476,193.03057861328125,66.72218322753906,0.0018330382881686091
21958070104,0,29.304107976636192,193.02503967285156,67.03178405761719,0.0018330382881686091
21983070105,0,29.38141282246525,193.0194854736328,67.34137725830078,0.0018329238519072533
22008070105,0,29.458759320055982,193.01394653320312,67.65098571777344,0.0018329620361328125
22033070106,0,29.536147822151214,193.00839233398438,67.9605941772461,0.0018330382881686091
22058070106,0,29.61358154300563,193.0028533935547,68.27020263671875,0.0018330764723941684
22083070106,0,29.691072399688775,192.99729919433594,68.57981872558594,0.0018330764723941684
22108070107,0,29.768612639997514,192.99176025390625,68.88943481445312,0.0018332289764657617
22133070107,0,29.846217032650664,192.98622131347656,69.19905853271484,0.0018331909086555243
22158070107,0,29.923863047305655,192.98068237304688,69.50867462158203,0.001833152724429965
22183070108,0,30.0015658152373,192.97512817382812,69.81830596923828,0.0018332289764657617
22208070108,0,30.07930256723789,192.96958923339844,70.1279296875,0.0018332289764657617
22233070109,0,30.157084989404066,192.9640350341797,70.43756103515625,0.0018331909086555243
22258070109,0,30.234889575364576,192.95849609375,70.7471923828125,0.0018333053449168801
22283070109,0,30.312728258519726,192.95294189453125,71.05683135986328,0.001833267160691321
22308070110,0,30.390581591713712,192.94740295410156,71.36647033691406,0.001833267160691321
22333070110,0,30.468457945974176,192.9418487548828,71.67610931396484,0.0018332289764657617
22358070110,0,30.546345504144995,192.93630981445312,71.98574829101562,0.0018333815969526768
22383070111,0,30.624237259913183,192.93075561523438,72.2953872680664,0.0018333815969526768
22408070111,0,30.702117706943863,192.9252166748047,72.60503387451172,0.0018333434127271175
22433070112,0,30.7799451358329,192.91966247558594,72.91468048095703,0.0018333434127271175
22458070112,0,30.857700602379527,192.91412353515625,73.22432708740234,0.0018333434127271175
22483070112,0,30.935357786963653,192.9085693359375,73.53398132324219,0.0018333434127271175
22508070113,0,31.012909322265806,192.9030303955078,73.8436279296875,0.0018334578489884734
22533070113,0,31.09036704597715,192.89747619628906,74.15327453613281,0.0018333053449168801
22558070113,0,31.1677345360618,192.8919219970703,74.46292877197266,0.001833419781178236
22583070114,0,31.24500392508853,192.88638305664062,74.7725830078125,0.0018334578489884734
22608070114,0,31.32220522857335,192.880859375,75.08224487304688,0.0018334960332140326
22633070115,0,31.399307938021888,192.87530517578125,75.39189910888672,0.0018334578489884734
