ts,agent_id,cvip,cvip_x,cvip_y,cvip_z
1983156155,0,500.4911885387494,198.76744079589844,-95.83265686035156,-499.8193664550781
2008156156,0,5.595579574090421,195.56744384765625,-90.83265686035156,0.09999999403953552
2033156156,0,5.592365059106882,195.56744384765625,-90.83265686035156,0.09540698677301407
2058156156,0,5.589577830706274,195.56744384765625,-90.83265686035156,0.08469131588935852
2083156157,0,5.587154487252182,195.56744384765625,-90.83265686035156,0.0693112164735794
2108156157,0,5.58490284657624,195.56744384765625,-90.83265686035156,0.05613723769783974
2133156158,0,5.583078219951395,195.56744384765625,-90.83265686035156,0.04550548270344734
2158156158,0,5.582027767701456,195.56744384765625,-90.83265686035156,0.03692970052361488
2183156158,0,5.581839537785531,195.56744384765625,-90.83265686035156,0.030015792697668076
2208156159,0,5.581937002716514,195.56744384765625,-90.83265686035156,0.024444427341222763
2233156159,0,5.582054312131681,195.56744384765625,-90.83265686035156,0.01995697058737278
2258156159,0,5.582115992201545,195.56744384765625,-90.83265686035156,0.01634414680302143
2283156160,0,5.582104629980321,195.56744384765625,-90.83265686035156,0.013436851091682911
2308156160,0,5.582061392693935,195.56744384765625,-90.83265686035156,0.011098288930952549
2333156161,0,5.58203731373542,195.56744384765625,-90.83265686035156,0.009217948652803898
2358156161,0,5.581991710267062,195.56744384765625,-90.83265686035156,0.007706718053668737
2383156161,0,5.581948395724954,195.56744384765625,-90.83265686035156,0.00649261474609375
2408156162,0,5.581915910632607,195.56744384765625,-90.83265686035156,0.0055175782181322575
2433156162,0,5.581894103986878,195.56744384765625,-90.83265686035156,0.004734840244054794
2458156162,0,5.581857788633585,195.56744384765625,-90.83265686035156,0.004106712061911821
2483156163,0,5.581852601613148,195.56744384765625,-90.83265686035156,0.003602867014706135
2508156163,0,5.581852851883691,195.56744384765625,-90.83265686035156,0.003198814345523715
2533156163,0,5.581844342228537,195.56744384765625,-90.83265686035156,0.002874908270314336
2558156164,0,5.581850665159098,195.56744384765625,-90.83265686035156,0.0026153563521802425
2583156164,0,5.581858257548936,195.56744384765625,-90.83265686035156,0.00240745535120368
2608156165,0,5.5818513325650745,195.56744384765625,-90.83265686035156,0.0022409819066524506
2633156165,0,5.5818593685408135,195.56744384765625,-90.83265686035156,0.0021076963748782873
2658156165,0,5.581867010774956,195.56744384765625,-90.83265686035156,0.0020010375883430243
2683156166,0,5.581874055145872,195.56744384765625,-90.83265686035156,0.0019157028291374445
2708156166,0,5.581874153846434,195.56744384765625,-90.83265686035156,0.0018474578391760588
2733156166,0,5.581879768039407,195.56744384765625,-90.83265686035156,0.00179290771484375
2758156167,0,5.58188466719281,195.56744384765625,-90.83265686035156,0.0017492675688117743
2783156167,0,5.581888894137341,195.56744384765625,-90.83265686035156,0.0017144393641501665
2808156168,0,5.581892508051992,195.56744384765625,-90.83265686035156,0.0016865539364516735
2833156168,0,5.581895574108779,195.56744384765625,-90.83265686035156,0.0016643141862004995
2858156168,0,5.581898159364009,195.56744384765625,-90.83265686035156,0.0016465758671984076
2883156169,0,5.581900327548116,195.56744384765625,-90.83265686035156,0.001632423372939229
2908156169,0,5.58190213779374,195.56744384765625,-90.83265686035156,0.0016210937174037099
2933156169,0,5.581903642873353,195.56744384765625,-90.83265686035156,0.0016120909713208675
2958156170,0,5.581904890803503,195.56744384765625,-90.83265686035156,0.0016048812540248036
2983156170,0,5.581905921432526,195.56744384765625,-90.83265686035156,0.0015991592081263661
3008156171,0,5.581906771538084,195.56744384765625,-90.83265686035156,0.0015946197090670466
3033156171,0,5.581907470548025,195.56744384765625,-90.83265686035156,0.0015909957000985742
3058156171,0,5.581908044248746,195.56744384765625,-90.83265686035156,0.001588096609339118
3083156172,0,5.581908514650709,195.56744384765625,-90.83265686035156,0.0015857695834711194
3108156172,0,5.581908899159369,195.56744384765625,-90.83265686035156,0.0015839386032894254
3133156172,0,5.58190921353338,195.56744384765625,-90.83265686035156,0.0015824889997020364
3158156173,0,5.581903223963587,195.56744384765625,-90.83265686035156,0.0015813064528629184
3183156173,0,5.581903253161689,195.56744384765625,-90.83265686035156,0.0015813064528629184
3208156174,0,5.58190332924344,195.56744384765625,-90.83265686035156,0.0015813064528629184
3233156174,0,5.581903418883516,195.56744384765625,-90.83265686035156,0.0015813064528629184
3258156174,0,5.581903513149973,195.56744384765625,-90.83265686035156,0.0015813064528629184
3283156175,0,5.581903606356219,195.56744384765625,-90.83265686035156,0.0015813064528629184
3308156175,0,5.581903695022975,195.56744384765625,-90.83265686035156,0.0015813064528629184
3333156175,0,5.581903776753006,195.56744384765625,-90.83265686035156,0.0015813064528629184
3358156176,0,5.581903850875037,195.56744384765625,-90.83265686035156,0.0015813064528629184
3383156176,0,5.581903916696256,195.56744384765625,-90.83265686035156,0.0015813064528629184
3408156177,0,5.581903975318798,195.56744384765625,-90.83265686035156,0.0015813064528629184
3433156177,0,5.581904026094546,195.56744384765625,-90.83265686035156,0.0015813064528629184
3458156177,0,5.581904070085893,195.56744384765625,-90.83265686035156,0.0015813064528629184
3483156178,0,5.581904107736996,195.56744384765625,-90.83265686035156,0.0015813064528629184
3508156178,0,5.581904140156045,195.56744384765625,-90.83265686035156,0.0015813064528629184
3533156178,0,5.581904167532778,195.56744384765625,-90.83265686035156,0.0015813064528629184
3558156179,0,5.581904190742026,195.56744384765625,-90.83265686035156,0.0015813064528629184
3583156179,0,5.581904210017552,195.56744384765625,-90.83265686035156,0.0015813064528629184
3608156180,0,5.581904210017552,195.56744384765625,-90.83265686035156,0.0015813064528629184
3633156180,0,5.581904219003505,195.56744384765625,-90.83265686035156,0.0015813064528629184
3658156180,0,5.581904226898667,195.56744384765625,-90.83265686035156,0.0015813064528629184
3683156181,0,5.581904235222118,195.56744384765625,-90.83265686035156,0.0015813064528629184
3708156181,0,5.581904243331961,195.56744384765625,-90.83265686035156,0.0015813064528629184
3733156181,0,5.581904250992773,195.56744384765625,-90.83265686035156,0.0015813064528629184
3758156182,0,5.581904258225899,195.56744384765625,-90.83265686035156,0.0015813064528629184
3783156182,0,5.581904265031289,195.56744384765625,-90.83265686035156,0.0015813064528629184
3808156182,0,5.581904270938058,195.56744384765625,-90.83265686035156,0.0015813064528629184
3833156183,0,5.581904270938058,195.56744384765625,-90.83265686035156,0.0015813064528629184
3858156183,0,5.581904280804496,195.56744384765625,-90.83265686035156,0.0015813064528629184
3883156184,0,5.581904280804496,195.56744384765625,-90.83265686035156,0.0015813064528629184
3908156184,0,5.581904287824757,195.56744384765625,-90.83265686035156,0.0015813064528629184
3933156184,0,5.581904287824757,195.56744384765625,-90.83265686035156,0.0015813064528629184
3958156185,0,5.581904287824757,195.56744384765625,-90.83265686035156,0.0015813064528629184
3983156185,0,5.581904295487419,195.56744384765625,-90.83265686035156,0.0015813064528629184
4008156185,0,5.581904295487419,195.56744384765625,-90.83265686035156,0.0015813064528629184
4033156186,0,5.581904295487419,195.56744384765625,-90.83265686035156,0.0015813064528629184
4058156186,0,5.581904295487419,195.56744384765625,-90.83265686035156,0.0015813064528629184
4083156187,0,5.581904295487419,195.56744384765625,-90.83265686035156,0.0015813064528629184
4108156187,0,5.581904295487419,195.56744384765625,-90.83265686035156,0.0015813064528629184
4133156187,0,5.581904295487419,195.56744384765625,-90.83265686035156,0.0015813064528629184
4158156188,0,5.581904295487419,195.56744384765625,-90.83265686035156,0.0015813064528629184
4183156188,0,5.581904301395165,195.56744384765625,-90.83265686035156,0.0015813064528629184
4208156188,0,5.581904301395165,195.56744384765625,-90.83265686035156,0.0015813064528629184
4233156189,0,5.581904301395165,195.56744384765625,-90.83265686035156,0.0015813064528629184
4258156189,0,5.581904301395165,195.56744384765625,-90.83265686035156,0.0015813064528629184
4283156190,0,5.581904301395165,195.56744384765625,-90.83265686035156,0.0015813064528629184
4308156190,0,5.581904301395165,195.56744384765625,-90.83265686035156,0.0015813064528629184
4333156190,0,5.581916803622781,195.56744384765625,-90.83265686035156,0.0015813064528629184
4358156191,0,5.5868792269746805,195.56744384765625,-90.83263397216797,0.0015820693224668503
4383156191,0,5.592250049482493,195.56768798828125,-90.82512664794922,0.0015269850846379995
4408156191,0,5.596150658847195,195.5682830810547,-90.8080062866211,0.0014392470475286245
4433156192,0,5.598643338251461,195.5691680908203,-90.78170776367188,0.0013419341994449496
4458156192,0,5.6000137599846,195.5703887939453,-90.74675750732422,0.0012477874988690019
4483156193,0,5.600352248782352,195.57174682617188,-90.70368957519531,0.0011639404110610485
4508156193,0,5.600020480285187,195.5734405517578,-90.65308380126953,0.0010935973841696978
4533156193,0,5.599326684850804,195.5754852294922,-90.59553527832031,0.0010380554012954235
4558156194,0,5.598241429336974,195.5774383544922,-90.53160858154297,0.0009969329694285989
4583156194,0,5.597207290862311,195.5795440673828,-90.4619140625,0.0009692382882349193
4608156194,0,5.596510513432903,195.58184814453125,-90.38697052001953,0.0009537124424241483
4633156195,0,5.596124185435033,195.5840606689453,-90.30724334716797,0.0009484481415711343
4658156195,0,5.59629146861958,195.58621215820312,-90.22319030761719,0.0009517669677734375
4683156196,0,5.597237020405923,195.5884552001953,-90.13521575927734,0.0009619140182621777
4708156196,0,5.599031573123763,195.5907440185547,-90.04367065429688,0.0009776306105777621
4733156196,0,5.601807417224139,195.59312438964844,-89.9488754272461,0.0009974288986995816
4758156197,0,5.6056170895881285,195.5955810546875,-89.85108947753906,0.0010200118413195014
4783156197,0,5.610524510293203,195.59808349609375,-89.7505874633789,0.0010445022489875555
4808156197,0,5.616549035820964,195.6006622314453,-89.64754486083984,0.001069946214556694
4833156198,0,5.623731590019076,195.60330200195312,-89.54216766357422,0.0010958098573610187
4858156198,0,5.63205591454159,195.60598754882812,-89.43457794189453,0.0011212157551199198
4883156199,0,5.6415310571997015,195.6087188720703,-89.32492065429688,0.0011459350353106856
4908156199,0,5.652131275136699,195.6115264892578,-89.21329498291016,0.0011697387089952826
4933156199,0,5.663861845812276,195.61436462402344,-89.09979248046875,0.0011922453995794058
4958156200,0,5.6766844345288066,195.61732482910156,-88.9844970703125,0.0012133788550272584
4983156200,0,5.690575585002483,195.6202850341797,-88.86747741699219,0.0012331389589235187
5008156200,0,5.705459415680773,195.623291015625,-88.74878692626953,0.0012513732071965933
5033156201,0,5.721305906641774,195.62632751464844,-88.62847137451172,0.0012680815998464823
5058156201,0,5.738105329471171,195.62945556640625,-88.50657653808594,0.0012835311936214566
5083156201,0,5.755814230128303,195.63259887695312,-88.3831558227539,0.0012976074358448386
5108156202,0,5.774383397510937,195.6358184814453,-88.2582015991211,0.0013103485107421875
5133156202,0,5.793797058891044,195.63905334472656,-88.13177490234375,0.0015785216819494963
5158156203,0,5.814028848488548,195.642333984375,-88.00387573242188,0.0017381286015734076
5183156203,0,5.835047313017579,195.6456756591797,-87.87454223632812,0.0018271636217832565
5208156203,0,5.856793591206436,195.64907836914062,-87.7437744140625,0.0018711852608248591
5233156204,0,5.8792406477990795,195.65249633789062,-87.61160278320312,0.001886825542896986
5258156204,0,5.9023952188539335,195.65597534179688,-87.47802734375,0.0018851852510124445
5283156204,0,5.926223640012626,195.65948486328125,-87.34307098388672,0.001874046283774078
5308156205,0,5.950688015931859,195.6630401611328,-87.20674896240234,0.0018578720046207309
5333156205,0,5.975800433193577,195.66664123535156,-87.06905364990234,0.0018395613878965378
5358156206,0,6.001523027375471,195.6702880859375,-86.93000030517578,0.0018210600828751922
5383156206,0,6.027863506225522,195.67396545410156,-86.78961944580078,0.0018033599480986595
5408156206,0,6.054785096250975,195.6776885986328,-86.64788055419922,0.0017871856689453125
5433156207,0,6.082268282914842,195.68145751953125,-86.50481414794922,0.0017725753132253885
5458156207,0,6.110314647230799,195.6852569580078,-86.36042785644531,0.0017597198020666838
5483156207,0,6.13888061504253,195.68910217285156,-86.21471405029297,0.0017485427670180798
5508156208,0,6.167926947280363,195.69296264648438,-86.06768035888672,0.001738967839628458
5533156208,0,6.197521762227511,195.69688415527344,-85.91934204101562,0.0017308807000517845
5558156209,0,6.227599776807959,195.7008514404297,-85.76971435546875,0.0017240523593500257
5583156209,0,6.258141243847822,195.704833984375,-85.61876678466797,0.0017182158771902323
5608156209,0,6.289175843623231,195.70887756347656,-85.4665298461914,0.0017134094377979636
5633156210,0,6.3206853600695085,195.7129669189453,-85.31300354003906,0.0017094421200454235
5658156210,0,6.3526316740526685,195.7170867919922,-85.15818786621094,0.001706199604086578
5683156210,0,6.385022126135807,195.72125244140625,-85.00209045410156,0.0017034148331731558
5708156211,0,6.4178523078047744,195.7254638671875,-84.84471130371094,0.00170135498046875
5733156211,0,6.451085045617607,195.72970581054688,-84.68607330322266,0.0016996001359075308
5758156212,0,6.484745912406921,195.73397827148438,-84.52616882324219,0.0016983413370326161
5783156212,0,6.51881221409871,195.73828125,-84.36500549316406,0.0016973114106804132
5808156212,0,6.5533113369957094,195.74261474609375,-84.20260620117188,0.0016964721726253629
5833156213,0,6.588233545321706,195.74700927734375,-84.03895568847656,0.0016961288638412952
5858156213,0,6.622277888866398,195.7514190673828,-83.87406158447266,0.0016958618070930243
5883156213,0,6.655262892129062,195.75587463378906,-83.70793914794922,0.0016955947503447533
5908156214,0,6.68717436845546,195.76039123535156,-83.54058074951172,0.00169567100238055
5933156214,0,6.718018665293748,195.76492309570312,-83.37201690673828,0.001695823622867465
5958156215,0,6.747821478213883,195.76950073242188,-83.2022476196289,0.001696090679615736
5983156215,0,6.776550063188815,195.7740936279297,-83.03126525878906,0.0016964339883998036
6008156215,0,6.804218657548389,195.7787322998047,-82.85910034179688,0.0016967772971838713
6033156216,0,6.830847772348814,195.78341674804688,-82.68573760986328,0.0016972350422292948
6058156216,0,6.856402442182961,195.78811645507812,-82.51119232177734,0.0016977691557258368
6083156216,0,6.880894572077278,195.7928924560547,-82.33546447753906,0.0016982269007712603
6108156217,0,6.9043109470229735,195.79766845703125,-82.15858459472656,0.0016990279546007514
6133156217,0,6.926652857193643,195.80252075195312,-81.98052215576172,0.0016995620680972934
6158156218,0,6.947949858816538,195.807373046875,-81.80132293701172,0.001700172433629632
6183156218,0,6.968201947372363,195.81228637695312,-81.6209716796875,0.001700820866972208
6208156218,0,6.987383708772168,195.81719970703125,-81.4394760131836,0.0017015074845403433
6233156219,0,7.005552242605787,195.8221893310547,-81.2568359375,0.001702117850072682
6258156219,0,7.022659918083306,195.82717895507812,-81.07308197021484,0.0017029190203174949
6283156219,0,7.038750048603013,195.83224487304688,-80.88819885253906,0.0017034912016242743
6308156220,0,7.053798783432768,195.8373260498047,-80.70220184326172,0.0017042160034179688
6333156220,0,7.067827024488508,195.84243774414062,-80.51509094238281,0.0017049788730219007
6358156220,0,7.081524373954436,195.8475799560547,-80.3268814086914,0.0017057800432667136
6383156221,0,7.096751424109871,195.85276794433594,-80.1375732421875,0.0017065047286450863
6408156221,0,7.113410892274069,195.8579864501953,-79.94717407226562,0.0017071914626285434
6433156222,0,7.131401957958532,195.8632354736328,-79.75569915771484,0.0017079162644222379
6458156222,0,7.150632866757916,195.86851501464844,-79.56314849853516,0.0017086410662159324
6483156222,0,7.171052586151644,195.8738250732422,-79.36952209472656,0.0017093276837840676
6508156223,0,7.19258257698185,195.87918090820312,-79.1748275756836,0.0017100524855777621
6533156223,0,7.2151911892936464,195.88455200195312,-78.97907257080078,0.0017108917236328125
6558156223,0,7.23881114053273,195.88995361328125,-78.78227233886719,0.0017115783412009478
6583156224,0,7.263363217169548,195.8953857421875,-78.58441925048828,0.001712264958769083
6608156224,0,7.288849301289992,195.9008331298828,-78.38552856445312,0.0017130279447883368
6633156225,0,7.315189551258628,195.9063262939453,-78.18560028076172,0.0017136383103206754
6658156225,0,7.34234448650983,195.91183471679688,-77.98464965820312,0.0017143249278888106
6683156225,0,7.370227413736136,195.91737365722656,-77.78267669677734,0.0017150877974927425
6708156226,0,7.398766071747181,195.92294311523438,-77.5796890258789,0.001715812599286437
6733156226,0,7.427852383751914,195.92852783203125,-77.37569427490234,0.0017165374010801315
6758156226,0,7.457392385806521,195.9341583251953,-77.17069244384766,0.0017172241350635886
6783156227,0,7.4872513330358785,195.9397735595703,-76.96469116210938,0.001717796316370368
6808156227,0,7.517335574775134,195.94544982910156,-76.7576904296875,0.0017185211181640625
6833156228,0,7.547523639478864,195.95114135742188,-76.54971313476562,0.0017192839877679944
6858156228,0,7.577679617844406,195.95684814453125,-76.34075164794922,0.0017198561690747738
6883156228,0,7.607687843859809,195.96255493164062,-76.13082122802734,0.0017206573393195868
6908156229,0,7.637384793660773,195.96832275390625,-75.91990661621094,0.0017212677048519254
6933156229,0,7.666591540915918,195.97406005859375,-75.70803833007812,0.0017219161381945014
6958156229,0,7.6952265439299055,195.9798583984375,-75.4952163696289,0.0017226027557626367
6983156230,0,7.723090541306477,195.9856414794922,-75.28142547607422,0.001723060617223382
7008156230,0,7.7502180544621195,195.99143981933594,-75.06670379638672,0.0017238616710528731
7033156231,0,7.776505372837183,195.99728393554688,-74.85103607177734,0.0017244720365852118
7058156231,0,7.801766321904856,196.0030975341797,-74.63442993164062,0.001725158654153347
7083156231,0,7.825931518203994,196.00894165039062,-74.41688537597656,0.0017258452717214823
7108156232,0,7.8489244222699215,196.01478576660156,-74.19843292236328,0.001726455637253821
7133156232,0,7.8706958805893175,196.02066040039062,-73.97904968261719,0.0017270278185606003
7158156232,0,7.891203349471411,196.0265350341797,-73.75875091552734,0.0017276763683184981
7183156233,0,7.910417866286271,196.0324249267578,-73.53755187988281,0.0017282103653997183
7208156233,0,7.928222343415487,196.03829956054688,-73.31544494628906,0.0017289351671934128
7233156234,0,7.944608620611117,196.044189453125,-73.09243774414062,0.0017295455327257514
7258156234,0,7.959581973125664,196.05007934570312,-72.8685302734375,0.0017301940824836493
7283156234,0,7.973134579235154,196.0559539794922,-72.64374542236328,0.0017308425158262253
7308156235,0,7.985244824864118,196.0618438720703,-72.4180679321289,0.001731452881358564
7333156235,0,7.995905350401795,196.06773376464844,-72.19152069091797,0.0017320250626653433
7358156235,0,8.005074914210532,196.07362365722656,-71.96409606933594,0.0017325591761618853
7383156236,0,8.012760195280462,196.0795135498047,-71.73580169677734,0.0017331695416942239
7408156236,0,8.0189883128268,196.0854034423828,-71.50664520263672,0.0017337417230010033
7433156237,0,8.023739371272535,196.09130859375,-71.2766342163086,0.0017343139043077826
7458156237,0,8.027095115348674,196.09719848632812,-71.04576873779297,0.0017349624540656805
7483156237,0,8.029069516731258,196.1031036376953,-70.81404876708984,0.0017354583833366632
7508156238,0,8.029683955577314,196.10894775390625,-70.58148956298828,0.0017360305646434426
7533156238,0,8.02893571359428,196.11480712890625,-70.34809112548828,0.001736602745950222
7558156238,0,8.02683599824084,196.1206817626953,-70.11386108398438,0.0017372131114825606
7583156239,0,8.023362057901243,196.1265411376953,-69.8788070678711,0.0017377090407535434
7608156239,0,8.018508458109137,196.13235473632812,-69.6429214477539,0.0017383956583216786
7633156239,0,8.012344670309147,196.13818359375,-69.40621185302734,0.0017388915875926614
7658156240,0,8.004882556314104,196.1439971923828,-69.168701171875,0.0017394637688994408
7683156240,0,7.996110006034588,196.14979553222656,-68.93037414550781,0.0017399596981704235
7708156241,0,7.98607638680948,196.15557861328125,-68.69124603271484,0.0017405700637027621
7733156241,0,7.974820939874072,196.16134643554688,-68.45130920410156,0.0017412566812708974
7758156241,0,7.962338413442064,196.16709899902344,-68.21057891845703,0.0017417906783521175
7783156242,0,7.948733538143337,196.17282104492188,-67.96906280517578,0.0017422103555873036
7808156242,0,7.933997738914623,196.1785430908203,-67.72676086425781,0.001742782536894083
7833156242,0,7.918122212120651,196.18423461914062,-67.48367309570312,0.0017432784661650658
7858156243,0,7.901180445869506,196.18991088867188,-67.23981475830078,0.0017437743954360485
7883156243,0,7.883191353491014,196.19558715820312,-66.99517059326172,0.001744346576742828
7908156244,0,7.864224540538818,196.20120239257812,-66.74977111816406,0.0017448806902393699
7933156244,0,7.844412273866149,196.20681762695312,-66.50360870361328,0.00174541468732059
7958156244,0,7.8238512660236506,196.21241760253906,-66.25667572021484,0.0017458724323660135
7983156245,0,7.802549672047088,196.21798706054688,-66.00899505615234,0.0017465209821239114
8008156245,0,7.7804779746801955,196.22352600097656,-65.76055908203125,0.001746864290907979
8033156245,0,7.757736372121164,196.22906494140625,-65.51138305664062,0.001747512724250555
8058156246,0,7.734299310209135,196.23452758789062,-65.26146697998047,0.0017479324014857411
8083156246,0,7.710205929551322,196.23997497558594,-65.01079559326172,0.0017484283307567239
8108156247,0,7.68550410739537,196.24542236328125,-64.75940704345703,0.001748962327837944
8133156247,0,7.660237221677775,196.25083923339844,-64.50728607177734,0.0017493820050731301
8158156247,0,7.634327421143698,196.25621032714844,-64.25442504882812,0.0017499160021543503
8183156248,0,7.60787674910262,196.2615509033203,-64.0008544921875,0.0017504501156508923
8208156248,0,7.580807662046798,196.2668914794922,-63.74656677246094,0.0017508696764707565
8233156248,0,7.553060002492881,196.27218627929688,-63.4915657043457,0.0017513656057417393
8258156249,0,7.524589750686127,196.27743530273438,-63.2358512878418,0.001751861535012722
8283156249,0,7.495493515225264,196.2826690673828,-62.97943878173828,0.0017523192800581455
8308156250,0,7.465786421670878,196.28787231445312,-62.72232437133789,0.0017528152093291283
8333156250,0,7.435438339880066,196.29306030273438,-62.46451187133789,0.0017532729543745518
8358156250,0,7.404486194241815,196.29820251464844,-62.20600891113281,0.0017537306994199753
8383156251,0,7.372877902126281,196.3032989501953,-61.946815490722656,0.0017541884444653988
8408156251,0,7.340675746019427,196.30838012695312,-61.68693542480469,0.0017546843737363815
8433156251,0,7.307860067133553,196.31341552734375,-61.4263801574707,0.0017551040509715676
8458156252,0,7.275021623837382,196.31842041015625,-61.16514587402344,0.0017557144165039062
8483156252,0,7.242255556031643,196.32339477539062,-60.903236389160156,0.0017560577252879739
8508156253,0,7.209532068806959,196.32833862304688,-60.640663146972656,0.0017566299065947533
8533156253,0,7.176811313558991,196.33323669433594,-60.37742233276367,0.0017570113996043801
8558156253,0,7.144081714355008,196.33810424804688,-60.1135139465332,0.0017575073288753629
8583156254,0,7.111340373519322,196.3429412841797,-59.84895706176758,0.001757888705469668
8608156254,0,7.078570900129863,196.34774780273438,-59.583744049072266,0.001758308382704854
8633156254,0,7.045702168345393,196.35250854492188,-59.31787872314453,0.0017588043119758368
8658156255,0,7.012719771877132,196.3572540283203,-59.05137634277344,0.0017591094365343451
8683156255,0,6.97959750975879,196.36196899414062,-58.78422164916992,0.0017596435500308871
8708156256,0,6.946333042097707,196.36663818359375,-58.51642990112305,0.0017600631108507514
8733156256,0,6.91295795143335,196.3712615966797,-58.24800491333008,0.0017604446038603783
8758156256,0,6.879454540762604,196.3758544921875,-57.97895050048828,0.001760940533131361
8783156257,0,6.845779260964144,196.38043212890625,-57.70926284790039,0.0017613600939512253
8808156257,0,6.811962306071937,196.3849639892578,-57.4389533996582,0.0017617797711864114
8833156257,0,6.7779097763921605,196.3894500732422,-57.168025970458984,0.0017621612641960382
8858156258,0,6.743700099656568,196.3939208984375,-56.89647674560547,0.0017624663887545466
8883156258,0,6.709310630705859,196.3983612060547,-56.624324798583984,0.0017629241337999701
8908156258,0,6.67467914775473,196.4027557373047,-56.35155487060547,0.001763305626809597
8933156259,0,6.639695522245808,196.4071044921875,-56.078182220458984,0.0017637633718550205
8958156259,0,6.6042601885510335,196.41143798828125,-55.804203033447266,0.0017641448648646474
8983156260,0,6.567854926457908,196.4157257080078,-55.529632568359375,0.0017646407941356301
9008156260,0,6.530228483094087,196.4199981689453,-55.25445556640625,0.001765022287145257
9033156260,0,6.49173248931809,196.4242401123047,-54.97869110107422,0.0017654418479651213
9058156261,0,6.452514718080487,196.4284210205078,-54.70233917236328,0.0017658233409747481
9083156261,0,6.412610314611716,196.43258666992188,-54.42539596557617,0.001766204833984375
9108156261,0,6.372020396804539,196.43673706054688,-54.14787292480469,0.00176658621057868
9133156262,0,6.330757756127661,196.44081115722656,-53.869773864746094,0.0017669296357780695
9158156262,0,6.2889161749213525,196.4449005126953,-53.591102600097656,0.0017673491965979338
9183156263,0,6.24643677569873,196.44894409179688,-53.31185531616211,0.0017677306896075606
9208156263,0,6.203326217670787,196.45294189453125,-53.03203582763672,0.0017681121826171875
9233156263,0,6.159615071252645,196.45692443847656,-52.75164794921875,0.0017686081118881702
9258156264,0,6.115364237256611,196.4608612060547,-52.47071075439453,0.0017688750522211194
9283156264,0,6.070581616904615,196.4647674560547,-52.189208984375,0.0017692565452307463
9308156264,0,6.025375741788161,196.46864318847656,-51.90714645385742,0.0017696380382403731
9333156265,0,5.979694505383265,196.4724884033203,-51.624534606933594,0.0017699431627988815
9358156265,0,5.933705321265997,196.47634887695312,-51.34136962890625,0.0017703628400340676
9383156266,0,5.887437927801764,196.48013305664062,-51.05766677856445,0.0017707061488181353
9408156266,0,5.840984991728989,196.48390197753906,-50.77341079711914,0.0017711257096379995
9433156266,0,5.794298385729325,196.4876251220703,-50.488616943359375,0.0017715072026476264
9458156267,0,5.747357149902597,196.49136352539062,-50.20328903198242,0.0017718886956572533
9483156267,0,5.700299020043309,196.4950408935547,-49.91743087768555,0.0017722701886668801
9508156267,0,5.653202378646337,196.4987030029297,-49.631038665771484,0.0017726134974509478
9533156268,0,5.606149474807272,196.50233459472656,-49.344120025634766,0.0017728423699736595
9558156268,0,5.559099291451257,196.5059356689453,-49.05667495727539,0.0017732238629832864
9583156269,0,5.512093589475759,196.50950622558594,-48.76870346069336,0.0017736053559929132
9608156269,0,5.46519285318062,196.5130615234375,-48.480224609375,0.0017739867325872183
9633156269,0,5.418324525555017,196.5166015625,-48.191219329833984,0.001774330041371286
9658156270,0,5.371579162726744,196.52011108398438,-47.90170669555664,0.001774597098119557
9683156270,0,5.325048852634559,196.52359008789062,-47.61167907714844,0.0017749785911291838
9708156270,0,5.278756858620979,196.5270538330078,-47.32114791870117,0.0017753600841388106
9733156271,0,5.2326672482849235,196.5304718017578,-47.03010940551758,0.0017756271408870816
9758156271,0,5.186822316456974,196.5338897705078,-46.73857879638672,0.0017760085174813867
9783156272,0,5.141180852699883,196.5372772216797,-46.44654083251953,0.0017762755742296576
9808156272,0,5.095758737033757,196.54063415527344,-46.15400695800781,0.0017766188830137253
9833156272,0,5.0505914138874,196.54397583007812,-45.860984802246094,0.0017770003760233521
9858156273,0,5.005721214555729,196.54730224609375,-45.567474365234375,0.001777381869032979
9883156273,0,4.961110595405082,196.5506134033203,-45.273475646972656,0.00177764892578125
9908156273,0,4.916764550833184,196.5538787841797,-44.9789924621582,0.0017779922345653176
9933156274,0,4.872773030295587,196.55715942382812,-44.68402862548828,0.0017782592913135886
9958156274,0,4.8291449085675575,196.5603790283203,-44.38858413696289,0.0017786406679078937
9983156275,0,4.78595907698457,196.56362915039062,-44.09266662597656,0.0017789077246561646
10008156275,0,4.743132432272493,196.5668182373047,-43.796268463134766,0.0017792129656299949
10033156275,0,4.7007709979617625,196.5700225830078,-43.49940490722656,0.0017795943422243
10058156276,0,4.658821236949627,196.57318115234375,-43.20206832885742,0.0017799376510083675
10083156276,0,4.617327285392295,196.57632446289062,-42.90428161621094,0.0017800902714952826
10108156276,0,4.576380980933688,196.5794677734375,-42.60602569580078,0.0017805099487304688
10133156277,0,4.535894723607381,196.58258056640625,-42.307308197021484,0.001780776889063418
10158156277,0,4.495907459657293,196.58567810058594,-42.00813293457031,0.001781043945811689
10183156277,0,4.456447644998245,196.58876037597656,-41.70850372314453,0.0017814254388213158
10208156278,0,4.417577376218582,196.59185791015625,-41.40842056274414,0.0017817305633798242
10233156278,0,4.379325638928319,196.5949249267578,-41.10789108276367,0.0017820358043536544
10258156279,0,4.341708580937965,196.59796142578125,-40.806915283203125,0.0017823409289121628
10283156279,0,4.304792978912877,196.6009979248047,-40.5054931640625,0.001782646169885993
10308156279,0,4.268600373696114,196.60401916503906,-40.20363235473633,0.0017828368581831455
10333156280,0,4.233133067923112,196.60702514648438,-39.90133285522461,0.0017831420991569757
10358156280,0,4.198523956385474,196.61001586914062,-39.598594665527344,0.0017834854079410434
10383156280,0,4.164756016286058,196.61300659179688,-39.29541778564453,0.0017837523482739925
10408156281,0,4.1318449497437575,196.61599731445312,-38.99181365966797,0.0017840575892478228
10433156281,0,4.099772903188857,196.6189422607422,-38.68778610229492,0.0017843246459960938
10458156282,0,4.0685882450013375,196.62188720703125,-38.383323669433594,0.001784591586329043
10483156282,0,4.038276532171957,196.6248321533203,-38.07843780517578,0.0017849350115284324
10508156282,0,4.00890279547358,196.6277618408203,-37.77313232421875,0.0017851638840511441
10533156283,0,3.9805322710485123,196.6306610107422,-37.4674072265625,0.0017854690086096525
10558156283,0,3.9532224047483835,196.63357543945312,-37.16127014160156,0.0017856978811323643
10583156283,0,3.925748341441242,196.63519287109375,-36.85477828979492,0.0017866515554487705
10608156284,0,3.8991438957221582,196.63653564453125,-36.54788589477539,0.00178722373675555
10633156284,0,3.872977908814161,196.6371307373047,-36.24054718017578,0.00178722373675555
10658156285,0,3.846965682986644,196.63668823242188,-35.93274688720703,0.0017869186121970415
10683156285,0,3.8216114946240944,196.63571166992188,-35.62443161010742,0.0017859649378806353
10708156285,0,3.7970738127535473,196.63427734375,-35.31558609008789,0.0017847060225903988
10733156286,0,3.7732914071936445,196.63229370117188,-35.00619125366211,0.0017832565354183316
10758156286,0,3.750334203405109,196.62982177734375,-34.69623565673828,0.0017817687476053834
10783156286,0,3.7283072577497927,196.6268768310547,-34.38570785522461,0.001780281076207757
10808156287,0,3.707288676368112,196.6234588623047,-34.07460403442383,0.001778831472620368
10833156287,0,3.6872814420303124,196.61959838867188,-33.76291275024414,0.0017774200532585382
10858156288,0,3.668727315072874,196.61569213867188,-33.45062255859375,0.001776046701706946
10883156288,0,3.6516821673830084,196.61175537109375,-33.137725830078125,0.0017747115343809128
10908156288,0,3.6361405558031503,196.6077423095703,-32.82421875,0.0017733382992446423
10933156289,0,3.62223316847752,196.60372924804688,-32.51009750366211,0.001772232004441321
10958156289,0,3.6099649161396075,196.59963989257812,-32.19535446166992,0.0017711638938635588
10983156289,0,3.5994165452642517,196.59556579589844,-31.87999725341797,0.0017700575990602374
11008156290,0,3.590939370374218,196.5917510986328,-31.564016342163086,0.0017691421089693904
11033156290,0,3.584577879995224,196.58816528320312,-31.24740982055664,0.0017683791229501367
11058156291,0,3.580358012575933,196.5848388671875,-30.930179595947266,0.0017676925053820014
11083156291,0,3.5782420853095305,196.5817413330078,-30.61232566833496,0.001766967703588307
11108156291,0,3.5782809185013704,196.57888793945312,-30.293842315673828,0.0017663573380559683
11133156292,0,3.580507007866513,196.5762481689453,-29.974733352661133,0.0017658233409747481
11158156292,0,3.585041304672318,196.57386779785156,-29.654998779296875,0.0017653655959293246
11183156292,0,3.5919239113921058,196.57188415527344,-29.33464241027832,0.0017649078508839011
11208156293,0,3.60119683685466,196.57025146484375,-29.0136661529541,0.001764755230396986
11233156293,0,3.6128677987712687,196.56895446777344,-28.69207000732422,0.001764488173648715
11258156294,0,3.626971950227072,196.56802368164062,-28.369850158691406,0.0017642593011260033
11283156294,0,3.6435805735425952,196.56741333007812,-28.04701805114746,0.0017641066806390882
11308156294,0,3.662674974431435,196.5670928955078,-27.723567962646484,0.0017639541765674949
11333156295,0,3.6844952109106877,196.56712341308594,-27.399505615234375,0.0017639159923419356
11358156295,0,3.7088904615920746,196.56752014160156,-27.074832916259766,0.0017637633718550205
11383156295,0,3.735779099535895,196.56825256347656,-26.749555587768555,0.0017637633718550205
11408156296,0,3.7651163173104316,196.56927490234375,-26.42367172241211,0.0017637633718550205
11433156296,0,3.7968787286973504,196.57058715820312,-26.09718132019043,0.001763839740306139
11458156296,0,3.831460940408131,196.57215881347656,-25.77009391784668,0.0017638778081163764
11483156297,0,3.8669070553119793,196.57180786132812,-25.44261360168457,0.0017658995930105448
11508156297,0,3.901293896802534,196.5677490234375,-25.11513328552246,0.0017711257096379995
11533156298,0,3.933405554805257,196.55882263183594,-24.788116455078125,0.0017805480165407062
11558156298,0,3.9621273150533973,196.54400634765625,-24.462114334106445,0.0017937087686732411
11583156298,0,3.987040507642045,196.52284240722656,-24.137304306030273,0.0018072128295898438
11608156299,0,4.008405898937373,196.495361328125,-23.81352996826172,0.0018174743745476007
11633156299,0,4.026509658799208,196.46157836914062,-23.49066162109375,0.0018233489245176315
11658156299,0,4.042006333563749,196.42153930664062,-23.168582916259766,0.0018259048229083419
11683156300,0,4.055485473533924,196.37530517578125,-22.84722328186035,0.0018254851456731558
11708156300,0,4.067746103195131,196.32305908203125,-22.526535034179688,0.0018232726724818349
11733156301,0,4.079610451061363,196.264892578125,-22.206491470336914,0.0018199539044871926
11758156301,0,4.092085921741167,196.2010040283203,-21.887081146240234,0.0018162536434829235
11783156301,0,4.106322305468303,196.1316375732422,-21.56831169128418,0.001811981201171875
11808156302,0,4.123221295327654,196.05699157714844,-21.250179290771484,0.0018079376313835382
11833156302,0,4.143606873947288,195.97727966308594,-20.932687759399414,0.0018041229341179132
11858156302,0,4.168254027352446,195.89280700683594,-20.615819931030273,0.001800537109375
11883156303,0,4.197749900121044,195.80384826660156,-20.29956817626953,0.0017973327776417136
11908156303,0,4.2328979844129835,195.71067810058594,-19.98390007019043,0.0017943953862413764
11933156304,0,4.274392414807134,195.61358642578125,-19.66878318786621,0.001791725168004632
11958156304,0,4.322479438337079,195.5128631591797,-19.354167938232422,0.0017895125783979893
11983156304,0,4.376811715746958,195.40878295898438,-19.040002822875977,0.0017870330484583974
12008156305,0,4.43661790846891,195.30162048339844,-18.726228713989258,0.0017852783203125
12033156305,0,4.501787220317123,195.191650390625,-18.41278839111328,0.001783409039489925
12058156305,0,4.573023289406743,195.07907104492188,-18.09961700439453,0.0017819976201280951
12083156306,0,4.651180491383422,194.96417236328125,-17.786653518676758,0.0017805099487304688
12108156306,0,4.7371523878672965,194.84710693359375,-17.47384262084961,0.0017792129656299949
12133156307,0,4.832955525023617,194.73020935058594,-17.160444259643555,0.0017780684866011143
12158156307,0,4.9396863108408535,194.61517333984375,-16.846073150634766,0.0017789839766919613
12183156307,0,5.057064176405002,194.5021209716797,-16.53068733215332,0.0017804717645049095
12208156308,0,5.184708672545651,194.39114379882812,-16.21422004699707,0.0017813491867855191
12233156308,0,5.322058813676312,194.2823944091797,-15.896597862243652,0.0017815398750826716
12258156308,0,5.468923638769239,194.17599487304688,-15.57774829864502,0.001780929509550333
12283156309,0,5.625314400035309,194.0731964111328,-15.257546424865723,0.0017820739885792136
12308156309,0,5.791018186806015,193.97503662109375,-14.93593978881836,0.0017850494477897882
12333156310,0,5.9656430651742935,193.88157653808594,-14.612899780273438,0.0017877960344776511
12358156310,0,6.148819037478985,193.79283142089844,-14.28840160369873,0.0017892455216497183
12383156310,0,6.340181939131935,193.70880126953125,-13.962430953979492,0.001789588830433786
12408156311,0,6.539357052105468,193.62954711914062,-13.63499641418457,0.0017895125783979893
12433156311,0,6.746014344278173,193.5559844970703,-13.3062105178833,0.001791458111256361
12458156311,0,6.959818521591145,193.4881591796875,-12.97610855102539,0.0017931365873664618
12483156312,0,7.180452662510026,193.42588806152344,-12.6447114944458,0.0017938613891601562
12508156312,0,7.407639872942179,193.3690948486328,-12.3120698928833,0.0017938613891601562
12533156313,0,7.641146759827189,193.31768798828125,-11.978240966796875,0.0017934798961505294
12558156313,0,7.880741559357289,193.27162170410156,-11.643292427062988,0.0017927169101312757
12583156313,0,8.126200591362345,193.23095703125,-11.30732250213623,0.0017927932785823941
12608156314,0,8.377326818165459,193.195556640625,-10.970401763916016,0.0017924498533830047
12633156314,0,8.633948956141216,193.1652069091797,-10.632589340209961,0.0017918396042659879
12658156314,0,8.895925904297103,193.13967895507812,-10.293947219848633,0.0017911528702825308
12683156315,0,9.162843740476845,193.1188507080078,-9.95454216003418,0.0017904280684888363
12708156315,0,9.433787079246612,193.1024627685547,-9.614432334899902,0.0017897796351462603
12733156315,0,9.707739707289507,193.0901336669922,-9.273645401000977,0.001788558904081583
12758156316,0,9.983580701572748,193.08160400390625,-8.93222427368164,0.0017875289777293801
12783156316,0,10.260457337393925,193.07659912109375,-8.5902099609375,0.0017864989349618554
12808156317,0,10.53795470934997,193.07498168945312,-8.247639656066895,0.0017855834448710084
12833156317,0,10.81569030450261,193.076416015625,-7.904541492462158,0.001784744206815958
12858156317,0,11.093356107799279,193.08079528808594,-7.560939788818359,0.001784095773473382
12883156318,0,11.370744471467518,193.08740234375,-7.2168145179748535,0.0017829512944445014
12908156318,0,11.647664567199508,193.0960235595703,-6.872177600860596,0.0017820739885792136
12933156318,0,11.923961223714434,193.10650634765625,-6.527043342590332,0.001781043945811689
12958156319,0,12.199514995655107,193.11865234375,-6.1814188957214355,0.0017803955124691129
12983156319,0,12.474226424305606,193.13226318359375,-5.835309982299805,0.0017798232147470117
13008156320,0,12.748021502322734,193.1471710205078,-5.488719463348389,0.0017791747814044356
13033156320,0,13.020857660143474,193.16282653808594,-5.14162540435791,0.0017785262316465378
13058156320,0,13.292687810080526,193.17909240722656,-4.794027805328369,0.0017778396140784025
13083156321,0,13.563465631289393,193.19589233398438,-4.445927143096924,0.0017774963052943349
13108156321,0,13.833153165163125,193.21311950683594,-4.097324848175049,0.0017770385602489114
13133156321,0,14.101726606024545,193.2306671142578,-3.7482211589813232,0.0017767715035006404
13158156322,0,14.369160186548369,193.2484130859375,-3.398615837097168,0.0017765044467523694
13183156322,0,14.635432153030768,193.26605224609375,-3.0485024452209473,0.001776199322193861
13208156323,0,14.900529125494277,193.28347778320312,-2.697880268096924,0.0017760848859325051
13233156323,0,15.164431131275824,193.30067443847656,-2.3467512130737305,0.0017760848859325051
13258156323,0,15.427122866795274,193.317626953125,-1.995118260383606,0.0017761229537427425
13283156324,0,15.688592575096827,193.33428955078125,-1.642983317375183,0.0017760085174813867
13308156324,0,15.94882393831008,193.3504180908203,-1.2903469800949097,0.0017762373900040984
13333156324,0,16.207808669426043,193.3660125732422,-0.9372112154960632,0.0017762755742296576
13358156325,0,16.465533286964938,193.38108825683594,-0.5835793018341064,0.0017765044467523694
13383156325,0,16.7219903816237,193.39564514160156,-0.22945499420166016,0.0017766952514648438
13408156326,0,16.977166855282714,193.40966796875,0.1251584142446518,0.0017768859397619963
13433156326,0,17.231057943383224,193.4231414794922,0.480257123708725,0.0017771910643205047
13458156326,0,17.483652372962528,193.43597412109375,0.8358372449874878,0.0017774581210687757
13483156327,0,17.73494218212088,193.44813537597656,1.191895604133606,0.0017776869935914874
13508156327,0,17.984920355930356,193.45970153808594,1.5484284162521362,0.0017780684866011143
13533156327,0,18.233580103200055,193.4706573486328,1.9054319858551025,0.001778411795385182
13558156328,0,18.480915989851272,193.4810333251953,2.262902021408081,0.0017787170363590121
13583156328,0,18.726920246038443,193.49072265625,2.6208343505859375,0.0017789839766919613
13608156329,0,18.97158946385859,193.49978637695312,2.9792253971099854,0.0017793654697015882
13633156329,0,19.214916090686053,193.5082244873047,3.3380720615386963,0.001779746962711215
13658156329,0,19.456898284840957,193.51608276367188,3.6973705291748047,0.0017799758352339268
13683156330,0,19.697530025101265,193.52340698242188,4.057117462158203,0.0017803573282435536
13708156330,0,19.936808930905645,193.5301971435547,4.417309284210205,0.0017807388212531805
13733156330,0,20.174726056889252,193.536376953125,4.7779412269592285,0.0017810057615861297
13758156331,0,20.41127746349457,193.5419921875,5.139010906219482,0.0017812347505241632
13783156331,0,20.646459659126528,193.54708862304688,5.500514984130859,0.0017815780593082309
13808156332,0,20.88027318716333,193.5516815185547,5.862449645996094,0.001781959435902536
13833156332,0,21.11271093999319,193.55581665039062,6.224812984466553,0.0017822646768763661
13858156332,0,21.343770770369563,193.5594024658203,6.5876007080078125,0.0017825317336246371
13883156333,0,21.573449235439035,193.5625,6.950810432434082,0.0017827224219217896
13908156333,0,21.801740542875407,193.5651092529297,7.314438343048096,0.0017830657307058573
13933156333,0,22.028645689827187,193.56727600097656,7.678483009338379,0.001783294603228569
13958156334,0,22.25416288490264,193.5690460205078,8.04294204711914,0.0017836379120126367
13983156334,0,22.4782859716405,193.5703125,8.407809257507324,0.0017839431529864669
14008156334,0,22.70101250109125,193.5711212158203,8.77308464050293,0.0017841338412836194
14033156335,0,22.922344398203396,193.57151794433594,9.138765335083008,0.0017844390822574496
14058156335,0,23.142280616594245,193.571533203125,9.50484848022461,0.001784744206815958
14083156336,0,23.360822619627093,193.57115173339844,9.871332168579102,0.001784858643077314
14108156336,0,23.57797111537222,193.57040405273438,10.238213539123535,0.0017851638840511441
14133156336,0,23.794536825504427,193.5692901611328,10.605489730834961,0.0017854308243840933
14158156337,0,24.01157113828952,193.56781005859375,10.973158836364746,0.0017855834448710084
14183156337,0,24.22905468302438,193.5659942626953,11.341217994689941,0.0017859649378806353
14208156337,0,24.446984402540362,193.5638885498047,11.709668159484863,0.0017861175583675504
14233156338,0,24.665349288253765,193.5614471435547,12.078503608703613,0.0017863844987004995
14258156338,0,24.884145113101262,193.55873107910156,12.447721481323242,0.0017866897396743298
14283156339,0,25.103371847563945,193.55575561523438,12.817322731018066,0.0017868041759356856
14308156339,0,25.32302853944551,193.5525360107422,13.187305450439453,0.0017869567964226007
14333156339,0,25.543112776617658,193.549072265625,13.557665824890137,0.0017873001052066684
14358156340,0,25.76362470969752,193.54542541503906,13.9284029006958,0.001787490793503821
14383156340,0,25.98455962853488,193.5415802001953,14.299513816833496,0.0017877578502520919
14408156340,0,26.205920808533065,193.5375518798828,14.670998573303223,0.001787910470739007
14433156341,0,26.427701221792287,193.5334014892578,15.042852401733398,0.001788291847333312
14458156341,0,26.64990506223877,193.5290985107422,15.415075302124023,0.001788406283594668
14483156342,0,26.872530871607157,193.52468872070312,15.787668228149414,0.0017885207198560238
14508156342,0,27.095574682625262,193.52012634277344,16.160625457763672,0.0017887877766042948
14533156342,0,27.319036669176384,193.51551818847656,16.533945083618164,0.001789093017578125
14558156343,0,27.54291512996766,193.51083374023438,16.90762710571289,0.0017891692696139216
14583156343,0,27.76721120302742,193.50608825683594,17.28167152404785,0.0017893981421366334
14608156343,0,27.991918400475168,193.5012969970703,17.656070709228516,0.0017896270146593451
14633156344,0,28.217039634691346,193.4964599609375,18.03082847595215,0.0017898178193718195
14658156344,0,28.440837172601732,193.49159240722656,18.405941009521484,0.0017900466918945312
14683156345,0,28.66305975666861,193.48670959472656,18.78140640258789,0.001790275564417243
14708156345,0,28.88380815825387,193.48182678222656,19.157224655151367,0.0017905425047501922
14733156345,0,29.103159611548634,193.47694396972656,19.53339195251465,0.0017906951252371073
14758156346,0,29.3211854557032,193.4720458984375,19.9099063873291,0.001790923997759819
14783156346,0,29.53793683202353,193.4671630859375,20.286766052246094,0.0017911148024722934
14808156346,0,29.753462389782445,193.46229553222656,20.663969039916992,0.001791305490769446
14833156347,0,29.967801578792482,193.4574737548828,21.041515350341797,0.0017914961790665984
14858156347,0,30.180985361238076,193.45265197753906,21.419403076171875,0.0017916487995535135
14883156348,0,30.39304285294402,193.44784545898438,21.797632217407227,0.0017919921083375812
14908156348,0,30.603987638313843,193.44308471679688,22.176193237304688,0.0017921447288244963
14933156348,0,30.81384886794607,193.4383087158203,22.55509376525879,0.0017922973493114114
14958156349,0,31.022638008884467,193.43359375,22.934328079223633,0.0017926024738699198
14983156349,0,31.23036263174515,193.4289093017578,23.31389045715332,0.0017927169101312757
15008156349,0,31.437042053187696,193.4242401123047,23.69378662109375,0.0017928695306181908
15033156350,0,31.642680035761273,193.4196014404297,24.074010848999023,0.0017930984031409025
15058156350,0,31.847282884590854,193.41497802734375,24.454559326171875,0.001793289091438055
15083156351,0,32.05086109221925,193.41038513183594,24.83543586730957,0.0017935180803760886
15108156351,0,32.253412669265906,193.4058380126953,25.216632843017578,0.0017935943324118853
15133156351,0,32.45494741654557,193.4012908935547,25.598154067993164,0.001793937641195953
15158156352,0,32.655465217578424,193.3967742919922,25.97999382019043,0.0017941283294931054
15183156352,0,32.85496877409229,193.39224243164062,26.362152099609375,0.0017942427657544613
15208156352,0,33.05346311463254,193.38778686523438,26.74462890625,0.0017944717546924949
15233156353,0,33.25094107803503,193.38331604003906,27.12741470336914,0.0017947006272152066
15258156353,0,33.44741050381849,193.37884521484375,27.510515213012695,0.0017948531312868
15283156353,0,33.64287054697607,193.3743896484375,27.89392852783203,0.0017950439359992743
15308156354,0,33.837319761293735,193.36997985839844,28.277650833129883,0.0017951964400708675
15333156354,0,34.03076130703305,193.36553955078125,28.661684036254883,0.0017953490605577826
15358156355,0,34.22319195062947,193.3611297607422,29.046022415161133,0.0017955779330804944
15383156355,0,34.41461063568701,193.35671997070312,29.430665969848633,0.0017956923693418503
15408156355,0,34.605017697311666,193.352294921875,29.81561279296875,0.001795921241864562
15433156356,0,34.7944113204606,193.34786987304688,30.20086097717285,0.0017961120465770364
15458156356,0,34.98279281778609,193.3434600830078,30.586410522460938,0.001796302734874189
15483156356,0,35.17015925615317,193.3390350341797,30.972257614135742,0.0017964935395866632
15508156357,0,35.35651063581668,193.33462524414062,31.358402252197266,0.0017966460436582565
15533156357,0,35.541845671512824,193.33021545410156,31.744842529296875,0.0017967604799196124
15558156358,0,35.72616286557862,193.32579040527344,32.13157653808594,0.0017969512846320868
15583156358,0,35.90946194901874,193.3213653564453,32.51860427856445,0.0017971801571547985
15608156358,0,36.09173669022835,193.31692504882812,32.90591812133789,0.001797370845451951
15633156359,0,36.272994460088526,193.31246948242188,33.29352569580078,0.0017974472139030695
15658156359,0,36.4532280773295,193.3080291748047,33.681419372558594,0.0017977141542360187
15683156359,0,36.632442056454025,193.30357360839844,34.069602966308594,0.001797904958948493
15708156360,0,36.81062417656283,193.2991180419922,34.458065032958984,0.0017980956472456455
15733156360,0,36.98777870411371,193.29466247558594,34.84680938720703,0.0017981718992814422
15758156361,0,37.16391043004197,193.29017639160156,35.23583984375,0.0017983627039939165
15783156361,0,37.3390110958357,193.28567504882812,35.62514877319336,0.001798553392291069
15808156361,0,37.51308491878681,193.28118896484375,36.014739990234375,0.0017987060127779841
15833156362,0,37.686128089277865,193.2766876220703,36.40460968017578,0.00179882044903934
15858156362,0,37.85813316902561,193.272216796875,36.79475021362305,0.001799087505787611
15883156362,0,38.02910848465235,193.26768493652344,37.1851692199707,0.001799087505787611
15908156363,0,38.1990444645068,193.26315307617188,37.57585525512695,0.0017992401262745261
15933156363,0,38.36795266108458,193.2586212158203,37.966819763183594,0.0017995452508330345
15958156364,0,38.53582100294649,193.2541046142578,38.35805130004883,0.0017996978713199496
15983156364,0,38.70265373717832,193.24957275390625,38.74955368041992,0.001799850375391543
16008156364,0,38.86844737313015,193.2450408935547,39.14132308959961,0.001800002995878458
16033156365,0,39.033200927497965,193.24050903320312,39.533355712890625,0.0018001556163653731
16058156365,0,39.19693719055183,193.23593139648438,39.9256591796875,0.001800270052626729
16083156365,0,39.35966842583801,193.23138427734375,40.31821823120117,0.0018004989251494408
16108156366,0,39.52144825374256,193.226806640625,40.7110481262207,0.0018006133614107966
16133156366,0,39.68230894348924,193.2222442626953,41.10413360595703,0.0018007277976721525
16158156367,0,39.84231269863038,193.21766662597656,41.49747848510742,0.0018008804181590676
16183156367,0,40.0015220465961,193.21310424804688,41.891082763671875,0.001801032922230661
16208156367,0,40.16000220546402,193.20852661132812,42.28494644165039,0.001801185542717576
16233156368,0,40.31781612767991,193.20396423339844,42.67906188964844,0.0018013381632044911
16258156368,0,40.47503523534836,193.1993865966797,43.07342529296875,0.0018014907836914062
16283156368,0,40.631756001087666,193.19482421875,43.46805191040039,0.0018016052199527621
16308156369,0,40.78804889978533,193.19024658203125,43.86292266845703,0.0018017959082499146
16333156369,0,40.94400892072527,193.18563842773438,44.2580451965332,0.0018019485287368298
16358156369,0,41.09971868184212,193.1810302734375,44.65341567993164,0.0018021011492237449
16383156370,0,41.25526341553078,193.17642211914062,45.04903793334961,0.0018022536532953382
16408156370,0,41.41071087939651,193.17181396484375,45.44490051269531,0.0018024062737822533
16433156371,0,41.56614401684079,193.16720581054688,45.84101104736328,0.0018025588942691684
16458156371,0,41.721626530234396,193.16259765625,46.237361907958984,0.0018026733305305243
16483156371,0,41.87723679630611,193.15798950195312,46.63396072387695,0.0018028258346021175
16508156372,0,42.03303854734665,193.15338134765625,47.03079605102539,0.0018030166393145919
16533156372,0,42.18910976308203,193.1487579345703,47.42787551879883,0.0018031310755759478
16558156372,0,42.34549440008972,193.14413452148438,47.82518768310547,0.0018031310755759478
16583156373,0,42.502252128902704,193.1395263671875,48.22274398803711,0.0018033599480986595
16608156373,0,42.65941642858117,193.13491821289062,48.62053680419922,0.0018036270048469305
16633156374,0,42.8170248815424,193.13031005859375,49.01856231689453,0.0018037032568827271
16658156374,0,42.97511458381505,193.12570190429688,49.41682434082031,0.0018038558773696423
16683156374,0,43.13369888833335,193.12109375,49.815311431884766,0.0018040084978565574
16708156375,0,43.29280599860685,193.11648559570312,50.21403121948242,0.001804084749892354
16733156375,0,43.45245362298513,193.11187744140625,50.61298751831055,0.0018042373703792691
16758156375,0,43.6126377962178,193.1072235107422,51.01216506958008,0.0018043136224150658
16783156376,0,43.77338494172025,193.10256958007812,51.41157531738281,0.0018044662429019809
16808156376,0,43.93470746489696,193.09793090820312,51.81121063232422,0.0018045806791633368
16833156377,0,44.09661670141336,193.09327697753906,52.21106719970703,0.0018046951154246926
16858156377,0,44.25913379529928,193.088623046875,52.61115264892578,0.001804847619496286
16883156377,0,44.42226365652237,193.083984375,53.01145935058594,0.0018049621721729636
16908156378,0,44.586010114045536,193.07933044433594,53.4119873046875,0.0018050766084343195
16933156378,0,44.75037344067826,193.07467651367188,53.8127326965332,0.001805267296731472
16958156378,0,44.9153553396991,193.07003784179688,54.21369934082031,0.001805381732992828
16983156379,0,45.08094814830827,193.0653839111328,54.61488723754883,0.0018054579850286245
17008156379,0,45.24713902687733,193.0607452392578,55.01628875732422,0.0018057632260024548
17033156380,0,45.41390752817974,193.05609130859375,55.417903900146484,0.0018058394780382514
17058156380,0,45.58123508538302,193.0514373779297,55.81973648071289,0.0018060302827507257
17083156380,0,45.74909957843989,193.0467987060547,56.22178268432617,0.0018060683505609632
17108156381,0,45.91749376297315,193.04212951660156,56.62404251098633,0.001806182786822319
17133156381,0,46.08641394149592,193.0374298095703,57.02651596069336,0.001806297223083675
17158156381,0,46.255855830171825,193.03274536132812,57.429203033447266,0.0018064116593450308
17183156382,0,46.42580553585673,193.02806091308594,57.83209991455078,0.0018065260956063867
17208156382,0,46.5962406449779,193.02337646484375,58.235198974609375,0.0018066405318677425
17233156383,0,46.767155087660065,193.01869201660156,58.63850784301758,0.0018067931523546576
17258156383,0,46.938531634090836,193.0139923095703,59.04202651977539,0.0018069075886160135
17283156383,0,47.1103432515098,193.00930786132812,59.44574737548828,0.0018070602091029286
17308156384,0,47.28257481639082,193.00462341308594,59.84967041015625,0.0018071746453642845
17333156384,0,47.455210404102885,192.99993896484375,60.25380325317383,0.0018072890816256404
17358156384,0,47.628211829584636,192.99525451660156,60.65813446044922,0.0018074417021125555
17383156385,0,47.80156317312264,192.9905548095703,61.06266403198242,0.0018075179541483521
17408156385,0,47.97525520424671,192.98587036132812,61.4673957824707,0.001807632390409708
17433156386,0,48.14926799105355,192.98118591308594,61.8723258972168,0.0018078231951221824
17458156386,0,48.323575471557646,192.97650146484375,62.2774543762207,0.0018078612629324198
17483156386,0,48.498145468881376,192.97181701660156,62.682777404785156,0.0018080138834193349
17508156387,0,48.672964767062034,192.9670867919922,63.088294982910156,0.0018081283196806908
17533156387,0,48.84800776010751,192.9623565673828,63.4940071105957,0.0018082427559420466
17558156387,0,49.023251959485606,192.95762634277344,63.8999137878418,0.0018083571922034025
17583156388,0,49.198683975377186,192.95291137695312,64.30602264404297,0.0018085098126903176
17608156388,0,49.37425746107172,192.94818115234375,64.71231079101562,0.0018085860647261143
17633156388,0,49.549964920127024,192.94345092773438,65.11878967285156,0.0018087005009874701
17658156389,0,49.72578960480586,192.938720703125,65.52545928955078,0.001808814937248826
17683156389,0,49.90172436697535,192.9340057373047,65.93231964111328,0.001808929373510182
17708156390,0,50.0777733360312,192.9292755126953,66.33937072753906,0.0018090438097715378
17733156390,0,50.253937272866615,192.92454528808594,66.74661254882812,0.001809196430258453
17758156390,0,50.430207511803424,192.91981506347656,67.1540298461914,0.001809196430258453
17783156391,0,50.60660369492566,192.91510009765625,67.56163787841797,0.001809349050745368
17808156391,0,50.78311600757371,192.91036987304688,67.96942901611328,0.0018094634870067239
17833156391,0,50.95976256159349,192.9056396484375,68.37740325927734,0.0018095779232680798
17858156392,0,51.13659041114328,192.90090942382812,68.78556060791016,0.0018096923595294356
17883156392,0,51.31362126977128,192.8961944580078,69.19389343261719,0.0018098067957907915
17908156393,0,51.49088773804182,192.89146423339844,69.6024169921875,0.0018099212320521474
17933156393,0,51.668368261482755,192.88673400878906,70.0111083984375,0.0018100356683135033
17958156393,0,51.846073893034024,192.8820037841797,70.41998291015625,0.0018101119203493
17983156394,0,52.02399527368445,192.8772735595703,70.82903289794922,0.0018100738525390625
18008156394,0,52.20212228687862,192.87255859375,71.23826599121094,0.0018103407928720117
18033156394,0,52.38042860143036,192.86782836914062,71.64766693115234,0.0018104934133589268
18058156395,0,52.55889513733672,192.8630828857422,72.05724334716797,0.0018104934133589268
18083156395,0,52.73750071707478,192.8583221435547,72.46699523925781,0.0018105696653947234
18108156396,0,52.916212917579045,192.85354614257812,72.87692260742188,0.0018107222858816385
18133156396,0,53.094998551844114,192.84878540039062,73.28701782226562,0.001810798654332757
18158156396,0,53.273842933197855,192.84402465820312,73.6972885131836,0.0018108749063685536
18183156397,0,53.45272298319281,192.83924865722656,74.10772705078125,0.0018109893426299095
18208156397,0,53.63163831755354,192.83448791503906,74.51834106445312,0.0018111037788912654
18233156397,0,53.81055670382564,192.82972717285156,74.92911529541016,0.0018111037788912654
18258156398,0,53.9894785238059,192.824951171875,75.34005737304688,0.0018113326514139771
18283156398,0,54.168397672302014,192.8201904296875,75.75116729736328,0.001811447087675333
18308156399,0,54.34729316905049,192.8154296875,76.16243743896484,0.0018115233397111297
18333156399,0,54.52616291433397,192.81065368652344,76.57388305664062,0.0018115997081622481
18358156399,0,54.70499889531701,192.80589294433594,76.98548889160156,0.0018116759601980448
18383156400,0,54.883816561521854,192.80113220214844,77.39725494384766,0.0018117903964594007
18408156400,0,55.062627356631005,192.79635620117188,77.80918884277344,0.0018118285806849599
18433156400,0,55.241446155540835,192.79159545898438,78.22127532958984,0.001811981201171875
18458156401,0,55.42030156818049,192.78683471679688,78.63352966308594,0.0018120192689821124
18483156401,0,55.59919817703508,192.7820587158203,79.04594421386719,0.0018121337052434683
18508156402,0,55.77814437212269,192.7772979736328,79.45851135253906,0.0018121718894690275
18533156402,0,55.95717334480698,192.77249145507812,79.87124633789062,0.0018122100736945868
18558156402,0,56.13627594393303,192.76768493652344,80.28413391113281,0.0018124007619917393
18583156403,0,56.315479636526526,192.7628936767578,80.69718170166016,0.001812477014027536
18608156403,0,56.494788624780426,192.75808715820312,81.11038208007812,0.001812629634514451
18633156403,0,56.67422160030862,192.75328063964844,81.52373504638672,0.0018127822550013661
18658156404,0,56.85381461007143,192.74847412109375,81.937255859375,0.0018127822550013661
18683156404,0,57.03354896165111,192.74366760253906,82.35091400146484,0.0018129348754882812
18708156405,0,57.21345841627752,192.73886108398438,82.76472473144531,0.001813011127524078
18733156405,0,57.39355785517142,192.7340545654297,83.1786880493164,0.0018131255637854338
18758156405,0,57.57385147334141,192.729248046875,83.59281158447266,0.001813163748010993
18783156406,0,57.754322107501594,192.7244415283203,84.007080078125,0.0018132400000467896
18808156406,0,57.934976233009664,192.7196502685547,84.42149353027344,0.0018133926205337048
18833156406,0,58.11582910567563,192.71484375,84.8360595703125,0.0018134688725695014
18858156407,0,58.29686718573954,192.7100372314453,85.25077056884766,0.0018135452410206199
18883156407,0,58.478100382681,192.70523071289062,85.66563415527344,0.0018136214930564165
18908156407,0,58.659503900085056,192.70042419433594,86.08063507080078,0.0018137359293177724
18933156408,0,58.84108499116014,192.69561767578125,86.49578857421875,0.001813812181353569
18958156408,0,59.0228238375988,192.69081115722656,86.91107940673828,0.0018138885498046875
18983156409,0,59.2047341644718,192.68600463867188,87.32652282714844,0.0018140029860660434
19008156409,0,59.386805086825404,192.68121337890625,87.74211120605469,0.00181407923810184
19033156409,0,59.569019994772276,192.67637634277344,88.15782928466797,0.0018141554901376367
19058156410,0,59.75140023482784,192.67153930664062,88.57369995117188,0.0018142699263989925
19083156410,0,59.93394241399463,192.6667022705078,88.98971557617188,0.0018143081106245518
19108156410,0,60.116632014961176,192.66184997558594,89.40586853027344,0.001814346294850111
19133156411,0,60.29947346432514,192.65701293945312,89.82215881347656,0.0018144607311114669
19158156411,0,60.48247396254774,192.65216064453125,90.23857879638672,0.0018145369831472635
19183156412,0,60.66564729022718,192.64732360839844,90.65514373779297,0.001814613351598382
19208156412,0,60.849013258545575,192.64247131347656,91.07185363769531,0.0018146896036341786
19233156412,0,61.03257476227447,192.63763427734375,91.48870086669922,0.0018147658556699753
19258156413,0,61.216328174345364,192.63278198242188,91.90567779541016,0.0018148422241210938
19283156413,0,61.40029311970367,192.62794494628906,92.32279205322266,0.0018149566603824496
19308156413,0,61.584467142524836,192.62310791015625,92.74003601074219,0.001814994728192687
19333156414,0,61.76886168917831,192.61825561523438,93.15741729736328,0.0018150710966438055
19358156414,0,61.953471041234614,192.61341857910156,93.5749282836914,0.0018152236007153988
19383156415,0,62.13832608230297,192.6085662841797,93.9925765991211,0.001815261784940958
19408156415,0,62.32341809364652,192.60372924804688,94.41034698486328,0.001815376221202314
19433156415,0,62.50879685241868,192.598876953125,94.82826232910156,0.0018154144054278731
19458156416,0,62.694480980498874,192.5940399169922,95.24629974365234,0.0018154906574636698
19483156416,0,62.88047756278921,192.5891876220703,95.66446685791016,0.0018155670259147882
19508156416,0,63.06677897210508,192.5843505859375,96.08277130126953,0.0018156432779505849
19533156417,0,63.2533365233786,192.5795135498047,96.5011978149414,0.0018157195299863815
19558156417,0,63.44014693830431,192.5745391845703,96.91975402832031,0.0018157958984375
19583156418,0,63.62720747382026,192.56944274902344,97.33844757080078,0.0018158721504732966
19608156418,0,63.81445982747621,192.56423950195312,97.75724029541016,0.0018159865867346525
19633156418,0,64.00193957825147,192.5589141845703,98.1761703491211,0.0018160247709602118
19658156419,0,64.1896081591221,192.55319213867188,98.59519958496094,0.0018160247709602118
19683156419,0,64.37746955451001,192.54702758789062,99.01435089111328,0.0018162154592573643
19708156419,0,64.5655077928089,192.5404510498047,99.43363189697266,0.0018163298955187201
19733156420,0,64.7536693040041,192.53347778320312,99.8530044555664,0.0018164825160056353
19758156420,0,64.9419662295841,192.5256805419922,100.27249145507812,0.0018166351364925504
19783156421,0,65.13034922858917,192.51708984375,100.69204711914062,0.0018168640090152621
19808156421,0,65.31885781167966,192.50767517089844,101.1117172241211,0.0018170546973124146
19833156421,0,65.50748758445711,192.49742126464844,101.53146362304688,0.0018171691335737705
19858156422,0,65.69626178873368,192.48629760742188,101.9512939453125,0.0018173217540606856
19883156422,0,65.88516944276566,192.47393798828125,102.3711929321289,0.0018175124423578382
19908156422,0,66.07417712998271,192.4602813720703,102.7911376953125,0.0018177794991061091
19933156423,0,66.26330073173452,192.44537353515625,103.21112823486328,0.0018178557511419058
19958156423,0,66.45256021126076,192.4291534423828,103.63117980957031,0.001818008371628821
19983156424,0,66.64189234773826,192.41127014160156,104.05123138427734,0.0018184661166742444
20008156424,0,66.83130526576768,192.39170837402344,104.47129821777344,0.0018186569213867188
20033156424,0,67.02075337801537,192.3705291748047,104.89134216308594,0.001818809425458312
20058156425,0,67.2102764946533,192.34765625,105.3114013671875,0.0018189620459452271
20083156425,0,67.39983441237374,192.32281494140625,105.7314224243164,0.0018193817231804132
20108156425,0,67.58938697533321,192.29595947265625,106.15137481689453,0.001819610595703125
20133156426,0,67.77894672973004,192.2671661376953,106.57127380371094,0.0018197250319644809
20158156426,0,67.96850342455073,192.23643493652344,106.99110412597656,0.0018197250319644809
20183156426,0,68.15805023861978,192.2038116455078,107.41087341308594,0.0018198012840002775
20208156427,0,68.34754500296576,192.1689453125,107.83053588867188,0.0018201827770099044
20233156427,0,68.53695045802327,192.13194274902344,108.25006866455078,0.001820259029045701
20258156428,0,68.72626921014596,192.09280395507812,108.66948699951172,0.0018202972132712603
20283156428,0,68.91547325203942,192.0515899658203,109.08877563476562,0.0018204498337581754
20308156428,0,69.1045073669513,192.0081024169922,109.50788879394531,0.0018207549583166838
20333156429,0,69.29337051734251,191.9623565673828,109.92682647705078,0.0018209075788035989
20358156429,0,69.48206558487753,191.9144287109375,110.34559631347656,0.0018209456466138363
20383156429,0,69.67057324497085,191.86434936523438,110.76417541503906,0.0018210220150649548
20408156430,0,69.85887734783277,191.8119659423828,111.18253326416016,0.0018211364513263106
20433156430,0,70.04696970383903,191.75733947753906,111.60066986083984,0.0018212508875876665
20458156431,0,70.23484916347401,191.70054626464844,112.01859283447266,0.0018215179443359375
20483156431,0,70.42248916620977,191.6416015625,112.43628692626953,0.0018213271396234632
20508156431,0,70.60987089343766,191.58059692382812,112.85376739501953,0.0018215179443359375
20533156432,0,70.79694177416836,191.5173797607422,113.27098083496094,0.001821556012146175
20558156432,0,70.98370050146893,191.45201110839844,113.68793487548828,0.0018216323805972934
20583156432,0,71.17014558830762,191.38455200195312,114.1046371459961,0.0018216704484075308
20608156433,0,71.35629821858579,191.31507873535156,114.52108001708984,0.0018216704484075308
20633156433,0,71.5421111938598,191.2434844970703,114.93722534179688,0.0018218612531200051
20658156434,0,71.72757800233633,191.16981506347656,115.35308074951172,0.0018218993209302425
20683156434,0,71.91272479354775,191.0941619873047,115.76866149902344,0.0018218993209302425
20708156434,0,72.09754279451666,191.0165557861328,116.18395233154297,0.0018217848846688867
