ts,agent_id,steer_unclip,throttle_unclip
2011413510,0,0.0033458555803405933,5.236369706690311
2036413511,0,0.003940122592615748,4.768971418440342
2061413511,0,0.004622587457936752,4.7492522138357165
2086413512,0,0.002866939459393541,4.916575284004211
2111413512,0,0.003961707271006289,5.011474443376064
2136413512,0,0.005841033299369012,5.180333900749684
2161413513,0,0.004442982700733972,5.247602360844612
2186413513,0,0.005159743653424903,5.282747766673564
2211413513,0,0.004335401908905472,5.378471788296372
2236413514,0,0.004032545107516512,5.458045668522012
2261413514,0,0.0038166238076571225,5.5078285557545215
2286413514,0,0.0036100612899167277,5.5726599665428
2311413515,0,0.0035621427222545725,5.636517541620709
2336413515,0,0.003431160516548599,5.701192743339099
2361413516,0,0.0034104958266308705,5.768165545356837
2386413516,0,0.003449034647256383,5.828669263863679
2411413516,0,0.003485093255439535,5.892157406702115
2436413517,0,0.003558093226339915,5.953899123456495
2461413517,0,0.003645270108636304,6.01463663908904
2486413517,0,0.0033537457294452577,6.080031428116935
2511413518,0,0.0030334619849802266,6.144465959254418
2536413518,0,0.0030357965341364403,6.206848561166423
2561413519,0,0.003156673285206456,6.2681238924245015
2586413519,0,0.003134073375023891,6.329001526854
2611413519,0,0.003125405627792076,6.3930965861397855
2636413520,0,0.0031496750448765693,6.453244440706658
2661413520,0,0.0031622619925681873,6.515111381888571
2686413520,0,0.0032142207119566983,6.5777214256104
2711413521,0,0.0033434302938141294,6.638239518041435
2736413521,0,0.0034033917181801707,6.693451869572829
2761413522,0,0.0034541508855956975,6.75462192930924
2786413522,0,0.0033046389458539103,6.817727718925224
2811413522,0,0.0035448490624165885,6.881107477190823
2836413523,0,0.003541729420929331,6.9395029694574175
2861413523,0,0.003413336995283655,6.998052809585532
2886413523,0,0.0036320305930047157,7.059713557541539
2911413524,0,0.0036350410462975447,7.115730499315535
2936413524,0,0.0035825960553541782,7.17892142584392
2961413525,0,0.003558664258283462,7.237748500829193
2986413525,0,0.00344533382271374,7.301757283948614
3011413525,0,0.0035068425221018587,7.308865681763113
3036413526,0,0.003377914163781406,7.309560262183159
3061413526,0,0.0033689068518134514,7.3130246277741815
3086413526,0,0.0035097481984112684,7.310926577058891
3111413527,0,0.003254445687928732,7.316744619226507
3136413527,0,0.0033008269412613494,7.314984765928191
3161413528,0,0.003272761978552983,7.316141651689609
3186413528,0,0.0031588187706803215,7.318218823335391
3211413528,0,0.0031780130252041347,7.325026390390544
3236413529,0,0.0031436372522938914,7.322342711525891
3261413529,0,0.0030285627943399474,7.316774967801709
3286413529,0,0.0030495627801255826,7.317627470715847
3311413530,0,0.002959104039349149,7.315483758044902
3336413530,0,0.0030321230304448162,7.316406201608952
3361413531,0,0.0030341222837331223,7.315201973697921
3386413531,0,0.0028655873659630578,7.316316799061066
3411413531,0,0.003013303013369277,7.325971854860656
3436413532,0,0.0028806208969174713,7.3174879950684435
3461413532,0,0.002923033525751096,7.314868478073389
3486413532,0,0.0029165050032694258,7.312860041074012
3511413533,0,0.0028668395673108935,7.315981818710935
3536413533,0,0.0029077367479224217,7.316508726631748
3561413533,0,0.0029610008397999046,7.312580998602403
3586413534,0,0.0028420360199312073,7.318677826240022
3611413534,0,0.0028645742212361726,7.321584724412659
3636413535,0,0.002761620503146847,7.318953423643968
3661413535,0,0.002845492380242449,7.312642435575017
3686413535,0,0.002914248194931167,7.313053384411245
3711413536,0,0.0028117896655566682,7.3161665607310455
3736413536,0,0.002769083907771163,7.313863622335718
3761413536,0,0.0028849936409423567,7.315023183147085
3786413537,0,0.0027563669493102455,7.317162949929011
3811413537,0,0.002787095685794917,7.32178995688646
3836413538,0,0.0027434265867452255,7.314164817275689
3861413538,0,0.0027778180121723166,7.31426897326867
3886413538,0,0.002848925973256458,7.312099421879881
3911413539,0,0.002720339124394505,7.312250889990048
3936413539,0,0.002781378248277186,7.3139520797258415
3961413539,0,0.0027723695133531545,7.3120772607739815
3986413540,0,0.0027140211994122433,7.316675360298308
4011413540,0,0.002863723293502075,7.318835827548434
4036413541,0,0.0027177820723239816,7.315540307469065
4061413541,0,0.0027716736878314594,7.310769177595806
4086413541,0,0.0028572104235372524,7.30928526924828
4111413542,0,0.002683628280561764,7.31444742347715
4136413542,0,0.0027176710817499693,7.309160472347307
4161413542,0,0.002678181204698679,7.311549286158424
4186413543,0,0.0027016443274537495,7.31547452482437
4211413543,0,0.0027856300410355186,7.318706518502346
4236413544,0,0.0026606532317411335,7.312930546623014
4261413544,0,0.0027556255891940835,7.310504641548426
4286413544,0,0.002812309044524804,7.314218038717583
4311413545,0,0.0027115566394867304,7.311891917406908
4336413545,0,0.0027025066388364632,7.3114477159641185
4361413545,0,0.0027621242295981356,7.310353266062274
4386413546,0,0.0026947586429967303,7.132746096463985
4411413546,0,0.0028466079778068846,6.975353432693671
4436413547,0,0.00275535380458336,6.815588958520765
4461413547,0,0.002770755881161739,6.665950313138103
4486413547,0,0.0027430608870334145,6.523892263291493
4511413548,0,0.0024248736786362164,6.382915198831227
4536413548,0,0.0022645321419580127,6.236110378530712
4561413548,0,0.0024216250699122285,6.101007921363889
4586413549,0,0.002405707883233945,5.967896520765482
4611413549,0,0.0024757642797771195,5.834087414552197
4636413550,0,0.0026773302769645814,5.706041593128441
4661413550,0,0.0026166013575067057,5.579668386180025
4686413550,0,0.0026969869922134474,5.465313873842881
4711413551,0,0.002936046459076047,5.335472314365667
4736413551,0,0.003324563271583221,5.218986274579702
4761413551,0,0.003564597463358625,5.1119982894399705
4786413552,0,0.0036495564788971216,5.0035860416825875
4811413552,0,0.0032121468955812736,4.893336640327639
4836413552,0,0.0036177377580574018,4.7976928297703445
4861413553,0,0.003224387163756367,4.698272569478137
4886413553,0,0.0026456780419858803,4.6065320397113405
4911413554,0,0.002639626209790034,4.531547041488031
4936413554,0,0.002540643962111855,4.449084911549505
4961413554,0,0.002502070468774208,4.340537760891339
4986413555,0,0.0022318952213739684,4.264591753004236
5011413555,0,0.0017747293158838586,4.142239185136937
5036413555,0,0.0016518499438470979,4.0512793353044065
5061413556,0,0.0021007954320798818,3.996220399172353
5086413556,0,0.0019021536096308317,3.9179803051809676
5111413557,0,0.0018924590098776451,3.8320886835356096
5136413557,0,0.002094414897030228,3.726349567601558
5161413557,0,0.0014245227498400717,3.6376150253217703
5186413558,0,0.0009065240490984588,3.580460910775786
5211413558,0,0.0004022312612913382,3.4795067453823383
5236413558,0,0.0001544590343687402,3.399485070510817
5261413559,0,-0.0002451212616377766,3.3023874858910167
5286413559,0,7.184931931351296e-05,3.205389232256335
5311413560,0,0.00038562820978389886,3.127653202143484
5336413560,0,0.0005568880884415832,3.018941100160849
5361413560,0,0.0005774526496676298,2.9189535595350553
5386413561,0,0.0009572979678410408,2.840729004893748
5411413561,0,0.0011487680916615775,2.7562635479699296
5436413561,0,0.001486784192992969,2.6757586016338144
5461413562,0,0.0008144189481408368,2.617445003175201
5486413562,0,0.0002184237559459095,2.5420859586996434
5511413563,0,0.0006042782176328549,2.4676693753113175
5536413563,0,0.0003298497545182051,2.3906059578617462
5561413563,0,0.0008887584424760402,2.31847327040058
5586413564,0,0.0010514677780665148,2.253728829943407
5611413564,0,0.0008246485793790081,2.2125141562372956
5636413564,0,0.0014305062801442182,2.1502502712400307
5661413565,0,0.0006369919778450618,2.0852244860422675
5686413565,0,0.0007362673544751201,2.0560783908211193
5711413566,0,0.0007744566496719538,1.9708488409651748
5736413566,0,0.0013615213695270894,1.9016092502712905
5761413566,0,0.0015961156002197942,1.8453811111045282
5786413567,0,0.0022645079517047023,1.7757994521486284
5811413567,0,0.002273834005833924,1.7075090723516395
5836413567,0,0.0017115301446761616,1.6505818913315051
5861413568,0,0.0014233473881203986,1.5990312804543227
5886413568,0,0.001073873644456311,1.5880031789849962
5911413569,0,0.00073798628541624,1.558218939984362
5936413569,0,7.096281767748844e-05,1.5615015960304113
5961413569,0,-0.00024412234647166222,1.5378638311362298
5986413570,0,9.27568129541375e-05,1.4967564021468798
6011413570,0,-0.0005430583821019641,1.5158071030227485
6036413570,0,-0.0017260087265340911,1.5056450756026265
6061413571,0,-0.0019227010991575335,1.4684491851195534
6086413571,0,-0.0035476955948485775,1.4521517487274245
6111413571,0,-0.0026391210641562475,1.4128374246393585
6136413572,0,-0.002879843966672962,1.4106193973823364
6161413572,0,-0.0017786082979235748,1.3930666681140997
6186413573,0,-0.0015011788204423505,1.371907527392438
6211413573,0,-0.0022598178922482066,1.3418209041461808
6236413573,0,-0.003146513050299262,1.3145896776222423
6261413574,0,-0.0027002014537651636,1.259682421575413
6286413574,0,-0.0024233596571437764,1.2460050492864558
6311413574,0,-0.002287963963452967,1.221200673002352
6336413575,0,-0.0019818562291941525,1.2043931861647448
6361413575,0,-0.0014131348361287324,1.1995497241714081
6386413576,0,-0.0011689641110372388,1.1758629160513552
6411413576,0,-0.0024180463391519375,1.0763182868525747
6436413576,0,-0.001707490376146894,1.052635921869349
6461413577,0,-0.0002234297191986779,1.0047561911860914
6486413577,0,0.0004324918452266488,0.905522293677506
6511413577,0,0.000740038188079398,0.7993825132807844
6536413578,0,0.001684330339262663,0.7415297122633552
6561413578,0,0.000350434237129331,0.7629854491676366
6586413579,0,-0.00022892375261230678,0.6928936548619803
6611413579,0,0.00020593020158909465,0.5618523568240581
6636413579,0,0.000449025171886311,0.47515799056990793
6661413580,0,0.0009795971125250557,0.3965468536292661
6686413580,0,0.0008839516968476436,0.33072531581407233
6711413580,0,0.0009383043501240972,0.32417794570532577
6736413581,0,0.0008335505925972578,0.3117486082390081
6761413581,0,-2.6344610697959925e-05,0.29973510865686886
6786413582,0,0.0006487612475586401,0.2882758179253244
6811413582,0,0.0011900893131840777,0.27737654680784624
6836413582,0,0.0019103043020403808,0.26691593810652786
6861413583,0,-0.0004542787294964921,0.2568267313765926
6886413583,0,-0.00048041985558863883,0.24665919205990994
6911413583,0,-0.0007249633951723287,0.23658006573472612
6936413584,0,-0.0012986637115514725,0.22624818038187997
6961413584,0,-0.0006660188626351186,0.21593758727531123
6986413585,0,-0.000291198002369898,0.20587643326021166
7011413585,0,-0.0006615792396746103,0.1954338440254432
7036413585,0,-0.0009769219588737135,0.18487791900959716
7061413586,0,-0.002739287211290562,0.1745401858184012
7086413586,0,-0.002814463403799092,0.200874603216276
7111413586,0,-0.0009082486756374667,0.15070444120977064
7136413587,0,-0.0019739887050439437,0.14443067433326906
7161413587,0,-0.0020670500324853672,0.1343004203657016
7186413588,0,-0.002181008892874876,0.12425411224068834
7211413588,0,-0.002705695487178793,0.11440357314776181
7236413588,0,-0.001760876842247006,0.10473298699480948
7261413589,0,0.0028688146303458882,0.09555197251869207
7286413589,0,0.00655128835406103,0.08644075039832502
7311413589,0,0.007022382153633658,0.0774823561120215
7336413590,0,0.005908179086153786,0.06860456407171991
7361413590,0,0.006830145056487572,0.059674913472949766
7386413590,0,0.00672837666081046,0.05089347395395494
7411413591,0,0.009482602063111481,0.04312329987766643
7436413591,0,0.006793461248820294,0.03561330818378829
7461413592,0,0.0073565150078306815,0.21980093817815222
7486413592,0,0.005974624020173316,0.3703769887715925
7511413592,0,0.0029207197991697543,0.4997885597000741
7536413593,0,0.0031289494996662105,0.4675684170802695
7561413593,0,0.0024397905271923083,0.548744281738634
7586413593,0,0.001515910680934842,0.39787209807999907
7611413594,0,0.00140318410050809,0.25395198982354533
7636413594,0,0.0023558617318536227,0.12846451047349622
7661413595,0,-0.0005018140002076267,0.23287654535386784
7686413595,0,-9.758775260942408e-05,0.43357438036108953
7711413595,0,0.0003188858779442577,0.5861186920553129
7736413596,0,-0.000967479222346171,0.5923408673694069
7761413596,0,-0.001517934128250038,0.8050822971831502
7786413596,0,-0.0007728159850886536,0.884500067663391
7811413597,0,-0.0017013275533770346,0.8729730133804725
7836413597,0,-0.001789863880493325,0.8939633481264924
7861413598,0,-4.8161373271842325e-05,0.8104428684032303
7886413598,0,-0.00034460012098685826,0.7706055719414326
7911413598,0,0.00010688961271175549,0.7451771416167658
7936413599,0,-0.003748155955164143,0.8341329743225683
7961413599,0,-0.007693206340827886,0.78792629429468
7986413599,0,-0.005704579688505748,0.6360325684646873
8011413600,0,-0.01042277476022516,0.39304017840691735
8036413600,0,-0.009407122784732111,0.22884406543607477
8061413601,0,-0.007942562317864279,0.15100054253975828
8086413601,0,-0.005691035992564044,0.5723035838797065
8111413601,0,-0.004917524183840485,0.10478735880598253
8136413602,0,-0.004123444967978725,0.15021319385441
8161413602,0,-0.0030378390487800513,0.15021319385440998
8186413602,0,0.0008956341662405198,0.15021319385441
8211413603,0,-0.001735238019650071,0.15021319385440998
8236413603,0,-3.257858127167363e-05,0.15021319385441
8261413604,0,0.00028037499467400235,0.15021319385440998
8286413604,0,0.005747359436233681,0.15021319385441
8311413604,0,0.010526700353541555,0.15021319385440998
8336413605,0,0.007597348900921408,0.15021319385441
8361413605,0,0.0001963337858052268,0.15021319385440998
8386413605,0,-0.0010555943544636437,0.15021319385441
8411413606,0,-0.0005425688852114466,0.15021319385440998
8436413606,0,0.004890199154518623,0.15021319385441
8461413607,0,-0.0010879651822612731,0.14810227296007722
8486413607,0,-0.0005240704562093286,0.23379213711353258
8511413607,0,0.0021942679938275833,0.25335443293160725
8536413608,0,0.0064175432894196405,0.13142882835032094
8561413608,0,0.0020263648685557452,0.2216932971512566
8586413608,0,0.0021000782622170302,0.11536630733234612
8611413609,0,0.006148147821949643,0.12232771840935366
8636413609,0,0.0137345883434709,0.1209539130615184
8661413609,0,0.013665660351096856,0.11860389371075278
8686413610,0,0.010109055630136433,0.11396116497715511
8711413610,0,0.009076803449048097,0.10744303234691491
8736413611,0,0.024865558380682426,0.10072944806003425
8761413611,0,0.025588976443668244,0.0917211156337429
8786413611,0,0.018280536005015134,0.19408279161932568
8811413612,0,0.016220079952877768,0.4412624203482723
8836413612,0,0.011261025374858244,0.46847526694389985
8861413612,0,0.007381699907439027,0.5019205659843562
8886413613,0,0.0011075749361860155,0.5967366955190453
8911413613,0,-0.002926228065917734,0.3138211553674915
8936413614,0,0.0005912396710985158,0.26739774135770766
8961413614,0,-0.0021962871722745483,0.2866106576036392
8986413614,0,-0.004574042508217005,0.2956685176453823
9011413615,0,-0.0062048810845166434,0.46970289033243895
9036413615,0,-0.006276754595970256,0.40237923896545413
9061413615,0,-0.011370134804710623,0.4951323610083608
9086413616,0,-0.011926792376154509,0.41884242519776865
9111413616,0,0.00024360865555425452,0.2233404551233095
9136413617,0,-0.009750716873885679,0.2389429640344518
9161413617,0,-0.010881558566774918,0.5317718546872867
9186413617,0,-0.009698010580790414,0.5649051193169669
9211413618,0,-0.008957717681686427,0.6371667284010858
9236413618,0,-0.009552252920946264,0.4624284219226368
9261413618,0,-0.00904223842675318,0.653728428418607
9286413619,0,-0.004761164078265968,0.686635000806633
9311413619,0,-0.0004380271481400931,0.4815697655322135
9336413620,0,-0.004547172828613391,0.43348238988322235
9361413620,0,-0.0030455671232347053,0.4533161977697339
9386413620,0,-0.0013762575064349715,0.33927996222187257
9411413621,0,-0.006043920561944907,0.3952226863742282
9436413621,0,0.0004800527291471707,0.41803616839631647
9461413621,0,0.001477779726937169,0.7962859108606763
9486413622,0,0.0028815216281142665,0.5049216244504827
9511413622,0,-0.000783926426138541,0.6411166544465268
9536413623,0,-0.0012699954154664214,0.4261831433092886
9561413623,0,-0.0025693634883892616,0.5458053420798734
9586413623,0,0.0026559375553016707,0.5295767046691973
9611413624,0,-0.0013776747706877495,0.7605169918847432
9636413624,0,-0.0003992473261712687,0.5959830639976931
9661413624,0,1.0218245702764588e-05,0.6035313410277159
9686413625,0,-2.15492487181802e-05,0.6613467146443739
9711413625,0,-0.0007788094760853398,0.46993312562980416
9736413626,0,0.0006809613206270188,0.5331566614006231
9761413626,0,-0.0011339579685848465,0.5435722936946568
9786413626,0,0.0003260575765727706,0.490666277005049
9811413627,0,-0.0016288336330738118,0.6463338396985928
9836413627,0,0.0018757833876102744,0.34723610540841576
9861413627,0,-0.0007267193229714528,0.3909500430079229
9886413628,0,0.00011389055661101869,0.3974045818820466
9911413628,0,0.002163291662985498,0.22953475353926509
9936413628,0,-0.0009540678613196357,0.2754657377169584
9961413629,0,-0.0007595625721866746,0.16915830700097773
9986413629,0,-0.0009790051665705675,0.17242272332916686
10011413630,0,-0.0005675645316615389,0.16786931383927656
10036413630,0,0.006619577439156464,0.1634237695476272
10061413630,0,0.009501478998430103,0.15806265299786793
10086413631,0,0.018115976826524445,0.15345351990136422
10111413631,0,0.009948058110706695,0.15113279899384743
10136413631,0,0.016044418871073662,0.14890796074649237
10161413632,0,0.014150314922084115,0.1434857320039063
10186413632,0,0.00015493572465456393,0.1374188455941976
10211413633,0,-0.006938927206442221,0.1305530250092263
10236413633,0,-0.010329578251956415,0.20932645834625696
10261413633,0,-0.010037959056474487,0.40339988719216574
10286413634,0,-0.013983023671699001,0.5462378011989969
10311413634,0,-0.013515426075207773,0.46516198595435193
10336413634,0,-0.01206318840796751,0.5478957522695652
10361413635,0,-0.01124191365556048,0.5565305902864033
10386413635,0,-0.010472482884866005,0.5709848523725343
10411413636,0,-0.007781798163231182,0.6161668026557175
10436413636,0,-0.0030409282864234037,0.5937639273980543
10461413636,0,-0.006155646804249467,0.6816967823088689
10486413637,0,-0.008828355321762462,0.6933288696253666
10511413637,0,-0.007334439271024349,0.6897019602846592
10536413637,0,-0.0125506476253827,0.8776771323285231
10561413638,0,-0.015390328654893122,1.0003823214039023
10586413638,0,-0.011491666637342383,0.8321667377077032
10611413639,0,-0.01567041336841419,1.0031651054280148
10636413639,0,-0.004391777487259139,0.8342732806109694
10661413639,0,-0.002936121879521713,0.8438828241100792
10686413640,0,-0.0036855444648162825,0.8067831228780928
10711413640,0,0.002723145193778519,0.7107561159376734
10736413640,0,0.0027073888011369457,0.725562742135945
10761413641,0,0.0002903826447641483,0.674913436723978
10786413641,0,0.0075710498267047045,0.6070507283473437
10811413642,0,0.0038161476386658873,0.7110712687511005
10836413642,0,0.005862169224357287,0.5731281064511172
10861413642,0,0.003411690872183196,0.8466599720043771
10886413643,0,0.0038536994495401863,0.6747666747914096
10911413643,0,0.004535753602321197,0.4666085133862427
10936413643,0,0.005711250502821548,0.42548959129101965
10961413644,0,0.007866821208019568,0.4108420679624329
10986413644,0,0.009339843994677827,0.3953089570866737
11011413644,0,0.009701804177918345,0.4210394208868296
11036413645,0,0.014570266257290194,0.37723550719360033
11061413645,0,0.013518989153451219,0.45383797736325754
11086413646,0,0.01147401486343255,0.5807249882239052
11111413646,0,0.012445484052732082,0.4274572568574274
11136413646,0,0.0010996960283871898,0.1787829308141257
11161413647,0,0.0031379582345902415,0.2894042820996222
11186413647,0,0.003693679500935404,0.41096057088054955
11211413647,0,0.006062564128693307,0.25468836428659797
11236413648,0,0.005112057928321407,0.2943186436568088
11261413648,0,0.0011287755587785194,0.6057967217089671
11286413649,0,0.0022293580906885243,0.4128865759582022
11311413649,0,0.0006391733695112346,0.4834672736742962
11336413649,0,0.004829557035381449,0.34245584127139167
11361413650,0,0.004586075021031266,0.3927107938094936
11386413650,0,-0.0004458391770032951,0.3435885305588887
11411413650,0,-0.003129670942170872,0.3122090500978307
11436413651,0,-0.009708365432163366,0.17398585341311273
11461413651,0,-0.00561710630957904,0.2932406592565064
11486413652,0,-0.010379691919079226,0.36098585704964187
11511413652,0,-0.012682740638018594,0.49186636021460495
11536413652,0,-0.01819633258292715,0.5670975770473986
11561413653,0,-0.02280582519400581,0.6554780640136768
11586413653,0,-0.014421385212630422,0.4754360959739406
11611413653,0,-0.02263794199011905,0.609401963654557
11636413654,0,-0.021112016542426885,0.6067570034426483
11661413654,0,-0.023421131323122867,0.51689851355952
11686413655,0,-0.02696299848799291,0.5469443699452144
11711413655,0,-0.016806544189041952,0.5115965115569806
11736413655,0,-0.016032648182177582,0.5921363975593409
11761413656,0,-0.009804084841556789,0.5524641757567804
11786413656,0,-0.009142380383634184,0.5653873494731049
11811413656,0,-0.013402505972754537,0.4174720051337104
11836413657,0,-0.006183610737076361,0.3653805304838356
11861413657,0,-0.012088778850057822,0.5453907023355612
11886413658,0,-0.008935122562138378,0.3937113182522542
11911413658,0,-0.011349708270224053,0.3431561121043006
11936413658,0,-0.014698017834708475,0.45455422659675004
11961413659,0,-0.013565124239156078,0.466931579587919
11986413659,0,-0.014904696513080908,0.5790244454762494
12011413659,0,-0.004495604900379795,0.645629722003143
12036413660,0,-0.004170593194636893,0.5235716136815797
12061413660,0,-0.0042988086519627254,0.6099197277808212
12086413661,0,-0.0001873520908202398,0.6818138556487483
12111413661,0,8.446667084903483e-05,0.6958735339046765
12136413661,0,0.001214409055497554,0.7396719861082572
12161413662,0,0.0018115027697839915,0.6164615983674478
12186413662,0,0.0018666835834973096,0.7516539920625938
12211413662,0,0.0010273088297897486,0.5781920681044376
12236413663,0,0.003569651803344434,0.7233062058929637
12261413663,0,0.0055908157693252206,0.7475421437978188
12286413663,0,0.006437578510985012,0.6230157520178259
12311413664,0,0.0035529420301312125,0.6284717678618713
12336413664,0,0.005365228850600472,1.0173402583948052
12361413665,0,0.003553035945232301,1.016920441506046
12386413665,0,0.006262100990514845,0.8823281177029284
12411413665,0,0.004556930034660391,0.9124545096769384
12436413666,0,0.003994543642050157,1.0419555248874213
12461413666,0,0.0013932660966508,1.0007162711303936
12486413666,0,0.0009542713402650785,1.104646446592991
12511413667,0,0.001642180957303298,1.2316371574744427
12536413667,0,0.002486245774240935,1.417357601870673
12561413668,0,0.0018542398326031925,1.4638800180272131
12586413668,0,0.0022592800110774877,1.6471755720865437
12611413668,0,0.002280675578652553,1.6343529931993783
12636413669,0,0.0013580593173915397,1.5982175895978903
12661413669,0,0.0031242324002706697,1.5740325549789382
12686413669,0,0.0024703741221571178,1.4462758481866245
12711413670,0,0.0025319596611733993,1.535371312580828
12736413670,0,0.0019402874095406594,1.6687083051040854
12761413671,0,0.002790744145176566,1.4363139182062559
12786413671,0,0.00538218337225895,1.3538365074787362
12811413671,0,0.00529159087361127,1.3754493080034023
12836413672,0,0.003971575708009913,1.3978987549039419
12861413672,0,0.0044171459444278475,1.8008293759294232
12886413672,0,0.003721169589388628,1.9104293941533468
12911413673,0,0.0031622694391672556,1.9306596484496752
12936413673,0,0.004510557319064235,2.028713327225429
12961413674,0,0.0023421415893583597,1.9678435629684086
12986413674,0,0.0018604154619777456,1.6286803525261626
13011413674,0,0.002634583253452842,1.5239941225359483
13036413675,0,0.0051519974594930575,1.6560910298117362
13061413675,0,0.007570749582972439,1.3400354324751893
13086413675,0,0.01015039250417578,0.9606549680580263
13111413676,0,0.013099732220810756,0.4142801451029847
13136413676,0,0.007899479472944766,0.469577087766166
13161413677,0,-0.0005072582301585578,0.46371337103123855
13186413677,0,0.0005433387006755705,0.45654307775672026
13211413677,0,0.004229312896340343,0.5965845012050734
13236413678,0,0.004837711996659229,0.43074004133211197
13261413678,0,0.0036618408587106048,0.439074080064079
13286413678,0,0.005625520245089271,0.43338638668916846
13311413679,0,0.010388472977257347,0.4278105392441591
13336413679,0,0.002364906040679581,0.41799511845441445
13361413680,0,0.010294237711052326,0.4078177907541035
13386413680,0,-0.0033937388620882583,0.3991794407421726
13411413680,0,-0.013650263970116365,0.39045026412360145
13436413681,0,0.0028799264943518534,0.38037844099271617
13461413681,0,0.009777535323296938,0.3707171137312969
13486413681,0,0.004947732114627364,0.36003480715498826
13511413682,0,0.010895341315563993,0.34791894770138154
13536413682,0,0.01252932889366222,0.3336817382687518
13561413682,0,0.010961309559297697,0.31879741635214415
13586413683,0,0.006083786095626967,0.3019399446451521
13611413683,0,0.005044532970639369,0.28514030854135447
13636413684,0,0.011358440947895551,0.2688687348282503
13661413684,0,0.012072678098272015,0.2530477287566166
13686413684,0,0.014745511835919795,0.23880430275950681
13711413685,0,0.009845327796721468,0.22385069429124688
13736413685,0,0.013258114346970813,0.20745430758450545
13761413685,0,0.012505692170265745,0.19359390469958176
13786413686,0,0.010061154659713486,0.18100713952251005
13811413686,0,0.010709210122944682,0.1684150213137588
13836413687,0,0.008166778926113217,0.1556808933960366
13861413687,0,-0.002768385240110893,0.13857057606153983
13886413687,0,0.013020557521725614,0.11993736501479321
13911413688,0,0.017944213221415473,0.10109463704859953
13936413688,0,0.016114587681146923,0.08131210983946387
13961413688,0,0.012097113100027736,0.06227417092471229
13986413689,0,0.009331845558568527,0.0472090009200634
14011413689,0,0.008190293275287062,0.033817509417379966
14036413690,0,0.01458056561337614,0.019238479556246618
14061413690,0,0.017624294275472463,0.008119569608000893
14086413690,0,0.019779476513661434,0.0016044654394878621
14111413691,0,0.017819291907408094,0.0016044654394878621
14136413691,0,0.009718748738884285,0.0016044654394878621
14161413691,0,-0.015359167339761016,0.0016044654394878621
14186413692,0,-0.014454430521608587,0.0016044654394878621
14211413692,0,-0.022067332334339336,0.0
14236413693,0,-0.032355835534287794,0.0
14261413693,0,-0.029698721192423578,0.03631046514927094
14286413693,0,-0.02468800192515722,0.05729109462289387
14311413694,0,-0.014842237279033289,0.08847440760574952
14336413694,0,-0.021964049913396202,0.1306473320175815
14361413694,0,-0.02106841005344458,0.2211740835733555
14386413695,0,-0.023090605662581257,0.3046655192548904
14411413695,0,-0.023979792416723284,0.7438531373740432
14436413696,0,-0.024888904824812756,1.0794017350073866
14461413696,0,-0.029850157869971382,1.3623080271385686
14486413696,0,-0.028645358034975598,1.5003052132813914
14511413697,0,-0.027532546618539114,1.8174886081496022
14536413697,0,-0.02923792959484906,2.3416380786441584
14561413697,0,-0.028658743782792748,2.5274524392220834
14586413698,0,-0.02903470016200748,2.5297230411052105
14611413698,0,-0.029311117917717903,2.706734239274358
14636413699,0,-0.03069767193243987,2.900889308423669
14661413699,0,-0.030686589950511534,3.3041242070527654
14686413699,0,-0.03146441758501689,3.6468740559575896
14711413700,0,-0.030891828597333953,3.868665857638241
14736413700,0,-0.032939845167445435,4.111059009457048
14761413700,0,-0.034223789819448736,4.238826952550906
14786413701,0,-0.032798151470157424,4.251117792256553
14811413701,0,-0.03393730749540509,4.436688812995762
14836413701,0,-0.032795567381921444,4.4992023713969775
14861413702,0,-0.033561843458993025,4.614573695255895
14886413702,0,-0.03432840270432393,4.704644315236861
14911413703,0,-0.03349254265212678,4.706946037810323
14936413703,0,-0.03192159060528739,4.765896498947423
14961413703,0,-0.031782583449072935,4.868334754234894
14986413704,0,-0.0324206426458626,4.922596631545589
15011413704,0,-0.03240772789650696,5.035855666895411
15036413704,0,-0.03239954447610765,5.090399512446019
15061413705,0,-0.03247549191080996,5.191300211665038
15086413705,0,-0.032932169742365625,5.215870517383009
15111413706,0,-0.03357006245329427,5.21914888884159
15136413706,0,-0.03502668994003234,5.334251159139131
15161413706,0,-0.03540738760889593,5.323806667773628
15186413707,0,-0.03595499944855778,5.3463708666628875
15211413707,0,-0.03776226323407492,5.390261370875998
15236413707,0,-0.038515835159290274,5.403726734297315
15261413708,0,-0.03848585062883392,5.394489477225206
15286413708,0,-0.038090668690061676,5.447886192759497
15311413709,0,-0.03914789232734679,5.449015497409628
15336413709,0,-0.04055927123378962,5.504289728627716
15361413709,0,-0.040074417448951564,5.531989701854331
15386413710,0,-0.04074984631823766,5.515598556557464
15411413710,0,-0.039209170507850416,5.5107715504201185
15436413710,0,-0.03895520557608036,5.486953920705253
15461413711,0,-0.03790738625550869,5.483082114968254
15486413711,0,-0.037564966105118724,5.4483799450696875
15511413712,0,-0.03771848172149514,5.3799754161339415
15536413712,0,-0.03775964072602485,5.348941373799845
15561413712,0,-0.03797910608770599,5.372369767503446
15586413713,0,-0.03763305597636336,5.359251334371602
15611413713,0,-0.03829159720292661,5.3443129569552
15636413713,0,-0.038450779030401984,5.349158517516815
15661413714,0,-0.03428926856629192,5.343109508773889
15686413714,0,-0.032861551278171995,5.320774704578657
15711413715,0,-0.031341809997590855,5.268407231236505
15736413715,0,-0.030875209893309663,5.216404943164814
15761413715,0,-0.029206929073753662,5.240652859140674
15786413716,0,-0.027760277932072037,5.218223538385414
15811413716,0,-0.02601812434777412,5.309946063708015
15836413716,0,-0.02226581051683952,5.250804026673267
15861413717,0,-0.021421883726641357,5.217712638655874
15886413717,0,-0.02041265639783636,5.2329481703953045
15911413718,0,-0.01968111325565037,5.129087836358399
15936413718,0,-0.019969778394316264,5.101299443801645
15961413718,0,-0.01809910341713594,4.971531900669483
15986413719,0,-0.018393197133235915,4.961585868723135
16011413719,0,-0.01797090930415126,5.1869855850221604
16036413719,0,-0.016625894223231578,5.156617477196201
16061413720,0,-0.015353770067360627,5.070478790715682
16086413720,0,-0.014783975765413087,4.996585628290598
16111413720,0,-0.01426072351083487,4.954627316222861
16136413721,0,-0.015441510962029826,4.875841033250556
16161413721,0,-0.014715826130013206,4.979649821102893
16186413722,0,-0.01451186387479193,4.641628261500071
16211413722,0,-0.014722523984268049,4.853083430797443
16236413722,0,-0.01290717780823306,4.484265422938257
16261413723,0,-0.010828371314525595,4.4641109324311135
16286413723,0,-0.008264817757685866,4.601719535561267
16311413723,0,-0.0058670229313098066,4.336568995698778
16336413724,0,-0.006131001204994338,4.511350883024646
16361413724,0,-0.0036259467954396912,4.21766131969977
16386413725,0,-0.0017935052250945892,4.058605555233844
16411413725,0,-0.005072523943405307,4.589934665728904
16436413725,0,-0.004094349785070547,4.509898629129767
16461413726,0,-0.003513883312544861,4.518234377542709
16486413726,0,-0.0037010603778808277,4.495510301584549
16511413726,0,-0.0031450402907594785,4.427491272236786
16536413727,0,-0.003131194928129432,4.429465707802669
16561413727,0,-0.002374920809323693,4.400703410923057
16586413728,0,-0.001797768401501538,4.363050117587514
16611413728,0,-0.0013900630262948595,4.306364967165698
16636413728,0,-0.0015729698004434932,4.276319632371682
16661413729,0,-0.0016365631304845435,4.244874065222854
16686413729,0,-0.0010345289126984629,4.204959374609625
16711413729,0,-0.000491510375253447,4.145629383192453
16736413730,0,-0.0003037484749697969,4.108071097557725
16761413730,0,-0.0001463339589421586,4.067722810699818
16786413731,0,0.0005118045710512676,4.025171353746465
16811413731,0,0.001074373102039368,3.9690706122981685
16836413731,0,0.0023456762122538413,3.9168462723423216
16861413732,0,0.0027420975457692278,3.866670486566447
16886413732,0,0.001718656308710208,3.8207662827701236
16911413732,0,0.0012211937100731003,3.77608626737247
16936413733,0,0.0009940102346298596,3.7245645045064406
16961413733,0,0.001169558902903881,3.696522755583553
16986413734,0,0.0018986887115831276,3.6558055536956866
17011413734,0,0.0014212670263356987,3.601597621330969
17036413734,0,0.001521582583858107,3.5436292595952414
17061413735,0,0.0014248699511228808,3.499323649119319
17086413735,0,0.0011518615981731626,3.4387451420748425
17111413735,0,0.0017813944421489296,3.3838026894818283
17136413736,0,0.0015591557390735623,3.320819379200932
17161413736,0,0.0010535111429932104,3.2640768003610705
17186413737,0,-0.0003722410427842535,3.184442897395201
17211413737,0,0.00015826117300671397,3.2049283090046456
17236413737,0,-0.0007075037241064836,3.1593810540224596
17261413738,0,-0.0002199890114042839,3.1105804330386917
17286413738,0,-0.00046009150507138834,3.0906770825816707
17311413738,0,-0.0009538501490398411,3.1187937417980462
17336413739,0,0.0002879664653452561,3.1075314648721446
17361413739,0,-0.0002403557817356158,3.1127416553730294
17386413739,0,-0.0015110726340463298,3.12445250346563
17411413740,0,-0.0031055390300595708,3.1146910840618305
17436413740,0,-0.0027445820308533994,3.1063880591098694
17461413741,0,-0.002740075528957267,3.1048163847968144
17486413741,0,-0.003142774944684757,3.105530402579087
17511413741,0,-0.002047726288958539,3.090914925687755
17536413742,0,-0.0018441823828239286,3.0886133782479623
17561413742,0,-0.001959202768446943,3.0551758102204403
17586413742,0,-0.001751456873016697,3.0392565166852408
17611413743,0,-0.001906919093306573,3.0343465097503652
17636413743,0,-0.0019329748420340942,3.035384479346112
17661413744,0,-0.0021290724190173144,3.018841354598474
17686413744,0,-0.004398371465720355,2.9975446418639766
17711413744,0,-0.003819807485469731,3.000950237680481
17736413745,0,-0.0022689347718340964,2.9561244406583564
17761413745,0,-0.0016280467383631833,2.9109973062945733
17786413745,0,-0.00038168377931179615,2.859815410729215
17811413746,0,-0.0007136750846128055,2.8056103582490426
17836413746,0,-0.0003554145871727117,2.769041618340849
17861413747,0,-0.0005285655744568433,2.729909645729691
17886413747,0,-0.0015144820368070276,2.6907703255812945
17911413747,0,-0.0017504095773439616,2.6535433285963697
17936413748,0,-0.00135478225331959,2.62371634977717
17961413748,0,-0.0013686404225543302,2.5812399291906036
17986413748,0,-0.0006167860053240204,2.5525948210057754
18011413749,0,-0.00011489374441894385,2.521981893700769
18036413749,0,0.0009856873645349836,2.4935722870978276
18061413750,0,0.0016032147280883762,2.4735357774374434
18086413750,0,0.0007296378021119763,2.426762130146313
18111413750,0,0.0006031270461664925,2.3859600702494617
18136413751,0,0.00038013844523850104,2.346390587066212
18161413751,0,0.00010409634993243572,2.272054431571865
18186413751,0,0.0002455296462583206,2.2233733962373283
18211413752,0,0.000470205873093736,2.2026918845073373
18236413752,0,0.0007224760641760027,2.16518177365538
18261413753,0,0.0023211928299915,2.124409747284897
18286413753,0,0.0012446511410038627,2.0810985237322086
18311413753,0,0.001994564646145028,2.050100429856781
18336413754,0,0.0025095979064219927,2.032128011740979
18361413754,0,0.002120304159896731,1.989775769914321
18386413754,0,0.002051606686407174,1.9533675041837908
18411413755,0,0.0024933690923628275,1.9128377464135486
18436413755,0,0.002082363882013387,1.8971401050082344
18461413756,0,0.0023025250692162093,1.8631709313323193
18486413756,0,0.003073294841579223,1.8260991787715422
18511413756,0,0.0031715755719113974,1.769564057642187
18536413757,0,0.004305557728862764,1.7331138929089855
18561413757,0,0.005735164702653055,1.72262904215834
18586413757,0,0.006145767216432681,1.663112286658653
18611413758,0,0.00583002749248807,1.617493177733413
18636413758,0,0.00547275594952155,1.562880766365912
18661413758,0,0.004775348100668781,1.518954133569986
18686413759,0,0.004215033532106785,1.4829064234373546
18711413759,0,0.0021626299884096537,1.4508745919082817
18736413760,0,0.0029234006484189843,1.4215468934916968
18761413760,0,0.002488115538526226,1.413874793711307
18786413760,0,0.003844709213045156,1.3433072020991177
18811413761,0,0.0041799064383878405,1.3146822259548478
18836413761,0,0.00413304280294509,1.2527940745087138
18861413761,0,0.002630921987466499,1.235230989242298
18886413762,0,0.002831452072629842,1.2154739479137726
18911413762,0,0.0030610873013939017,1.2137921353800436
18936413763,0,0.003537578373366917,1.127514264022395
18961413763,0,0.003974808664217052,1.0799846063436742
18986413763,0,0.003952942098180471,0.9948344121303724
19011413764,0,0.004218343327942088,0.9833746036153383
19036413764,0,0.005174858671827521,0.9234769632021315
19061413764,0,0.004726075400587525,0.8795022768145923
19086413765,0,0.004145764030274239,0.8164058793150618
19111413765,0,0.004000053327980635,0.7972808095122249
19136413766,0,0.0046274887346987766,0.7816838095523967
19161413766,0,0.004184772948171475,0.774055533984921
19186413766,0,0.004280115274204468,0.715960796787532
19211413767,0,0.004245715311040912,0.6749234602441181
19236413767,0,0.003967597122818379,0.6195988899696161
19261413767,0,0.0032844046051757002,0.5870212085709772
19286413768,0,0.0032107225165481108,0.5126366467729124
19311413768,0,0.0030524499580059897,0.49791107967527193
19336413769,0,0.0030883852907767195,0.45422669375311037
19361413769,0,0.00331382564502553,0.45496522962167973
19386413769,0,0.0031700273956995276,0.4117776033272203
19411413770,0,0.0021525469216474224,0.3886662917144038
19436413770,0,0.0027260437553075427,0.35108468134041537
19461413770,0,0.002159014257017778,0.3129104774881815
19486413771,0,-0.0009254949032917488,0.3147179292491112
19511413771,0,0.00045595069911348823,0.2318541713493822
19536413772,0,0.00035263412722450594,0.2355145670030764
19561413772,0,-0.00032126506427872475,0.25620110667085616
19586413772,0,-0.0001728962800331234,0.2501277969802492
19611413773,0,-0.0005659736667673569,0.22480401591373206
19636413773,0,-0.0018800067250206451,0.24789425649753263
19661413773,0,-0.001797389895185033,0.21439446247302563
19686413774,0,-0.001750149176381855,0.2468613507736757
19711413774,0,-0.001132490900869371,0.21300705000775455
19736413775,0,-0.0013681608863563522,0.26728219246747964
19761413775,0,-0.0004693065686265973,0.255644704635876
19786413775,0,0.00013641310539913557,0.21557975611255323
19811413776,0,0.0015637789233680147,0.1763174929805422
19836413776,0,0.003023098643003937,0.1609178606556648
19861413776,0,0.004326661590442026,0.10122296256408604
19886413777,0,0.003732215997415047,0.16358626041485283
19911413777,0,0.003768374734289878,0.08440510347804069
19936413777,0,0.0036043534331963306,0.12177003270332555
19961413778,0,0.004383968300534511,0.07331772450076715
19986413778,0,0.003915058738540211,0.0712355606009423
20011413779,0,0.002661279332415052,0.07172211492158141
20036413779,0,0.0030285670632081785,0.11865504555625739
20061413779,0,0.004106746574640541,0.07277051033255431
20086413780,0,0.0034401215346033737,0.05094734430718725
20111413780,0,0.0030297637692690083,0.12332468192219954
20136413780,0,0.0021213998360760876,0.1879950566092136
20161413781,0,0.0011489189250057487,0.21330761812220733
20186413781,0,-0.0006986216322733129,0.23357791296257097
20211413782,0,0.0002101578040941171,0.2045874440219262
20236413782,0,-0.0007084997933604437,0.2549701279108499
20261413782,0,-0.001745797776698126,0.27567715852504465
20286413783,0,-0.0018104056744221385,0.1898940458108861
20311413783,0,-0.002179021023235187,0.16920783544927345
20336413783,0,-0.002598055974727624,0.23046953317069874
20361413784,0,-0.002350471578007201,0.2367567205348605
20386413784,0,-0.003506059900033041,0.1946694741807313
20411413785,0,-0.0044415652974403004,0.19057827955477633
20436413785,0,-0.005485585325286138,0.12719174867201763
20461413785,0,-0.004741121741920212,0.156649877445955
20486413786,0,-0.004287036536336993,0.25025733694954894
20511413786,0,-0.0034259019382986335,0.1751181407714021
20536413786,0,-0.0015784311058673489,0.14226372549889463
20561413787,0,0.0002416335925192591,0.24559490804095402
20586413787,0,-0.0012553275842238187,0.20574031024276065
20611413788,0,-0.0001608794159621319,0.28574247497180083
20636413788,0,0.0004641554638539663,0.2998953498932692
20661413788,0,0.003146867362588876,0.2555490553100675
20686413789,0,0.0030789510919856395,0.33006525696086303
20711413789,0,0.0029960397102420694,0.201376021313855
20736413789,0,0.0027391876005915866,0.24687419017814174
20761413790,0,0.0023302015649155306,0.38178610967947446
20786413790,0,0.0016750170917381353,0.5473488053441807
20811413791,0,0.0029299035576912675,0.6721648468498574
20836413791,0,0.0026542356998334755,0.7663095115861779
20861413791,0,0.002769281698665878,0.7947350715767688
20886413792,0,0.0020468084785152394,0.8221341260346967
20911413792,0,0.00202863306054262,0.8597603359499713
20936413792,0,0.002427348199254268,0.9076565453778053
20961413793,0,0.0027140567733141712,0.9087711827328941
20986413793,0,0.0024957411601433297,0.900021122901582
21011413794,0,0.0016036928413302768,0.868102616077138
21036413794,0,0.0014055590142007467,0.8696300074421535
21061413794,0,0.001960702560378612,0.8711527303311944
21086413795,0,0.001865809888465979,0.8896069627728631
21111413795,0,0.0014478563835921276,0.8257377527542216
21136413795,0,0.0026160094077786375,0.7933457906173784
21161413796,0,0.0023802056644204096,0.8294917439120085
21186413796,0,0.003477966474429553,0.8511993900798175
21211413796,0,0.003751277917023691,0.8278580776921511
21236413797,0,0.004950903883723188,0.7973221209983762
21261413797,0,0.005225794807562892,0.7670551257694999
21286413798,0,0.006305859735797392,0.7128646316866895
21311413798,0,0.008404927701086482,0.6378905218688482
21336413798,0,0.009815374571298807,0.5690632810286294
21361413799,0,0.00986867423707822,0.4594418503226065
21386413799,0,0.011168497655945724,0.3546103418479726
21411413799,0,0.010733334920275598,0.41176770531159046
21436413800,0,0.011215039703315055,0.36070952179804694
21461413800,0,0.008604309460695616,0.20513298933797913
21486413801,0,0.008180339697527846,0.21973800053980286
21511413801,0,0.006679341594394077,0.23226645021481007
21536413801,0,0.00734335551002979,0.21543044355651061
21561413802,0,0.007313087811314094,0.21460730350943188
21586413802,0,0.006827975048470015,0.30712555199474995
21611413802,0,0.006208431356155393,0.23825863709541686
21636413803,0,0.006004315421677792,0.25380457667078926
21661413803,0,0.0074203900831749945,0.2976785151996478
21686413804,0,0.007558966083698089,0.3662920446148746
21711413804,0,0.007935948414244406,0.38448288773211214
21736413804,0,0.005344429501621705,0.37439385536889835
21761413805,0,0.0036794783992860854,0.47586054394279853
21786413805,0,0.0032703742582556325,0.4801586408506691
21811413805,0,0.0032508256876686253,0.5591571421381094
21836413806,0,0.0030519433856425475,0.5784269832917798
21861413806,0,0.004100956566362879,0.4795115524758725
21886413807,0,0.004628348200169336,0.5688917360589062
21911413807,0,0.003773621173346095,0.5707397060319868
21936413807,0,0.004264893913047879,0.528071312819539
21961413808,0,0.004581662434236222,0.4657222439284512
21986413808,0,0.005324737212470912,0.3950532454980593
22011413808,0,0.0054596462551833565,0.4052428657703091
22036413809,0,0.005331309846590972,0.4244458243054691
22061413809,0,0.005937563129145612,0.4095595123366056
22086413810,0,0.005610708695282882,0.3124189605220926
22111413810,0,0.006651844391160465,0.30312944085976967
22136413810,0,0.0064347653268206125,0.3791862033311149
22161413811,0,0.006331842913764983,0.3276610726935889
22186413811,0,0.006350206161939777,0.30114323781754204
22211413811,0,0.004528260315619261,0.32275669349207997
22236413812,0,0.0052731408251157725,0.2695650668269424
22261413812,0,0.005365073748388067,0.35485977172640276
22286413813,0,0.006031392852868662,0.3900138213219789
22311413813,0,0.005950620174108952,0.32218283450464263
22336413813,0,0.007559839778729421,0.23962127350350113
22361413814,0,0.007176993446189436,0.29091818782245576
22386413814,0,0.005919450321240384,0.4100731187613111
22411413814,0,0.005791533684690739,0.4617103445195774
22436413815,0,0.00534902138088246,0.43628548091061325
22461413815,0,0.004297002916927324,0.3750064404833689
22486413815,0,0.00324196494017661,0.32334240488940624
22511413816,0,0.002274832921000039,0.3605548352439658
22536413816,0,0.002273051379991526,0.5053925910513002
22561413817,0,0.0014342643071438023,0.5458821604311527
22586413817,0,0.0010796807282068986,0.6091969936099645
22611413817,0,-4.3922387118202597e-05,0.6885896668906635
22636413818,0,-0.0003704395803906629,0.7531095539267807
22661413818,0,-0.0007146512324816864,0.6927499546760079
22686413818,0,-0.0012869214780033594,0.7843212595509484
22711413819,0,-0.0012063622426552126,0.6985515535907891
22736413819,0,-0.0028060693859003616,0.5842230604181448
22761413820,0,-0.004317301389140535,0.5402824615076179
22786413820,0,-0.004462765920032805,0.5338290704770555
22811413820,0,-0.0027218417697854875,0.4644060356110927
22836413821,0,-0.0008502617925401356,0.4859069158171701
22861413821,0,-0.0006309188050816384,0.601445950835725
22886413821,0,-0.0006127320034604024,0.5334628293758743
22911413822,0,-0.0010886681225633537,0.3833511442657759
22936413822,0,-0.0025075488534445694,0.4569812114771278
22961413823,0,-0.001324318186665256,0.41578666116835666
22986413823,0,-0.0006659704821284977,0.3866591520997164
23011413823,0,0.00035818223296906425,0.43272061391484834
23036413824,0,0.0011633946571779445,0.4191273006639572
23061413824,0,0.0008986351806070941,0.4148423511823035
23086413824,0,0.0009279381151025257,0.4188861765233073
23111413825,0,0.001780857987707868,0.3972658944232338
23136413825,0,0.001219617074739689,0.28941895647961524
23161413826,0,0.0007807489614448281,0.295665545052649
23186413826,0,0.001447809426041584,0.20782719449184534
23211413826,0,0.001558341808197469,0.21324998321027835
23236413827,0,0.0017596516732910556,0.16559352333084854
23261413827,0,0.001349715102955507,0.2052982962589354
23286413827,0,0.0007175896330072893,0.21705909278408042
23311413828,0,0.0009665002247915562,0.1478049845479703
23336413828,0,-0.00044236858713128234,0.2067756023686788
23361413829,0,-0.0008862213155641756,0.20140279169002895
23386413829,0,0.00019098773982361464,0.16678008935686017
23411413829,0,-0.0007970090843112693,0.2334839825430533
23436413830,0,-0.0008133289675593686,0.1216995245970446
23461413830,0,-0.0012346420717312197,0.12900596795277006
23486413830,0,-0.001672226678644549,0.1262389940214658
23511413831,0,-0.0016011571373744894,0.1231629520085499
23536413831,0,-0.0017897628506118519,0.1184894622320811
23561413832,0,-0.0007260149597132952,0.11325138550049652
23586413832,0,-0.0017149651644198269,0.10730094789625136
23611413832,0,-0.0028771873076770425,0.1004598482601677
23636413833,0,-0.0036451168597101927,0.09288170644987195
23661413833,0,-0.0031441708645963784,0.08596355116580269
23686413833,0,-0.002474208992558444,0.07815994647245779
23711413834,0,-0.0025050302211881265,0.07127111904048042
23736413834,0,-0.002016310264688635,0.06579382274576842
23761413834,0,-0.0007898928809697625,0.06269694221301872
23786413835,0,-0.0007835578805145756,0.056150556613916096
23811413835,0,-0.003225936766697893,0.15606032408366724
23836413836,0,-0.004459134536124081,0.05174310056955139
23861413836,0,-0.0032873970855793917,0.08937075596379629
23886413836,0,-0.0025339831084885953,0.1102720444913431
23911413837,0,-0.0014714077333975576,0.04436418062349161
23936413837,0,-0.0005927209721483422,0.03303683605104412
23961413837,0,0.002442263624854284,0.03130328731168789
23986413838,0,0.0017402923558623008,0.02842121713827279
24011413838,0,0.002741239503254744,0.03488869654301065
24036413839,0,0.002993634914471795,0.020881261516537
24061413839,0,0.003291692986202534,0.028033842599199412
24086413839,0,0.003903757621375994,0.014617527397097981
24111413840,0,0.006133713355503684,0.012627076503213708
24136413840,0,0.005629444757949874,0.010866616062028633
24161413840,0,0.004683513361365806,0.009156970682944299
24186413841,0,0.0034538815198687954,0.008415595421571952
24211413841,0,0.0036530597967589073,0.007696659531161198
24236413842,0,0.003571339429251858,0.0074911330078258785
24261413842,0,0.002693099476210848,0.018092085255721504
24286413842,0,0.0026231355718126844,0.10204950621096738
24311413843,0,0.002786897894900203,0.1433228513765353
24336413843,0,0.0021174938216444858,0.21905116782731113
24361413843,0,0.0005246439037348146,0.30142278634495384
24386413844,0,0.0018673167989516127,0.3056407559671512
24411413844,0,0.0006873190883794392,0.37747550025459176
24436413845,0,0.0017755375549356434,0.33312059227898666
24461413845,0,0.0010549582893236067,0.34752856861917353
24486413845,0,-0.0006715868897647561,0.22031323676799403
24511413846,0,0.0001665826201455127,0.12333904562092626
24536413846,0,-0.002299145552306709,0.16895892579433347
24561413846,0,-0.006680995073129228,0.18203863397430642
24586413847,0,-0.007713570265247063,0.29816389566284995
24611413847,0,-0.011010965038337272,0.37314452835088646
24636413848,0,-0.01228565051514698,0.4949565821692695
24661413848,0,-0.009697330407785566,0.21579228770888118
24686413848,0,-0.0054275045270877195,0.20795867082502775
24711413849,0,-0.0016686977475733758,0.28082261175691725
24736413849,0,-0.0038844452652713616,0.19330462550247898
24761413849,0,-0.0010530515319538913,0.4866270808357977
24786413850,0,-0.004700620143098112,0.2869526697890948
