ts,agent_id,cvip,cvip_x,cvip_y,cvip_z
2059655521,0,501.73173946061297,192.7955780029297,-49.17184829711914,-499.8193664550781
2084655521,0,501.7256267911065,192.7955780029297,-49.17184829711914,-499.86065673828125
2109655521,0,501.7195360262101,192.7955780029297,-49.17184829711914,-499.9080810546875
2134655522,0,501.71346877084034,192.7955780029297,-49.17184829711914,-499.9616394042969
2159655522,0,501.70736567264106,192.7955780029297,-49.17184829711914,-500.0212707519531
2184655522,0,501.70125863684973,192.7955780029297,-49.17184829711914,-500.0870056152344
2209655523,0,501.6951492683879,192.7955780029297,-49.17184829711914,-500.1588439941406
2234655523,0,501.6928437404478,192.7955780029297,-49.17184829711914,-500.2367858886719
2259655524,0,501.72048524416147,192.7955780029297,-49.17184829711914,-500.3208923339844
2284655524,0,501.7752726548415,192.7955780029297,-49.17184829711914,-500.41107177734375
2309655524,0,501.85097079713273,192.7955780029297,-49.17184829711914,-500.50738525390625
2334655525,0,501.9428884527593,192.7955780029297,-49.17184829711914,-500.6097412109375
2359655525,0,502.04933068205287,192.7955780029297,-49.17184829711914,-500.7182312011719
2384655525,0,502.1659934816094,192.7955780029297,-49.17184829711914,-500.8327941894531
2409655526,0,502.2909289207777,192.7955780029297,-49.17184829711914,-500.9534606933594
2434655526,0,502.42313258882734,192.7955780029297,-49.17184829711914,-501.0802307128906
2459655527,0,502.5618907012935,192.7955780029297,-49.17184829711914,-501.21307373046875
2484655527,0,502.70678140203097,192.7955780029297,-49.17184829711914,-501.3520202636719
2509655527,0,502.85751798713363,192.7955780029297,-49.17184829711914,-501.4970703125
2534655528,0,503.0139003068777,192.7955780029297,-49.17184829711914,-501.648193359375
2559655528,0,503.1758678171257,192.7955780029297,-49.17184829711914,-501.805419921875
2584655528,0,503.3433860078986,192.7955780029297,-49.17184829711914,-501.96875
2609655529,0,503.5163349408858,192.7955780029297,-49.17184829711914,-502.1380615234375
2634655529,0,503.6948878928654,192.7955780029297,-49.17184829711914,-502.3135070800781
2659655530,0,503.8790217467821,192.7955780029297,-49.17184829711914,-502.4950256347656
2684655530,0,504.06881089076256,192.7955780029297,-49.17184829711914,-502.6826477050781
2709655530,0,504.26426963123026,192.7955780029297,-49.17184829711914,-502.8763427734375
2734655531,0,504.46544382372446,192.7955780029297,-49.17184829711914,-503.07611083984375
2759655531,0,504.6723766849897,192.7955780029297,-49.17184829711914,-503.2819519042969
2784655531,0,504.88510887282865,192.7955780029297,-49.17184829711914,-503.4938659667969
2809655532,0,505.1036753708235,192.7955780029297,-49.17184829711914,-503.71185302734375
2834655532,0,505.32807872133577,192.7955780029297,-49.17184829711914,-503.9358825683594
2859655532,0,505.55840821723535,192.7955780029297,-49.17184829711914,-504.166015625
2884655533,0,505.7946583082878,192.7955780029297,-49.17184829711914,-504.4022216796875
2909655533,0,506.03678966412747,192.7955780029297,-49.17184829711914,-504.6444396972656
2934655534,0,506.2849120862436,192.7955780029297,-49.17184829711914,-504.89276123046875
2959655534,0,506.5389805027742,192.7955780029297,-49.17184829711914,-505.1471252441406
2984655534,0,506.7990387457477,192.7955780029297,-49.17184829711914,-505.4075622558594
3009655535,0,507.06506773362304,192.7955780029297,-49.17184829711914,-505.6740417480469
3034655535,0,507.33710757067473,192.7955780029297,-49.17184829711914,-505.94659423828125
3059655535,0,507.61516614698917,192.7955780029297,-49.17184829711914,-506.2252197265625
3084655536,0,507.8991895304351,192.7955780029297,-49.17184829711914,-506.5098571777344
3109655536,0,508.18924412206024,192.7955780029297,-49.17184829711914,-506.8005676269531
3134655537,0,508.4853041836345,192.7955780029297,-49.17184829711914,-507.0973205566406
3159655537,0,508.78740415923306,192.7955780029297,-49.17184829711914,-507.400146484375
3184655537,0,509.09551671483285,192.7955780029297,-49.17184829711914,-507.7090148925781
3209655538,0,509.40961420861674,192.7955780029297,-49.17184829711914,-508.0238952636719
3234655538,0,509.72979080328247,192.7955780029297,-49.17184829711914,-508.3448791503906
3259655538,0,510.055925305147,192.7955780029297,-49.17184829711914,-508.671875
3284655539,0,510.38809559838865,192.7955780029297,-49.17184829711914,-509.0049133300781
3309655539,0,510.72632643256634,192.7955780029297,-49.17184829711914,-509.3440246582031
3334655540,0,511.0705248822695,192.7955780029297,-49.17184829711914,-509.6891174316406
3359655540,0,511.4207509767444,192.7955780029297,-49.17184829711914,-510.0402526855469
3384655540,0,511.77703452515544,192.7955780029297,-49.17184829711914,-510.3974609375
3409655541,0,512.1393143415073,192.7955780029297,-49.17184829711914,-510.76068115234375
3434655541,0,512.5076207715803,192.7955780029297,-49.17184829711914,-511.12994384765625
3459655541,0,512.8819234840527,192.7955780029297,-49.17184829711914,-511.5052185058594
3484655542,0,513.2622833795501,192.7955780029297,-49.17184829711914,-511.8865661621094
3509655542,0,513.6485788519743,192.7955780029297,-49.17184829711914,-512.2738647460938
3534655543,0,514.0409926334268,192.7955780029297,-49.17184829711914,-512.6672973632812
3559655543,0,514.4393727924966,192.7955780029297,-49.17184829711914,-513.0667114257812
3584655543,0,514.8437195539931,192.7955780029297,-49.17184829711914,-513.4721069335938
3609655544,0,515.2541548116028,192.7955780029297,-49.17184829711914,-513.8836059570312
3634655544,0,515.6704960877231,192.7955780029297,-49.17184829711914,-514.301025390625
3659655544,0,516.0929261550956,192.7955780029297,-49.17184829711914,-514.7245483398438
3684655545,0,516.521259793891,192.7955780029297,-49.17184829711914,-515.1539916992188
3709655545,0,516.9556846139312,192.7955780029297,-49.17184829711914,-515.5895385742188
3734655546,0,517.3960771911269,192.7955780029297,-49.17184829711914,-516.0310668945312
3759655546,0,517.842437822271,192.7955780029297,-49.17184829711914,-516.4785766601562
3784655546,0,518.2948274605372,192.7955780029297,-49.17184829711914,-516.93212890625
3809655547,0,518.7532460333196,192.7955780029297,-49.17184829711914,-517.3917236328125
3834655547,0,519.2176327678346,192.7955780029297,-49.17184829711914,-517.8572998046875
3859655547,0,519.6880485940594,192.7955780029297,-49.17184829711914,-518.3289184570312
3884655548,0,520.1643718192965,192.7955780029297,-49.17184829711914,-518.8064575195312
3909655548,0,520.6467233738941,192.7955780029297,-49.17184829711914,-519.2900390625
3934655549,0,521.1351060756436,192.7955780029297,-49.17184829711914,-519.7796630859375
3959655549,0,521.629516578389,192.7955780029297,-49.17184829711914,-520.2753295898438
3984655549,0,522.1298361696552,192.7955780029297,-49.17184829711914,-520.7769165039062
4009655550,0,522.6361841792229,192.7955780029297,-49.17184829711914,-521.2845458984375
4034655550,0,523.1484401815599,192.7955780029297,-49.17184829711914,-521.798095703125
4059655550,0,523.6667881585041,192.7955780029297,-49.17184829711914,-522.3177490234375
4084655551,0,524.191043035244,192.7955780029297,-49.17184829711914,-522.8433227539062
4109655551,0,524.7212670315904,192.7955780029297,-49.17184829711914,-523.3748779296875
4134655551,0,525.2575211131191,192.7955780029297,-49.17184829711914,-523.9124755859375
4159655552,0,525.7996835979034,192.7955780029297,-49.17184829711914,-524.4559936523438
4184655552,0,526.347876335596,192.7955780029297,-49.17184829711914,-525.0055541992188
4209655553,0,526.902038527697,192.7955780029297,-49.17184829711914,-525.5610961914062
4234655553,0,527.462170258941,192.7955780029297,-49.17184829711914,-526.1226196289062
4259655553,0,528.0282726401534,192.7955780029297,-49.17184829711914,-526.6901245117188
4284655554,0,528.600343705684,192.7955780029297,-49.17184829711914,-527.2636108398438
4309655554,0,529.1783845672182,192.7955780029297,-49.17184829711914,-527.8430786132812
4334655554,0,529.7623953112219,192.7955780029297,-49.17184829711914,-528.4285278320312
4359655555,0,530.3523760245637,192.7955780029297,-49.17184829711914,-529.0199584960938
4384655555,0,530.9483267945027,192.7955780029297,-49.17184829711914,-529.6173706054688
4409655556,0,531.5501874707498,192.7955780029297,-49.17184829711914,-530.220703125
4434655556,0,532.1575313873653,192.7955780029297,-49.17184829711914,-530.830078125
4459655556,0,532.7702147869985,192.7955780029297,-49.17184829711914,-531.4454345703125
4484655557,0,533.3882459649258,192.7955780029297,-49.17184829711914,-532.0667114257812
4509655557,0,534.0117383367135,192.7955780029297,-49.17184829711914,-532.6939697265625
4534655557,0,534.6406697156283,192.7955780029297,-49.17184829711914,-533.3271484375
4559655558,0,535.2751938451014,192.7955780029297,-49.17184829711914,-533.9663696289062
4584655558,0,535.9152768186065,192.7955780029297,-49.17184829711914,-534.611572265625
4609655559,0,536.5608191542308,192.7955780029297,-49.17184829711914,-535.2626342773438
4634655559,0,537.2120245432002,192.7955780029297,-49.17184829711914,-535.9197387695312
4659655559,0,537.8688512599812,192.7955780029297,-49.17184829711914,-536.5828247070312
4684655560,0,538.5311958081953,192.7955780029297,-49.17184829711914,-537.2517700195312
4709655560,0,36.55840855783684,192.7955780029297,-49.17184829711914,0.09999999403953552
4734655560,0,36.47506045717272,192.7955780029297,-49.17184829711914,0.09540698677301407
4759655561,0,36.38687382405505,192.7955780029297,-49.17184829711914,0.08469131588935852
4784655561,0,36.29407709754933,192.7955780029297,-49.17184829711914,0.0693112164735794
4809655562,0,36.196870751017556,192.7955780029297,-49.17184829711914,0.05613723769783974
4834655562,0,36.095458546716735,192.7955780029297,-49.17184829711914,0.04550548270344734
4859655562,0,35.99001385164179,192.7955780029297,-49.17184829711914,0.03692970052361488
4884655563,0,35.880687816203725,192.7955780029297,-49.17184829711914,0.030015792697668076
4909655563,0,35.76764703433247,192.7955780029297,-49.17184829711914,0.024444427341222763
4934655563,0,35.651013569292665,192.7955780029297,-49.17184829711914,0.01995697058737278
4959655564,0,35.53095476042814,192.7955780029297,-49.17184829711914,0.01634414680302143
4984655564,0,35.40759266956045,192.7955780029297,-49.17184829711914,0.013436851091682911
5009655565,0,35.281026465237844,192.7955780029297,-49.17184829711914,0.011098288930952549
5034655565,0,35.151377590179784,192.7955780029297,-49.17184829711914,0.009217948652803898
5059655565,0,35.01874600837816,192.7955780029297,-49.17184829711914,0.007706718053668737
5084655566,0,34.88324490151183,192.7955780029297,-49.17184829711914,0.00649261474609375
5109655566,0,34.744959108386766,192.7955780029297,-49.17184829711914,0.0055175782181322575
5134655566,0,34.60397148466885,192.7955780029297,-49.17184829711914,0.004734840244054794
5159655567,0,34.46037450168148,192.7955780029297,-49.17184829711914,0.004106712061911821
5184655567,0,34.31424446851999,192.7955780029297,-49.17184829711914,0.003602867014706135
5209655568,0,34.16564243376358,192.7955780029297,-49.17184829711914,0.003198814345523715
5234655568,0,34.01463707238547,192.7955780029297,-49.17184829711914,0.002874908270314336
5259655568,0,33.8612966927257,192.7955780029297,-49.17184829711914,0.0026153563521802425
5284655569,0,33.705674706099074,192.7955780029297,-49.17184829711914,0.00240745535120368
5309655569,0,33.54781725780414,192.7955780029297,-49.17184829711914,0.0022409819066524506
5334655569,0,33.38776994532131,192.7955780029297,-49.17184829711914,0.0021076963748782873
5359655570,0,33.22557854716716,192.7955780029297,-49.17184829711914,0.0020010375883430243
5384655570,0,33.06129683555734,192.7955780029297,-49.17184829711914,0.0019157028291374445
5409655570,0,32.89493988964909,192.7955780029297,-49.17184829711914,0.0018474578391760588
5434655571,0,32.726576143975166,192.7955780029297,-49.17184829711914,0.001839866628870368
5459655571,0,32.556198957026986,192.7955780029297,-49.17184829711914,0.001820373465307057
5484655572,0,32.38387679972142,192.7955780029297,-49.17184829711914,0.0017976760864257812
5509655572,0,32.20961674919571,192.7955780029297,-49.17184829711914,0.0017739867325872183
5534655572,0,32.0334500590779,192.7955780029297,-49.17184829711914,0.0017505645519122481
5559655573,0,31.855413951758205,192.7955780029297,-49.17184829711914,0.00172843923792243
5584655573,0,31.675516426473376,192.7955780029297,-49.17184829711914,0.0017079925164580345
5609655573,0,31.49378074285647,192.7955780029297,-49.17184829711914,0.0016895293956622481
5634655574,0,31.310236675627262,192.7955780029297,-49.17184829711914,0.0016730880597606301
5659655574,0,31.124915486382204,192.7955780029297,-49.17184829711914,0.001658592140302062
5684655575,0,30.93780955121497,192.7955780029297,-49.17184829711914,0.001645965501666069
5709655575,0,30.748957019591476,192.7955780029297,-49.17184829711914,0.001635055523365736
5734655575,0,30.558365337759078,192.7955780029297,-49.17184829711914,0.001625709468498826
5759655576,0,30.366057208034604,192.7955780029297,-49.17184829711914,0.0016177367651835084
5784655576,0,30.172040451626906,192.7955780029297,-49.17184829711914,0.001610984792932868
5809655576,0,29.97633777001274,192.7955780029297,-49.17184829711914,0.0016052627470344305
5834655577,0,29.778957366305345,192.7955780029297,-49.17184829711914,0.0016004180070012808
5859655577,0,29.579929760652686,192.7955780029297,-49.17184829711914,0.0016004180070012808
5884655578,0,29.379239712817707,192.7955780029297,-49.17184829711914,0.0015981673495844007
5909655578,0,29.176925566391862,192.7955780029297,-49.17184829711914,0.0015962600009515882
5934655578,0,28.974459145364275,192.7955780029297,-49.17184829711914,0.0015942001482471824
5959655579,0,28.772054433331512,192.7955780029297,-49.17184829711914,0.001592178363353014
5984655579,0,28.569733922760875,192.7955780029297,-49.17184829711914,0.0015902328304946423
6009655579,0,28.367481961583845,192.7955780029297,-49.17184829711914,0.0015884399181231856
6034655580,0,28.16530617391813,192.7955780029297,-49.17184829711914,0.0015867996262386441
6059655580,0,27.963206556095443,192.7955780029297,-49.17183303833008,0.0015859984559938312
6084655581,0,27.768370834534284,192.795654296875,-49.16463088989258,0.0015321731334552169
6109655581,0,27.582103097465133,192.79583740234375,-49.148929595947266,0.0014522551791742444
6134655581,0,27.403201784809237,192.7960968017578,-49.12593078613281,0.001370391808450222
6159655582,0,27.23061712556212,192.79641723632812,-49.096683502197266,0.0012986373621970415
6184655582,0,27.06346477493692,192.7968292236328,-49.06207275390625,0.0012413406511768699
6209655582,0,26.901038668839906,192.7972869873047,-49.02281188964844,0.0011993026128038764
6234655583,0,26.742766242945365,192.79779052734375,-48.97946548461914,0.001171379117295146
6259655583,0,26.58817171478678,192.79833984375,-48.932518005371094,0.001155319157987833
6284655584,0,26.43686902325233,192.79891967773438,-48.882347106933594,0.0011487960582599044
6309655584,0,26.288548588548416,192.79954528808594,-48.829261779785156,0.0011495971120893955
6334655584,0,26.142997415876334,192.80018615722656,-48.77349090576172,0.0011558150872588158
6359655585,0,25.999976024971673,192.80087280273438,-48.71524429321289,0.0011657333234325051
6384655585,0,25.859376999641963,192.80157470703125,-48.654666900634766,0.0011781692737713456
6409655585,0,25.721040760507464,192.8023223876953,-48.591888427734375,0.0011919402750208974
6434655586,0,25.584127719222927,192.80308532714844,-48.527015686035156,0.0012063980102539062
6459655586,0,25.44639437983126,192.80386352539062,-48.46012496948242,0.0012208938132971525
6484655587,0,25.307932956459865,192.80465698242188,-48.39127731323242,0.0012350844917818904
6509655587,0,25.16878501462129,192.80548095703125,-48.32053756713867,0.0012486267369240522
6534655587,0,25.029031092269236,192.8063507080078,-48.24793243408203,0.0012614440638571978
6559655588,0,24.888720788685262,192.8072052001953,-48.17351150512695,0.0012733459006994963
6584655588,0,24.74791578303262,192.80810546875,-48.0972900390625,0.0012843322474509478
6609655588,0,24.60645948810329,192.8090057373047,-48.019500732421875,0.0012960052117705345
6634655589,0,24.46376429391689,192.8099365234375,-47.940799713134766,0.0013118743663653731
6659655589,0,24.319002504412015,192.8108673095703,-47.862083435058594,0.0013349914224818349
6684655589,0,24.171197018573416,192.811767578125,-47.784358978271484,0.0013671492924913764
6709655590,0,24.019504886267583,192.8126678466797,-47.708553314208984,0.0014083480928093195
6734655590,0,23.86312086695059,192.81353759765625,-47.63553237915039,0.0014575958484783769
6759655591,0,23.70137703088735,192.81434631347656,-47.566062927246094,0.0015131378313526511
6784655591,0,23.533922697042847,192.8151092529297,-47.50059509277344,0.0015718077775090933
6809655591,0,23.36067755950568,192.8158416748047,-47.43933868408203,0.0016301345312967896
6834655592,0,23.18162906317396,192.81649780273438,-47.382450103759766,0.00168609619140625
6859655592,0,22.996773838569545,192.81710815429688,-47.330047607421875,0.001738700782880187
6884655592,0,22.806207697988718,192.8176727294922,-47.28223419189453,0.0017870330484583974
6909655593,0,22.610010747629676,192.81817626953125,-47.23907470703125,0.0018309783190488815
6934655593,0,22.40828597928863,192.81863403320312,-47.200618743896484,0.0018705748952925205
6959655594,0,22.20115522343015,192.81900024414062,-47.16689682006836,0.001905899029225111
6984655594,0,21.98875198106945,192.8193359375,-47.1379280090332,0.0019371414091438055
7009655594,0,21.771220256915832,192.8196258544922,-47.113704681396484,0.001964416354894638
7034655595,0,21.54815190491766,192.81985473632812,-47.094749450683594,0.0019929122645407915
7059655595,0,21.31691030606398,192.8199920654297,-47.08378982543945,0.002037658588960767
7084655595,0,21.077092094046,192.8200225830078,-47.08135986328125,0.002094802912324667
7109655596,0,20.834881412435895,192.8200225830078,-47.08137512207031,0.0021041107829660177
7134655596,0,20.59287118105973,192.8200225830078,-47.08134841918945,0.002080192556604743
7159655597,0,20.351122617880876,192.8200225830078,-47.081302642822266,0.0020401382353156805
7184655597,0,20.10970385414231,192.8200225830078,-47.08125305175781,0.0019939423073083162
7209655597,0,19.86868854652184,192.8200225830078,-47.08120346069336,0.0019469450926408172
7234655598,0,19.62812675528913,192.8200225830078,-47.08115768432617,0.0019020461477339268
7259655598,0,19.388376763838412,192.8200225830078,-47.080833435058594,0.0018588256789371371
7284655598,0,19.149487648395464,192.8200225830078,-47.08021926879883,0.0018188857939094305
7309655599,0,18.911440319882065,192.8200225830078,-47.07938003540039,0.0017833327874541283
7334655599,0,18.674221507151007,192.8200225830078,-47.07836151123047,0.0017522430280223489
7359655600,0,18.4377890135613,192.8200225830078,-47.07722091674805,0.0017255019629374146
7384655600,0,18.202185308680562,192.8200225830078,-47.07597732543945,0.0017026137793436646
7409655600,0,17.96740507190108,192.8200225830078,-47.07465744018555,0.0016833876725286245
7434655601,0,17.733464575724675,192.8200225830078,-47.07328414916992,0.0016670607728883624
7459655601,0,17.500374759552788,192.8200225830078,-47.071868896484375,0.0016533279558643699
7484655601,0,17.26816691083828,192.8200225830078,-47.0704345703125,0.001641769427806139
7509655602,0,17.03686315228293,192.8200225830078,-47.068973541259766,0.001632003695704043
7534655602,0,16.806444413967128,192.8200225830078,-47.067508697509766,0.0016238403040915728
7559655603,0,16.576903592378976,192.8200225830078,-47.06603240966797,0.0016169357113540173
7584655603,0,16.348227677830796,192.8200225830078,-47.0645637512207,0.0016110992291942239
7609655603,0,16.120406536105733,192.8200225830078,-47.0630989074707,0.0016061782371252775
7634655604,0,15.893447269626074,192.8200225830078,-47.06163787841797,0.0016020584153011441
7659655604,0,15.667292396421496,192.8200225830078,-47.06018829345703,0.0015985870268195868
7684655604,0,15.441907584283408,192.8200225830078,-47.05875015258789,0.001595573383383453
7709655605,0,15.21726639845453,192.8200225830078,-47.05731964111328,0.001593093853443861
7734655605,0,14.993330425708333,192.8200225830078,-47.055908203125,0.0015909957000985742
7759655606,0,14.770114644961465,192.82003784179688,-47.054500579833984,0.0015891647199168801
7784655606,0,14.547571906409798,192.82003784179688,-47.05311965942383,0.0015876388642936945
7809655606,0,14.325695930431452,192.82003784179688,-47.0517463684082,0.0015863417647778988
7834655607,0,14.10446680693758,192.82003784179688,-47.050384521484375,0.0015852355863898993
7859655607,0,13.88385594977898,192.82003784179688,-47.049041748046875,0.001584281912073493
7884655607,0,13.663849968405476,192.82003784179688,-47.04771423339844,0.00158348074182868
7909655608,0,13.444444750036563,192.82003784179688,-47.04640197753906,0.0015827941242605448
7934655608,0,13.225643806795766,192.82003784179688,-47.04510498046875,0.0015822219429537654
7959655608,0,13.007488225447991,192.82003784179688,-47.04381561279297,0.0015816879458725452
7984655609,0,12.79000962589398,192.82003784179688,-47.04255294799805,0.0015812300844118
8009655609,0,12.573290358888688,192.82003784179688,-47.041297912597656,0.0015808487078174949
8034655610,0,12.357382687003227,192.82003784179688,-47.040061950683594,0.0015805434668436646
8059655610,0,12.142401882148492,192.82003784179688,-47.03883743286133,0.0015802383422851562
8084655610,0,11.927801095074829,192.8200225830078,-47.03822326660156,0.0015856551472097635
8109655611,0,11.713640121001768,192.8200225830078,-47.038230895996094,0.001590309082530439
8134655611,0,11.500606070040558,192.8200225830078,-47.038230895996094,0.0015919875586405396
8159655611,0,11.288791067711118,192.8200225830078,-47.038230895996094,0.0015919875586405396
8184655612,0,11.078534594519743,192.8200225830078,-47.038230895996094,0.0015919875586405396
8209655612,0,10.870218672309841,192.8200225830078,-47.038230895996094,0.0015900802100077271
8234655613,0,10.664255830384535,192.8200225830078,-47.03822708129883,0.0015887069748714566
8259655613,0,10.461034560900032,192.8200225830078,-47.03822708129883,0.0015873718075454235
8284655613,0,10.260978259396975,192.8200225830078,-47.03822708129883,0.0015860748244449496
8309655614,0,10.064497686677587,192.8200225830078,-47.03822326660156,0.0015848922776058316
8334655614,0,9.87205495328797,192.8200225830078,-47.03822326660156,0.0015838241670280695
8359655614,0,9.684050240479012,192.8200225830078,-47.03822326660156,0.0015838241670280695
8384655615,0,9.500460053619012,192.8200225830078,-47.03822326660156,0.0015821075066924095
8409655615,0,9.321293539722406,192.8200225830078,-47.03821563720703,0.001581382704898715
8434655616,0,9.146519919074644,192.8200225830078,-47.03821563720703,0.001581382704898715
8459655616,0,8.976156378448467,192.8200225830078,-47.03821563720703,0.001580200158059597
8484655616,0,8.810202703910806,192.8200225830078,-47.03821563720703,0.001580200158059597
8509655617,0,8.648641417149463,192.8200225830078,-47.03821563720703,0.001580200158059597
8534655617,0,8.491494538117207,192.8200225830078,-47.03821563720703,0.001580200158059597
8559655617,0,8.33874116990304,192.8200225830078,-47.03821563720703,0.001580200158059597
8584655618,0,8.190399128522612,192.8200225830078,-47.03821563720703,0.001580200158059597
8609655618,0,8.046447355361721,192.8200225830078,-47.03821563720703,0.001580200158059597
8634655619,0,7.906895202084943,192.8200225830078,-47.03821563720703,0.001580200158059597
8659655619,0,7.771735611418463,192.8200225830078,-47.03821563720703,0.001580200158059597
8684655619,0,7.640969174668283,192.8200225830078,-47.03821563720703,0.001580200158059597
8709655620,0,7.514596068601481,192.8200225830078,-47.03821563720703,0.001580200158059597
8734655620,0,7.392613825530944,192.8200225830078,-47.03821563720703,0.001580200158059597
8759655620,0,7.275015396247982,192.8200225830078,-47.03821563720703,0.001580200158059597
8784655621,0,7.161812113726871,192.8200225830078,-47.03821563720703,0.001580200158059597
8809655621,0,7.0529978158128115,192.8200225830078,-47.03821563720703,0.001580200158059597
8834655622,0,6.948509499079987,192.8200225830078,-47.03821563720703,0.001580200158059597
8859655622,0,6.848046153158651,192.8200225830078,-47.03821563720703,0.001580200158059597
8884655622,0,6.751622365699363,192.8200225830078,-47.03821563720703,0.001580200158059597
8909655623,0,6.659285822722011,192.8200225830078,-47.03821563720703,0.001580200158059597
8934655623,0,6.571086987967512,192.8200225830078,-47.03821563720703,0.001580200158059597
8959655623,0,6.487050062897364,192.8200225830078,-47.03821563720703,0.001580200158059597
8984655624,0,6.40719685901764,192.8200225830078,-47.03821563720703,0.001580200158059597
9009655624,0,6.331525073310295,192.8200225830078,-47.03821563720703,0.001580200158059597
9034655625,0,6.260049119777231,192.8200225830078,-47.03821563720703,0.001580200158059597
9059655625,0,6.1927414256289515,192.8200225830078,-47.03821563720703,0.001580200158059597
9084655625,0,6.129601481667699,192.8200225830078,-47.03821563720703,0.001580200158059597
9109655626,0,6.0706130983590665,192.8200225830078,-47.03821563720703,0.001580200158059597
9134655626,0,6.015756165036277,192.8200225830078,-47.03821563720703,0.001580200158059597
9159655626,0,5.9649988738179065,192.8200225830078,-47.03821563720703,0.001580200158059597
9184655627,0,5.918306404336988,192.8200225830078,-47.03821563720703,0.001580200158059597
9209655627,0,5.875635022505719,192.8200225830078,-47.03821563720703,0.001580200158059597
9234655627,0,5.83695410615232,192.8200225830078,-47.03821563720703,0.001580200158059597
9259655628,0,5.802200025810344,192.8200225830078,-47.03821563720703,0.001580200158059597
9284655628,0,5.771338394273736,192.8200225830078,-47.03821563720703,0.001580200158059597
9309655629,0,5.744858608317723,192.8200225830078,-47.03821563720703,0.001580200158059597
9334655629,0,5.725498226831708,192.8200225830078,-47.03821563720703,0.001580200158059597
9359655629,0,5.713361310491063,192.8200225830078,-47.03821563720703,0.001580200158059597
9384655630,0,5.707344751121956,192.8200225830078,-47.03821563720703,0.001580200158059597
9409655630,0,5.7073413735337635,192.8200225830078,-47.03821563720703,0.001580200158059597
9434655630,0,5.7072991319662645,192.8200225830078,-47.03821563720703,0.001580200158059597
9459655631,0,5.707229832559464,192.8200225830078,-47.03821563720703,0.001580200158059597
9484655631,0,5.707133662112586,192.8200225830078,-47.03821563720703,0.001580200158059597
9509655632,0,5.707029803219332,192.8200225830078,-47.03821563720703,0.001580200158059597
9534655632,0,5.706922578702869,192.8200225830078,-47.03821563720703,0.001580200158059597
9559655632,0,5.706822591154304,192.8200225830078,-47.03821563720703,0.001580200158059597
9584655633,0,5.706734112629802,192.8200225830078,-47.03821563720703,0.001580200158059597
9609655633,0,5.706657152385318,192.8200225830078,-47.03821563720703,0.001580200158059597
9634655633,0,5.706587898081684,192.8200225830078,-47.03821563720703,0.001580200158059597
9659655634,0,5.706522532634322,192.8200225830078,-47.03821563720703,0.001580200158059597
9684655634,0,5.706464864728613,192.8200225830078,-47.03821563720703,0.001580200158059597
9709655635,0,5.70641488626386,192.8200225830078,-47.03821563720703,0.001580200158059597
9734655635,0,5.706376403165993,192.8200225830078,-47.03821563720703,0.001580200158059597
9759655635,0,5.706341784463597,192.8200225830078,-47.03821563720703,0.001580200158059597
9784655636,0,5.70631483472298,192.8200225830078,-47.03821563720703,0.001580200158059597
9809655636,0,5.706291735765938,192.8200225830078,-47.03821563720703,0.001580200158059597
9834655636,0,5.70627248292994,192.8200225830078,-47.03821563720703,0.001580200158059597
9859655637,0,5.70624563171422,192.8200225830078,-47.03821563720703,0.001580200158059597
9884655637,0,5.706226430678891,192.8200225830078,-47.03821563720703,0.001580200158059597
9909655638,0,5.7062110630259655,192.8200225830078,-47.03821563720703,0.001580200158059597
9934655638,0,5.706207232307357,192.8200225830078,-47.03821563720703,0.001580200158059597
9959655638,0,5.706203372557056,192.8200225830078,-47.03821563720703,0.001580200158059597
9984655639,0,5.706191878723866,192.8200225830078,-47.03821563720703,0.001580200158059597
10009655639,0,5.706188008901184,192.8200225830078,-47.03821563720703,0.001580200158059597
10034655639,0,5.7061803277283145,192.8200225830078,-47.03821563720703,0.001580200158059597
10059655640,0,5.706172650033928,192.8200225830078,-47.03821563720703,0.001580200158059597
10084655640,0,5.7061649768429,192.8200225830078,-47.03821563720703,0.001580200158059597
10109655641,0,5.706157308403402,192.8200225830078,-47.03821563720703,0.001580200158059597
10134655641,0,5.706153458178446,192.8200225830078,-47.03821563720703,0.001580200158059597
10159655641,0,5.706375782429257,192.8200225830078,-47.03799057006836,0.0013678359100595117
10184655642,0,5.706521354574031,192.8200225830078,-47.037841796875,0.0012437057448551059
10209655642,0,5.70667040410556,192.8200225830078,-47.03768539428711,0.0011796187609434128
10234655642,0,5.706876424235459,192.8200225830078,-47.037479400634766,0.0011557388352230191
10259655643,0,5.707189064644894,192.8200225830078,-47.03716278076172,0.0011579894926398993
10284655643,0,5.707680831683525,192.8200225830078,-47.03667068481445,0.0011760329362004995
10309655643,0,5.708481410938933,192.8200225830078,-47.03586959838867,0.0012026977492496371
10334655644,0,5.710029783380888,192.82003784179688,-47.03431701660156,0.0012307357974350452
10359655644,0,5.712882694639018,192.820068359375,-47.031463623046875,0.0012552260886877775
10384655645,0,5.717471018100481,192.8201141357422,-47.02687454223633,0.0012737655779346824
10409655645,0,5.723444375047423,192.8201904296875,-47.02090072631836,0.0012912368401885033
10434655645,0,5.730593891005722,192.82032775878906,-47.01375198364258,0.001309623708948493
10459655646,0,5.738631853605833,192.82046508789062,-47.005706787109375,0.0013293075608089566
10484655646,0,5.747821386038276,192.8206024169922,-46.996517181396484,0.0013468170072883368
10509655646,0,5.758070960966349,192.82073974609375,-46.98626708984375,0.0013622664846479893
10534655647,0,5.769583133555673,192.82089233398438,-46.974754333496094,0.0013748168712481856
10559655647,0,5.7824565952228,192.821044921875,-46.96187973022461,0.0013842773623764515
10584655648,0,5.797009161580819,192.8212432861328,-46.94732666015625,0.0013894271105527878
10609655648,0,5.813335273263811,192.8214569091797,-46.930999755859375,0.0013914870796725154
10634655648,0,5.832448833263037,192.82167053222656,-46.91188430786133,0.0013845824869349599
10659655649,0,5.854179081820168,192.82191467285156,-46.89015197753906,0.0013759612338617444
10684655649,0,5.877799784017124,192.82212829589844,-46.86652755737305,0.0013697814429178834
10709655649,0,5.903733003848516,192.82240295410156,-46.84059143066406,0.0013636398361995816
10734655650,0,5.931683832199091,192.82269287109375,-46.81263732910156,0.0013591384049504995
10759655650,0,5.9616141497004165,192.822998046875,-46.7827033996582,0.0013560104416683316
10784655651,0,5.993471009518223,192.82333374023438,-46.7508430480957,0.0013539886567741632
10809655651,0,6.027212045854713,192.8236846923828,-46.71709442138672,0.0013529967982321978
10834655651,0,6.0628182150797665,192.8240509033203,-46.68148422241211,0.001352500868961215
10859655652,0,6.100282316393768,192.82444763183594,-46.64401626586914,0.001352767925709486
10884655652,0,6.139573435443709,192.82485961914062,-46.60472106933594,0.0013530730502679944
10909655652,0,6.180664887600528,192.82528686523438,-46.56362533569336,0.0013539886567741632
10934655653,0,6.223499071870869,192.82571411132812,-46.52078628540039,0.0013551712036132812
10959655653,0,6.2680429245825975,192.82618713378906,-46.47623825073242,0.0013566970592364669
10984655654,0,6.314253263327843,192.82666015625,-46.430023193359375,0.001358795096166432
11009655654,0,6.362111858371525,192.82716369628906,-46.38216018676758,0.001361045753583312
11034655654,0,6.411591205674389,192.82766723632812,-46.33267593383789,0.0013633345952257514
11059655655,0,6.462688317275918,192.8282012939453,-46.28157424926758,0.0013658523093909025
11084655655,0,6.5153722890770664,192.82875061035156,-46.228885650634766,0.0013679885305464268
11109655655,0,6.56963550026999,192.82931518554688,-46.174617767333984,0.0013702773721888661
11134655656,0,6.62548177385397,192.82989501953125,-46.11876678466797,0.0013724517775699496
11159655656,0,6.68288823755781,192.8304901123047,-46.06135559082031,0.0013745879987254739
11184655657,0,6.741843855667584,192.83111572265625,-46.00239562988281,0.0013764571631327271
11209655657,0,6.8023516546727825,192.8317413330078,-45.9418830871582,0.0013783645117655396
11234655657,0,6.864396787423499,192.83238220214844,-45.87983322143555,0.0013800048036500812
11259655658,0,6.927986887491442,192.83303833007812,-45.81623840332031,0.0013814544072374701
11284655658,0,6.993106707467185,192.83370971679688,-45.75111389160156,0.0013828658265993
11309655658,0,7.05974901224627,192.83441162109375,-45.68446731567383,0.0013841629261150956
11334655659,0,7.12792066343491,192.83511352539062,-45.61629104614258,0.0013853454729542136
11359655659,0,7.197602986875825,192.83583068847656,-45.54660415649414,0.0013864135835319757
11384655660,0,7.268788739194451,192.83657836914062,-45.47541427612305,0.0013874816941097379
11409655660,0,7.341496235146136,192.8373260498047,-45.40270233154297,0.0013884734362363815
11434655660,0,7.4156995400365915,192.83810424804688,-45.328495025634766,0.0013893890427425504
11459655661,0,7.491401722677142,192.83888244628906,-45.25278854370117,0.0013901900965720415
11484655661,0,7.568599350208947,192.8396759033203,-45.17558670043945,0.0013909530825912952
11509655661,0,7.647285167235667,192.8404998779297,-45.09689712524414,0.0013917541364207864
11534655662,0,7.72745462851869,192.84132385253906,-45.0167236328125,0.0013924025697633624
11559655662,0,7.80911228371902,192.84217834472656,-44.935062408447266,0.0013930511195212603
11584655662,0,7.892424863299883,192.843017578125,-44.8519287109375,0.0013936996692791581
11609655663,0,7.97663448360307,192.84390258789062,-44.76731872558594,0.0013943862868472934
11634655663,0,8.062278564174084,192.8448028564453,-44.68124008178711,0.0013949584681540728
11659655664,0,8.149318967141362,192.845703125,-44.59370040893555,0.001395492465235293
11684655664,0,8.237705760144195,192.8466339111328,-44.50469207763672,0.0013959883945062757
11709655664,0,8.327375163554288,192.8475799560547,-44.41422653198242,0.0013965987600386143
11734655665,0,8.418192290240711,192.84852600097656,-44.32230758666992,0.0013970565050840378
11759655665,0,8.509520917878609,192.84950256347656,-44.228939056396484,0.0013975524343550205
11784655665,0,8.600534467106899,192.85047912597656,-44.13412857055664,0.0013980865478515625
11809655666,0,8.691197318047791,192.8514862060547,-44.037899017333984,0.0013987731654196978
11834655666,0,8.781642625293975,192.8524932861328,-43.94028854370117,0.0013996505877003074
11859655667,0,8.872375873054875,192.853515625,-43.84132385253906,0.001400909386575222
11884655667,0,8.963334312234597,192.8545684814453,-43.74105453491211,0.0014025878626853228
11909655667,0,9.053989931495765,192.85562133789062,-43.63954544067383,0.001404724083840847
11934655668,0,9.14274502020786,192.85667419433594,-43.53683853149414,0.0014072799822315574
11959655668,0,9.229255219285438,192.85777282714844,-43.432987213134766,0.0014102935092523694
11984655668,0,9.313773439304015,192.85885620117188,-43.328060150146484,0.0014138793339952826
12009655669,0,9.396510448777903,192.85995483398438,-43.22211456298828,0.0014178466517478228
12034655669,0,9.477343211485108,192.86106872558594,-43.115196228027344,0.0014221190940588713
12059655670,0,9.55602544105507,192.86219787597656,-43.007362365722656,0.0014267730293795466
12084655670,0,9.632533273581583,192.86334228515625,-42.89867401123047,0.0014316558372229338
12109655670,0,9.706996060961487,192.86447143554688,-42.78917694091797,0.0014367675175890326
12134655671,0,9.779520911889257,192.8656005859375,-42.678924560546875,0.0014421080704778433
12159655671,0,9.85018886274608,192.8667755126953,-42.56796646118164,0.0014475249918177724
12184655671,0,9.919047889010745,192.86795043945312,-42.45634841918945,0.0014529419131577015
12209655672,0,9.986136759280509,192.86911010742188,-42.3441047668457,0.0014583205338567495
12234655672,0,10.05146690543357,192.8702850341797,-42.23128890991211,0.0014637374551966786
12259655673,0,10.115061829217458,192.8714599609375,-42.11792755126953,0.0014690780080854893
12284655673,0,10.176901511764939,192.8726348876953,-42.00407028198242,0.0014743804931640625
12309655673,0,10.236986261574254,192.8738250732422,-41.88975143432617,0.0014795303577557206
12334655674,0,10.29532751442257,192.87503051757812,-41.774986267089844,0.0014845276018604636
12359655674,0,10.351902998976618,192.87625122070312,-41.659812927246094,0.0014894104097038507
12384655674,0,10.406687979864188,192.87745666503906,-41.544273376464844,0.0014940643450245261
12409655675,0,10.459683383686695,192.878662109375,-41.42837905883789,0.001498641911894083
12434655675,0,10.510859918060767,192.8798828125,-41.31216812133789,0.00150299072265625
12459655676,0,10.560220776760417,192.88108825683594,-41.19564437866211,0.0015072631649672985
12484655676,0,10.607735140450528,192.88229370117188,-41.07884216308594,0.001511268550530076
12509655676,0,10.65338835359852,192.88351440429688,-40.9617805480957,0.0015150451799854636
12534655677,0,10.69717980694291,192.8847198486328,-40.84447479248047,0.0015187072567641735
12559655677,0,10.73907577289415,192.8859405517578,-40.72694778442383,0.0015221022767946124
12584655677,0,10.77908327388977,192.88714599609375,-40.60920715332031,0.0015254211612045765
12609655678,0,10.817177099736739,192.88839721679688,-40.49127960205078,0.0015285491244867444
12634655678,0,10.853341090812554,192.8896484375,-40.3731689453125,0.0015314101474359632
12659655679,0,10.887574054696657,192.890869140625,-40.25489044189453,0.0015341186663135886
12684655679,0,10.919858995208521,192.89212036132812,-40.13645935058594,0.0015367126325145364
12709655679,0,10.950178579835997,192.89337158203125,-40.01788330078125,0.0015391159104183316
12734655680,0,10.978538686792687,192.89462280273438,-39.899169921875,0.0015413665678352118
12759655680,0,11.00525060368805,192.8958740234375,-39.78033447265625,0.0015435409732162952
12784655680,0,11.031904829792804,192.89712524414062,-39.66138458251953,0.0015454863896593451
12809655681,0,11.058718727582562,192.89837646484375,-39.542327880859375,0.0015473937382921576
12834655681,0,11.085670554558925,192.89962768554688,-39.42317199707031,0.0015491485828533769
12859655681,0,11.112747680430118,192.90087890625,-39.30392074584961,0.0015507888747379184
12884655682,0,11.139935713130901,192.90213012695312,-39.18458557128906,0.001552314730361104
12909655682,0,11.167242854864167,192.90338134765625,-39.06516647338867,0.001553764333948493
12934655683,0,11.194641819755795,192.9046173095703,-38.9456787109375,0.0015550613170489669
12959655683,0,11.222144046014337,192.90586853027344,-38.82611846923828,0.0015563201159238815
12984655683,0,11.249734856748152,192.90711975097656,-38.70648956298828,0.0015574645949527621
13009655684,0,11.277413092923238,192.9083709716797,-38.58680725097656,0.0015585707733407617
13034655684,0,11.305179910924197,192.9096221923828,-38.467063903808594,0.0015595626318827271
13059655684,0,11.333026529028324,192.91087341308594,-38.347267150878906,0.0015604781219735742
13084655685,0,11.36094999859794,192.91212463378906,-38.227420806884766,0.0015613173600286245
13109655685,0,11.388942403883544,192.9133758544922,-38.1075325012207,0.0015621185302734375
13134655686,0,11.417007559065235,192.9146270751953,-37.98760223388672,0.0015629958361387253
13159655686,0,11.445153666343844,192.91587829589844,-37.86763000488281,0.0015636443858966231
13184655686,0,11.473357267129256,192.91712951660156,-37.74761962890625,0.0015642547514289618
13209655687,0,11.501626562275504,192.9183807373047,-37.6275749206543,0.0015648269327357411
13234655687,0,11.529964792717092,192.9196319580078,-37.50749588012695,0.0015654372982680798
13259655687,0,11.558359945240703,192.9208526611328,-37.38739013671875,0.0015660094795748591
13284655688,0,11.585222916565131,192.92210388183594,-37.267250061035156,0.0015665435930714011
13309655688,0,11.60948406911778,192.92335510253906,-37.1470832824707,0.0015670013381168246
13334655689,0,11.631277230398975,192.9246063232422,-37.026893615722656,0.0015673446469008923
13359655689,0,11.6506983538155,192.9258575439453,-36.90667724609375,0.0015676497714594007
13384655689,0,11.667834320398457,192.92710876464844,-36.786441802978516,0.0015681457007303834
13409655690,0,11.68276552220161,192.92835998535156,-36.66618347167969,0.0015684127574786544
13434655690,0,11.6955497453112,192.9296112060547,-36.54590606689453,0.0015687178820371628
13459655690,0,11.706244202488786,192.9308624267578,-36.42560577392578,0.0015690611908212304
13484655691,0,11.714874733048154,192.93209838867188,-36.30529022216797,0.0015693664317950606
13509655691,0,11.721498545812603,192.933349609375,-36.18495559692383,0.0015695571200922132
13534655692,0,11.726147300964378,192.93463134765625,-36.06460189819336,0.0015697097405791283
13559655692,0,11.728832154466673,192.9359130859375,-35.944236755371094,0.0015699004288762808
13584655692,0,11.729582755378612,192.9372100830078,-35.82386016845703,0.001570053049363196
13609655693,0,11.728424933077031,192.93849182128906,-35.70346450805664,0.0015702438540756702
13634655693,0,11.725370992321432,192.9397735595703,-35.58305358886719,0.001570472726598382
13659655693,0,11.720435029629654,192.94107055664062,-35.46263122558594,0.0015706252306699753
13684655694,0,11.71362095331935,192.94235229492188,-35.34219741821289,0.0015707778511568904
13709655694,0,11.704955368100471,192.9436492919922,-35.22174835205078,0.0015708922874182463
13734655695,0,11.694435713128145,192.94491577148438,-35.10129165649414,0.001571121159940958
13759655695,0,11.682070844516954,192.9462127685547,-34.9808235168457,0.0015711975283920765
13784655695,0,11.667874321020708,192.94749450683594,-34.86034393310547,0.0015713119646534324
13809655696,0,11.651842357423753,192.94879150390625,-34.73985290527344,0.001571388216689229
13834655696,0,11.63398964456381,192.9500732421875,-34.61935043334961,0.0015714644687250257
13859655696,0,11.614319133452668,192.9513702392578,-34.49884033203125,0.0015715408371761441
13884655697,0,11.592821744273254,192.95265197753906,-34.37832260131836,0.0015715789049863815
13909655697,0,11.56952182445971,192.9539337158203,-34.25779342651367,0.0015716933412477374
13934655698,0,11.544405579104927,192.95523071289062,-34.13726043701172,0.0015716933412477374
13959655698,0,11.51749062731814,192.95651245117188,-34.01671600341797,0.0015716933412477374
13984655698,0,11.488789868186677,192.9578094482422,-33.89616012573242,0.0015718459617346525
14009655699,0,11.45829070185366,192.95909118652344,-33.77560043334961,0.0015719603979960084
14034655699,0,11.426006601841953,192.96038818359375,-33.655029296875,0.0015720748342573643
14059655699,0,11.391944326248158,192.961669921875,-33.53445053100586,0.0015720748342573643
14084655700,0,11.356104164918856,192.9629669189453,-33.41386795043945,0.001572036650031805
14109655700,0,11.318490577348461,192.9642333984375,-33.29327392578125,0.0015720748342573643
14134655700,0,11.279111418183978,192.9655303955078,-33.17267608642578,0.0015721130184829235
14159655701,0,11.23797259015597,192.96681213378906,-33.05207061767578,0.0015720748342573643
14184655701,0,11.195080771464934,192.9680938720703,-32.93145751953125,0.0015721512027084827
14209655702,0,11.150429465898709,192.96939086914062,-32.81084060668945,0.0015721130184829235
14234655702,0,11.104048889333775,192.97067260742188,-32.69021224975586,0.0015721892705187201
14259655702,0,11.055931411041987,192.9719696044922,-32.569576263427734,0.0015723418910056353
14284655703,0,11.006074461653574,192.97325134277344,-32.44894027709961,0.0015723418910056353
14309655703,0,10.954482427885283,192.97454833984375,-32.32829284667969,0.0015723418910056353
14334655703,0,10.90117790931943,192.975830078125,-32.2076416015625,0.0015723418910056353
14359655704,0,10.846169110612623,192.9771270751953,-32.08698272705078,0.0015723418910056353
14384655704,0,10.789518969547927,192.97840881347656,-31.9663143157959,0.0015723418910056353
14409655705,0,10.731281176997859,192.97970581054688,-31.845643997192383,0.0015723800752311945
14434655705,0,10.671556238166838,192.98098754882812,-31.724966049194336,0.0015724563272669911
14459655705,0,10.610444655684049,192.9822540283203,-31.604278564453125,0.001572418143041432
14484655706,0,10.548095590092743,192.98355102539062,-31.48358726501465,0.0015723800752311945
14509655706,0,10.484656355660576,192.98483276367188,-31.362892150878906,0.0015724945114925504
14534655706,0,10.42026924896409,192.9861297607422,-31.242189407348633,0.0015724563272669911
14559655707,0,10.35507394395126,192.98741149902344,-31.121479034423828,0.001572418143041432
14584655707,0,10.289254264085859,192.98870849609375,-31.000762939453125,0.0015723800752311945
14609655708,0,10.223340257423397,192.989990234375,-30.880043029785156,0.0015723800752311945
14634655708,0,10.158000888424704,192.9912872314453,-30.759315490722656,0.0015724563272669911
14659655708,0,10.093876945782434,192.99256896972656,-30.63858413696289,0.001572418143041432
14684655709,0,10.031568352713656,192.99386596679688,-30.517841339111328,0.0015726089477539062
14709655709,0,9.97164587812022,192.99514770507812,-30.397096633911133,0.0015726089477539062
14734655709,0,9.914658098369433,192.99644470214844,-30.27634620666504,0.0015725325793027878
14759655710,0,9.860932963312353,192.99771118164062,-30.155590057373047,0.0015724945114925504
14784655710,0,9.810110649972737,192.99899291992188,-30.034828186035156,0.0015726089477539062
14809655711,0,9.761671102528597,193.0002899169922,-29.914058685302734,0.0015726089477539062
14834655711,0,9.715026935948789,193.00157165527344,-29.793285369873047,0.0015725325793027878
14859655711,0,9.669641656551253,193.00286865234375,-29.67250633239746,0.0015726089477539062
14884655712,0,9.625478427880429,193.004150390625,-29.551719665527344,0.001572570763528347
14909655712,0,9.582875152546528,193.0054473876953,-29.43092918395996,0.0015725325793027878
14934655712,0,9.542058440087038,193.00672912597656,-29.31013298034668,0.0015726089477539062
14959655713,0,9.503396005338807,193.00802612304688,-29.1893310546875,0.001572570763528347
14984655713,0,9.4675419616936,193.00930786132812,-29.06852149963379,0.0015725325793027878
15009655714,0,9.435137653276989,193.0106201171875,-28.947710037231445,0.001572570763528347
15034655714,0,9.406856199087311,193.01193237304688,-28.826889038085938,0.001572570763528347
15059655714,0,9.382986538834608,193.0132598876953,-28.706064224243164,0.0015726089477539062
15084655715,0,9.363523551724715,193.01458740234375,-28.585233688354492,0.0015724945114925504
15109655715,0,9.34846471354261,193.0159149169922,-28.46439552307129,0.0015724563272669911
15134655715,0,9.33780197561027,193.01724243164062,-28.34355354309082,0.0015724945114925504
15159655716,0,9.33153181808661,193.01856994628906,-28.222707748413086,0.001572570763528347
15184655716,0,9.329644625904727,193.0198974609375,-28.10185432434082,0.0015726089477539062
15209655717,0,9.332143173294323,193.02122497558594,-27.980995178222656,0.0015726470155641437
15234655717,0,9.33868112377039,193.02255249023438,-27.860130310058594,0.001572570763528347
15259655717,0,9.348191142485971,193.0238800048828,-27.739261627197266,0.0015726470155641437
15284655718,0,9.359570323034493,193.0251922607422,-27.618385314941406,0.001572570763528347
15309655718,0,9.371697023770555,193.02651977539062,-27.49750518798828,0.0015724945114925504
15334655718,0,9.383900890988283,193.02784729003906,-27.376617431640625,0.0015724563272669911
15359655719,0,9.396130170834281,193.0291748046875,-27.255727767944336,0.001572570763528347
15384655719,0,9.408402769921512,193.03050231933594,-27.134828567504883,0.0015724945114925504
15409655719,0,9.420721792713753,193.03182983398438,-27.013925552368164,0.001572570763528347
15434655720,0,9.433522514484288,193.0331573486328,-26.893016815185547,0.001572570763528347
15459655720,0,9.44861458271027,193.03448486328125,-26.77210235595703,0.001572570763528347
15484655721,0,9.465809129315588,193.0358123779297,-26.651180267333984,0.0015725325793027878
15509655721,0,9.484696095370705,193.03713989257812,-26.530256271362305,0.0015725325793027878
15534655721,0,9.504872779737964,193.0384521484375,-26.409324645996094,0.0015725325793027878
15559655722,0,9.525949682164265,193.03977966308594,-26.288387298583984,0.0015726089477539062
15584655722,0,9.547554631093435,193.04110717773438,-26.16744613647461,0.001572570763528347
15609655722,0,9.56930638569419,193.0424346923828,-26.046499252319336,0.0015725325793027878
15634655723,0,9.590898212655718,193.04376220703125,-25.92554473876953,0.0015726089477539062
15659655723,0,9.612035111693164,193.0450897216797,-25.804584503173828,0.001572570763528347
15684655724,0,9.632476112723838,193.04641723632812,-25.68362045288086,0.001572570763528347
15709655724,0,9.652022149167175,193.04774475097656,-25.562650680541992,0.0015726089477539062
15734655724,0,9.67051113485367,193.049072265625,-25.44167709350586,0.001572570763528347
15759655725,0,9.687801384531557,193.05039978027344,-25.320695877075195,0.0015725325793027878
15784655725,0,9.703781825448711,193.0517120361328,-25.199708938598633,0.0015726470155641437
15809655725,0,9.718355489272927,193.05303955078125,-25.078718185424805,0.0015725325793027878
15834655726,0,9.731441993028444,193.0543670654297,-24.957719802856445,0.0015725325793027878
15859655726,0,9.742982218872534,193.05569458007812,-24.836715698242188,0.0015724945114925504
15884655727,0,9.752908278099428,193.05702209472656,-24.715707778930664,0.0015725325793027878
15909655727,0,9.761188608366965,193.058349609375,-24.594694137573242,0.0015726470155641437
15934655727,0,9.767774679641938,193.05967712402344,-24.47367286682129,0.0015726089477539062
15959655728,0,9.772640362580399,193.06100463867188,-24.35264778137207,0.001572570763528347
15984655728,0,9.775754858652045,193.0623321533203,-24.231618881225586,0.0015726470155641437
16009655728,0,9.777106442401866,193.0636444091797,-24.11058235168457,0.001572570763528347
16034655729,0,9.776670889204546,193.06497192382812,-23.989540100097656,0.0015725325793027878
16059655729,0,9.774431886412948,193.06629943847656,-23.868494033813477,0.0015726089477539062
16084655730,0,9.770381520699063,193.067626953125,-23.747440338134766,0.0015725325793027878
16109655730,0,9.764507738318057,193.06895446777344,-23.62638282775879,0.001572570763528347
16134655730,0,9.756808910275376,193.07028198242188,-23.505319595336914,0.001572570763528347
16159655731,0,9.747278779305764,193.0716094970703,-23.38425064086914,0.001572570763528347
16184655731,0,9.73591997738546,193.07298278808594,-23.26317596435547,0.0015725325793027878
16209655731,0,9.722728663163505,193.07435607910156,-23.142093658447266,0.0015726089477539062
16234655732,0,9.707696678490485,193.07569885253906,-23.021007537841797,0.001572570763528347
16259655732,0,9.690832738402577,193.0770721435547,-22.89991569519043,0.0015726089477539062
16284655733,0,9.672134116055966,193.07843017578125,-22.778820037841797,0.001572570763528347
16309655733,0,9.651603879840703,193.07980346679688,-22.657718658447266,0.0015725325793027878
16334655733,0,9.629261128454708,193.08116149902344,-22.536611557006836,0.0015726470155641437
16359655734,0,9.605166408371288,193.08253479003906,-22.415496826171875,0.0015725325793027878
16384655734,0,9.579493002768114,193.0839080810547,-22.29438018798828,0.0015726089477539062
16409655734,0,9.55269374714047,193.08526611328125,-22.173254013061523,0.0015725325793027878
16434655735,0,9.525390911720049,193.0866241455078,-22.0521240234375,0.0015725325793027878
16459655735,0,9.498283578837182,193.08798217773438,-21.930988311767578,0.0015726470155641437
16484655736,0,9.472033213896012,193.08935546875,-21.80984878540039,0.0015724945114925504
16509655736,0,9.447239454985834,193.09071350097656,-21.688703536987305,0.0015725325793027878
16534655736,0,9.42446375809357,193.0920867919922,-21.567550659179688,0.0015724945114925504
16559655737,0,9.404137339177234,193.0934600830078,-21.446393966674805,0.0015725325793027878
16584655737,0,9.386486553395542,193.09481811523438,-21.325231552124023,0.001572570763528347
16609655737,0,9.371373771106313,193.09619140625,-21.20406150817871,0.0015725325793027878
16634655738,0,9.358469614990089,193.09754943847656,-21.082887649536133,0.0015724945114925504
16659655738,0,9.347333274394074,193.09890747070312,-20.961708068847656,0.0015725325793027878
16684655738,0,9.337496318102815,193.1002655029297,-20.840524673461914,0.0015725325793027878
16709655739,0,9.328802706050768,193.1016387939453,-20.71933364868164,0.001572570763528347
16734655739,0,9.321063296415955,193.10299682617188,-20.5981388092041,0.0015725325793027878
16759655740,0,9.314095777688655,193.1043701171875,-20.476938247680664,0.0015726089477539062
16784655740,0,9.307769169532314,193.10574340820312,-20.355730056762695,0.0015726089477539062
16809655740,0,9.301935241983282,193.1071014404297,-20.23451805114746,0.0015725325793027878
16834655741,0,9.296472040642419,193.1084747314453,-20.11330223083496,0.0015726470155641437
16859655741,0,9.291284998667807,193.1098175048828,-19.99207878112793,0.001572570763528347
16884655741,0,9.286279547227059,193.11119079589844,-19.870849609375,0.001572570763528347
16909655742,0,9.281455534215787,193.112548828125,-19.749616622924805,0.001572570763528347
16934655742,0,9.276809066105836,193.11392211914062,-19.62837791442871,0.001572570763528347
16959655743,0,9.27233287013912,193.11529541015625,-19.50713348388672,0.0015725325793027878
16984655743,0,9.268050100269019,193.1166534423828,-19.385883331298828,0.0015726470155641437
17009655743,0,9.264019359770165,193.11802673339844,-19.26462745666504,0.0015726470155641437
17034655744,0,9.260347976089756,193.119384765625,-19.14336585998535,0.001572570763528347
17059655744,0,9.257119895155693,193.12075805664062,-19.0221004486084,0.0015726089477539062
17084655744,0,9.254443596423188,193.12210083007812,-18.900829315185547,0.001572570763528347
17109655745,0,9.252449458657388,193.12347412109375,-18.779550552368164,0.001572570763528347
17134655745,0,9.251354601179822,193.1248321533203,-18.658267974853516,0.0015724945114925504
17159655746,0,9.251538971201429,193.12620544433594,-18.53697967529297,0.0015726089477539062
17184655746,0,9.253168438306655,193.12757873535156,-18.415687561035156,0.0015726089477539062
17209655746,0,9.256220384396471,193.12893676757812,-18.29438591003418,0.0015725325793027878
17234655747,0,9.260781631786466,193.13031005859375,-18.17308235168457,0.0015725325793027878
17259655747,0,9.266745627322289,193.13169860839844,-18.05177116394043,0.0015726089477539062
17284655747,0,9.274116980314314,193.13308715820312,-17.930458068847656,0.001572570763528347
17309655748,0,9.282930051859026,193.13449096679688,-17.80913543701172,0.0015724945114925504
17334655748,0,9.293210166067825,193.13589477539062,-17.687808990478516,0.0015724945114925504
17359655749,0,9.304977763486795,193.13729858398438,-17.566476821899414,0.0015725325793027878
17384655749,0,9.318216783422468,193.13870239257812,-17.445140838623047,0.001572570763528347
17409655749,0,9.33285829976898,193.14010620117188,-17.32379722595215,0.0015726089477539062
17434655750,0,9.348749478835073,193.1415252685547,-17.20244789123535,0.001572570763528347
17459655750,0,9.365676688875261,193.14292907714844,-17.08109474182129,0.0015726089477539062
17484655750,0,9.383375686841969,193.14431762695312,-16.959735870361328,0.0015726089477539062
17509655751,0,9.401617631055942,193.14572143554688,-16.8383731842041,0.0015726089477539062
17534655751,0,9.420195455828102,193.14712524414062,-16.71700096130371,0.0015725325793027878
17559655752,0,9.438914116934795,193.14852905273438,-16.595624923706055,0.001572570763528347
17584655752,0,9.45762355048537,193.14993286132812,-16.474245071411133,0.0015725325793027878
17609655752,0,9.47612971524585,193.15133666992188,-16.352859497070312,0.0015726089477539062
17634655753,0,9.494231314917561,193.1527557373047,-16.231468200683594,0.001572570763528347
17659655753,0,9.51175619331377,193.15415954589844,-16.110071182250977,0.0015725325793027878
17684655753,0,9.528585956497402,193.1555633544922,-15.988667488098145,0.0015725325793027878
17709655754,0,9.5446180562975,193.15695190429688,-15.867259979248047,0.0015726089477539062
17734655754,0,9.559722123255286,193.15835571289062,-15.745847702026367,0.001572570763528347
17759655755,0,9.573776450934941,193.15975952148438,-15.624428749084473,0.0015726089477539062
17784655755,0,9.58670867096325,193.16116333007812,-15.50300407409668,0.001572570763528347
17809655755,0,9.599127884987785,193.16256713867188,-15.381574630737305,0.001572570763528347
17834655756,0,9.611604839306533,193.1639862060547,-15.260140419006348,0.001572685199789703
17859655756,0,9.624133794583114,193.16539001464844,-15.138699531555176,0.0015726470155641437
17884655756,0,9.6367104848657,193.1667938232422,-15.017252922058105,0.0015726089477539062
17909655757,0,9.649351110792484,193.16818237304688,-14.895784378051758,0.001572418143041432
17934655757,0,9.66215553292387,193.16958618164062,-14.774195671081543,0.0015716933412477374
17959655757,0,9.675292531069003,193.17098999023438,-14.65230655670166,0.001569023123010993
17984655758,0,9.688949055802972,193.17239379882812,-14.529938697814941,0.001564788748510182
18009655758,0,9.703271745732753,193.17384338378906,-14.406944274902344,0.0015588760143145919
18034655759,0,9.718378020988967,193.17529296875,-14.28320026397705,0.0015517425490543246
18059655759,0,9.734370665432948,193.17672729492188,-14.158610343933105,0.0015434646047651768
18084655759,0,9.751327396740479,193.17819213867188,-14.033092498779297,0.0016769790090620518
18109655760,0,9.76931194481913,193.1796875,-13.90658187866211,0.0018624495714902878
18134655760,0,9.788385983797975,193.18115234375,-13.779022216796875,0.0019633101765066385
18159655760,0,9.808586848903726,193.18264770507812,-13.650368690490723,0.002009544288739562
18184655761,0,9.829960949529852,193.18417358398438,-13.52058219909668,0.002021636813879013
18209655761,0,9.852533741144532,193.18569946289062,-13.389633178710938,0.002012977609410882
18234655762,0,9.876328573982388,193.18724060058594,-13.257498741149902,0.0019924927037209272
18259655762,0,9.901372860006239,193.1887969970703,-13.124154090881348,0.001966094831004739
18284655762,0,9.92768015185344,193.19036865234375,-12.989584922790527,0.0019374847179278731
18309655763,0,9.954899286072619,193.1919708251953,-12.853776931762695,0.0019089126726612449
18334655763,0,9.981401701316175,193.19357299804688,-12.716717720031738,0.0018817138625308871
18359655763,0,10.007055876331735,193.1951904296875,-12.578400611877441,0.0018565368372946978
18384655764,0,10.031918336996482,193.19680786132812,-12.438817977905273,0.0018338393419981003
18409655764,0,10.056030377298423,193.19845581054688,-12.297965049743652,0.0018135452410206199
18434655765,0,10.079434446856546,193.20013427734375,-12.155837059020996,0.0017956543015316129
18459655765,0,10.102166054661161,193.20181274414062,-12.012430191040039,0.0017799758352339268
18484655765,0,10.124243557331573,193.20350646972656,-11.867743492126465,0.0017665099585428834
18509655766,0,10.145684112543098,193.20523071289062,-11.72177791595459,0.0017547225579619408
18534655766,0,10.166504121143303,193.2069549560547,-11.574530601501465,0.001744766253978014
18559655766,0,10.186717872697749,193.20870971679688,-11.426003456115723,0.0017360305646434426
18584655767,0,10.20634283134383,193.21046447753906,-11.276193618774414,0.0017287826631218195
18609655767,0,10.22538743853163,193.21221923828125,-11.125105857849121,0.001722640939988196
18634655768,0,10.243857267484348,193.21401977539062,-10.97274112701416,0.0017171477666124701
18659655768,0,10.261754999579479,193.21583557128906,-10.819100379943848,0.0017127227038145065
18684655768,0,10.27908598079905,193.21766662597656,-10.664185523986816,0.0017090606270357966
18709655769,0,10.295850179417524,193.21951293945312,-10.508001327514648,0.0017057418590411544
18734655769,0,10.312051928833656,193.2213897705078,-10.35055160522461,0.0017031097086146474
18759655769,0,10.327684030877101,193.22323608398438,-10.191840171813965,0.001700935303233564
18784655770,0,10.342756130156543,193.22515869140625,-10.031872749328613,0.0016991805750876665
18809655770,0,10.357261269379451,193.22706604003906,-9.870655059814453,0.0016976547194644809
18834655771,0,10.371205063564961,193.22901916503906,-9.70819091796875,0.0016966246766969562
18859655771,0,10.384589212241979,193.23095703125,-9.544487953186035,0.0016957854386419058
18884655771,0,10.397411944275655,193.23292541503906,-9.37955093383789,0.0016950225690379739
18909655772,0,10.409670543865223,193.23492431640625,-9.213386535644531,0.001694641076028347
18934655772,0,10.421374313442984,193.23692321777344,-9.046000480651855,0.001694374019280076
18959655772,0,10.432545480699806,193.2389373779297,-8.877401351928711,0.0016941833309829235
18984655773,0,10.443225493807258,193.24099731445312,-8.707592964172363,0.0016942595830187201
19009655773,0,10.453422810807998,193.2430419921875,-8.536582946777344,0.0016942977672442794
19034655774,0,10.463132925723745,193.24513244628906,-8.364377975463867,0.0016945266397669911
19059655774,0,10.472357065797965,193.2472381591797,-8.190984725952148,0.0016947936965152621
19084655774,0,10.481102580827207,193.24937438964844,-8.016408920288086,0.0016951370052993298
19109655775,0,10.489367861801243,193.25152587890625,-7.8406572341918945,0.0016954421298578382
19134655775,0,10.497148264264506,193.25369262695312,-7.663736820220947,0.0016959762433543801
19159655775,0,10.504468000767966,193.25587463378906,-7.485655307769775,0.0016963958041742444
19184655776,0,10.511356055669342,193.25808715820312,-7.3064188957214355,0.0016969299176707864
19209655776,0,10.517853799212059,193.26031494140625,-7.126033306121826,0.001697540283203125
19234655776,0,10.52404222270496,193.2625732421875,-6.94450569152832,0.0016980362124741077
19259655777,0,10.530010791031057,193.26486206054688,-6.761841773986816,0.0016986846458166838
19284655777,0,10.535838091841288,193.26715087890625,-6.578049182891846,0.0016994094476103783
19309655778,0,10.541618962351963,193.26947021484375,-6.393134117126465,0.0016999435611069202
19334655778,0,10.54742869124378,193.27183532714844,-6.207103252410889,0.0017005919944494963
19359655778,0,10.553357826673464,193.27420043945312,-6.019963264465332,0.0017013930482789874
19384655779,0,10.559492662937592,193.27659606933594,-5.831720352172852,0.0017019653460010886
19409655779,0,10.565964819493042,193.27902221679688,-5.642380714416504,0.0017026137793436646
19434655779,0,10.57295419178638,193.28146362304688,-5.451951026916504,0.0017033767653629184
19459655780,0,10.580638116681074,193.283935546875,-5.260437965393066,0.0017040633829310536
19484655780,0,10.589143281804304,193.28643798828125,-5.067846775054932,0.0017047119326889515
19509655781,0,10.598597449673859,193.28895568847656,-4.874185085296631,0.0017054366180673242
19534655781,0,10.60913465045077,193.29151916503906,-4.6794586181640625,0.001706199604086578
19559655781,0,10.620878808624438,193.29409790039062,-4.483673095703125,0.0017068481538444757
19584655782,0,10.633926680980549,193.29669189453125,-4.286835670471191,0.0017076110234484076
19609655782,0,10.648338971996603,193.29933166503906,-4.088951110839844,0.0017082213889807463
19634655782,0,10.664205955304158,193.30198669433594,-3.8900270462036133,0.0017089080065488815
19659655783,0,10.681595538583052,193.30465698242188,-3.6900689601898193,0.0017096709925681353
19684655783,0,10.700529961812451,193.307373046875,-3.4890825748443604,0.0017103194259107113
19709655784,0,10.721024977129474,193.31011962890625,-3.287074089050293,0.0017110061598941684
19734655784,0,10.743074717375327,193.3128662109375,-3.084049701690674,0.0017117309616878629
19759655784,0,10.766689337688213,193.31565856933594,-2.8800151348114014,0.0017124175792559981
19784655785,0,10.791901977732792,193.31846618652344,-2.674976348876953,0.0017131041968241334
19809655785,0,10.818700872561182,193.32130432128906,-2.4689390659332275,0.001713714562356472
19834655785,0,10.847099226719424,193.3241729736328,-2.2619094848632812,0.0017145156161859632
19859655786,0,10.877147553386225,193.32704162597656,-2.0538933277130127,0.001715164165943861
19884655786,0,10.908878088395223,193.3299560546875,-1.844895839691162,0.0017157363472506404
19909655787,0,10.942287193270404,193.3328857421875,-1.6349232196807861,0.0017164993332698941
19934655787,0,10.977360544711699,193.33583068847656,-1.4239811897277832,0.0017171859508380294
19959655787,0,11.014136329049037,193.33880615234375,-1.212075114250183,0.0017178343841806054
19984655788,0,11.052626298007208,193.341796875,-0.999210774898529,0.0017184066819027066
20009655788,0,11.092800248781028,193.34481811523438,-0.7853938341140747,0.0017190932994708419
20034655788,0,11.134626352047682,193.3478546142578,-0.5706297755241394,0.0017198181012645364
20059655789,0,11.17808126821172,193.35089111328125,-0.35492411255836487,0.0017203140305355191
20084655789,0,11.22315962568162,193.3539581298828,-0.13828223943710327,0.0017210388323292136
20109655790,0,11.269813612333452,193.35704040527344,0.07929027080535889,0.0017217254498973489
20134655790,0,11.317934219670287,193.3601531982422,0.2977880537509918,0.0017222976312041283
20159655790,0,11.367377761852772,193.36328125,0.5172056555747986,0.0017229079967364669
20184655791,0,11.418020400570057,193.3664093017578,0.7375378012657166,0.001723556430079043
20209655791,0,11.46973778355576,193.36956787109375,0.9587790369987488,0.0017241667956113815
20234655791,0,11.5224059026915,193.3727264404297,1.1809241771697998,0.0017248535295948386
20259655792,0,11.575885718458062,193.37591552734375,1.4039679765701294,0.0017255401471629739
20284655792,0,11.630042468667524,193.37911987304688,1.6279053688049316,0.0017261123284697533
20309655793,0,11.684746437854848,193.38232421875,1.8527308702468872,0.001726608257740736
20334655793,0,11.739856316984936,193.38555908203125,2.078439235687256,0.001727256691083312
20359655793,0,11.795214338540818,193.38877868652344,2.305025815963745,0.0017279052408412099
20384655794,0,11.850665726897889,193.39202880859375,2.532485246658325,0.0017286300426349044
20409655794,0,11.906075849110353,193.3953094482422,2.760812282562256,0.0017290115356445312
20434655794,0,11.96132908302851,193.39859008789062,2.990002155303955,0.0017296981532126665
20459655795,0,12.016814594815903,193.40187072753906,3.2200496196746826,0.0017302321502938867
20484655795,0,12.073246560462213,193.40516662597656,3.4509499073028564,0.0017309951363131404
20509655795,0,12.130603810395577,193.4084930419922,3.6826977729797363,0.0017314148135483265
20534655796,0,12.188873725484498,193.4118194580078,3.915288209915161,0.0017319488106295466
20559655796,0,12.248048225306396,193.41514587402344,4.148716926574707,0.0017325973603874445
20584655797,0,12.30811968527339,193.41851806640625,4.382978439331055,0.0017332076095044613
20609655797,0,12.369081698733464,193.421875,4.618068218231201,0.0017337799072265625
20634655797,0,12.430930963156085,193.42523193359375,4.8539814949035645,0.0017343139043077826
20659655798,0,12.493659377687013,193.4286346435547,5.090712547302246,0.001734886085614562
20684655798,0,12.55726473599281,193.43202209472656,5.328258514404297,0.0017353820148855448
20709655798,0,12.621740808735655,193.4354248046875,5.566613674163818,0.0017359541961923242
20734655799,0,12.687083612722121,193.43882751464844,5.8057732582092285,0.0017364883096888661
20759655799,0,12.75328747187609,193.4422149658203,6.0457329750061035,0.001737136859446764
20784655800,0,12.820347930366397,193.4456329345703,6.286486625671387,0.0017376708565279841
20809655800,0,12.88826243547415,193.44908142089844,6.528032302856445,0.0017382049700245261
20834655800,0,12.957024543264335,193.4525146484375,6.770363807678223,0.0017386627150699496
20859655801,0,13.026629996694611,193.4559783935547,7.013476371765137,0.0017391586443409324
20884655801,0,13.09707478609322,193.45941162109375,7.257365703582764,0.0017396163893863559
20909655801,0,13.16835487443816,193.46286010742188,7.502027988433838,0.0017403411911800504
20934655802,0,13.240463532417673,193.4662628173828,7.747458457946777,0.0017407225677743554
20959655802,0,13.31339838177443,193.4696807861328,7.99365234375,0.0017414093017578125
20984655803,0,13.385731077186994,193.4730987548828,8.240606307983398,0.001741867046803236
21009655803,0,13.457236328981653,193.4765167236328,8.488313674926758,0.0017422866076231003
21034655803,0,13.527956707527576,193.47991943359375,8.736772537231445,0.0017429733416065574
21059655804,0,13.597924935146747,193.48329162597656,8.985977172851562,0.001743316650390625
21084655804,0,13.667165509453689,193.48667907714844,9.235922813415527,0.0017438888316974044
21109655804,0,13.735701605249588,193.4900360107422,9.486607551574707,0.0017443847609683871
21134655805,0,13.803548180729122,193.49337768554688,9.738025665283203,0.0017448806902393699
21159655805,0,13.87071537664805,193.49668884277344,9.990171432495117,0.0017453384352847934
21184655806,0,13.9372172235173,193.50001525878906,10.243043899536133,0.0017457961803302169
21209655806,0,14.003057697336645,193.5032958984375,10.496635437011719,0.0017464065458625555
21234655806,0,14.068244103240083,193.50656127929688,10.750944137573242,0.0017468261066824198
21259655807,0,14.132782347102436,193.50978088378906,11.005966186523438,0.0017473220359534025
21284655807,0,14.196675385969526,193.5129852294922,11.261696815490723,0.001747894217260182
21309655807,0,14.259922924932596,193.51614379882812,11.518131256103516,0.0017482757102698088
21334655808,0,14.322526781833425,193.519287109375,11.775264739990234,0.0017486953875049949
21359655808,0,14.384489294308015,193.5223846435547,12.033095359802246,0.0017491912003606558
21384655809,0,14.445809181327439,193.52545166015625,12.291618347167969,0.0017497253138571978
21409655809,0,14.506486212627877,193.52847290039062,12.550829887390137,0.0017501830589026213
21434655809,0,14.566519130654834,193.5314483642578,12.810726165771484,0.0017506027361378074
21459655810,0,14.62590655610501,193.5343780517578,13.07130241394043,0.0017511367332190275
21484655810,0,14.684647259416716,193.5372772216797,13.332555770874023,0.0017515564104542136
21509655810,0,14.742736830818375,193.5401153564453,13.594480514526367,0.0017519377870485187
21534655811,0,14.800176144095806,193.54290771484375,13.857074737548828,0.0017524719005450606
21559655811,0,14.856961694575588,193.54563903808594,14.12033462524414,0.0017528152093291283
21584655812,0,14.913090401701188,193.54830932617188,14.384255409240723,0.0017533873906359076
21609655812,0,14.968557730615778,193.5509490966797,14.64883041381836,0.0017537688836455345
21634655812,0,15.023364236742212,193.5535125732422,14.914060592651367,0.0017543029971420765
21659655813,0,15.077505748635332,193.55601501464844,15.179941177368164,0.0017547607421875
21684655813,0,15.130979559602142,193.55845642089844,15.446468353271484,0.0017550658667460084
21709655813,0,15.183780863114203,193.5608367919922,15.71363639831543,0.001755523611791432
21734655814,0,15.235907192832437,193.56314086914062,15.981443405151367,0.001755943289026618
21759655814,0,15.287357326135082,193.56539916992188,16.24988555908203,0.0017563628498464823
21784655814,0,15.338126664589337,193.5675811767578,16.518959045410156,0.0017567443428561091
21809655815,0,15.388211180544346,193.56968688964844,16.788660049438477,0.0017572020879015326
21834655815,0,15.437607883425617,193.57171630859375,17.058984756469727,0.0017578124534338713
21859655816,0,15.486311381407639,193.57366943359375,17.329927444458008,0.001758155762217939
21884655816,0,15.534322912163175,193.57554626464844,17.60148811340332,0.0017585372552275658
21909655816,0,15.581649765600147,193.5773468017578,17.87366485595703,0.0017588423797860742
21934655817,0,15.628305086080028,193.5790557861328,18.146448135375977,0.0017594146775081754
21959655817,0,15.674343752370154,193.58070373535156,18.419837951660156,0.0017596816178411245
21984655817,0,15.719854692693561,193.58226013183594,18.693832397460938,0.0017601394793018699
22009655818,0,15.764934449561359,193.583740234375,18.968425750732422,0.0017605590401217341
22034655818,0,15.809693197635312,193.58517456054688,19.24361228942871,0.0017609787173569202
22059655819,0,15.854253709272756,193.5865020751953,19.519393920898438,0.0017614364624023438
22084655819,0,15.898739026607291,193.58775329589844,19.79576301574707,0.0017618178389966488
22109655819,0,15.943274419046519,193.58888244628906,20.072717666625977,0.0017620468279346824
22134655820,0,15.987960424322269,193.58993530273438,20.350250244140625,0.0017625426407903433
22159655820,0,16.03289342749752,193.59092712402344,20.628368377685547,0.0017629623180255294
22184655820,0,16.078142805084102,193.59185791015625,20.90705680847168,0.001763305626809597
22209655821,0,16.123786448565344,193.59263610839844,21.186321258544922,0.0017636489355936646
22234655821,0,16.16988168061412,193.59335327148438,21.46615219116211,0.0017640686128288507
22259655822,0,16.21646532015506,193.59397888183594,21.746545791625977,0.0017645644256845117
22284655822,0,16.26357440791619,193.59451293945312,22.027503967285156,0.0017647934146225452
22309655822,0,16.31123789394906,193.59495544433594,22.30902099609375,0.0017652129754424095
22334655823,0,16.359475616152984,193.59530639648438,22.59109115600586,0.001765670720487833
22359655823,0,16.40830998000921,193.5955810546875,22.87371826171875,0.001765937777236104
22384655823,0,16.457750393968215,193.59573364257812,23.156890869140625,0.0017663192702457309
22409655824,0,16.507809978170393,193.59584045410156,23.440608978271484,0.0017666625790297985
22434655824,0,16.55851368500146,193.59585571289062,23.724872589111328,0.0017670058878138661
22459655825,0,16.60986493743797,193.59573364257812,24.009674072265625,0.0017674254486337304
22484655825,0,16.661888377691948,193.59556579589844,24.295013427734375,0.0017677688738331199
22509655825,0,16.714619228341984,193.5952911376953,24.580888748168945,0.0017681121826171875
22534655826,0,16.768074465375044,193.5949249267578,24.86728858947754,0.001768417307175696
22559655826,0,16.822270719119754,193.59445190429688,25.15421485900879,0.0017687606159597635
22584655826,0,16.877213478985325,193.5939178466797,25.441669464111328,0.0017690658569335938
22609655827,0,16.93290122456701,193.59326171875,25.729644775390625,0.001769599854014814
22634655827,0,16.98934779403545,193.592529296875,26.018138885498047,0.0017699431627988815
22659655828,0,17.046560591196005,193.5917205810547,26.307147979736328,0.0017701339675113559
22684655828,0,17.104537872583844,193.5908203125,26.596670150756836,0.0017705917125567794
22709655828,0,17.16325942197658,193.58984375,26.88669776916504,0.0017708205850794911
22734655829,0,17.22270612224658,193.5887451171875,27.177236557006836,0.0017711638938635588
22759655829,0,17.282838401739518,193.5875701904297,27.46827507019043,0.0017715453868731856
22784655829,0,17.343643212135916,193.58631896972656,27.759817123413086,0.00177196494769305
22809655830,0,17.40512052258739,193.58499145507812,28.051855087280273,0.0017721938202157617
22834655830,0,17.46730637088313,193.5835723876953,28.344388961791992,0.0017725753132253885
22859655831,0,17.53021982889031,193.58204650878906,28.637413024902344,0.0017729186220094562
22884655831,0,17.59385685329494,193.5804443359375,28.93092918395996,0.001773300115019083
22909655831,0,17.65819964847459,193.57875061035156,29.22492790222168,0.0017736053559929132
22934655832,0,17.723225307157094,193.5769805908203,29.519412994384766,0.0017739486647769809
22959655832,0,17.788900432427123,193.5751495361328,29.814376831054688,0.00177421560510993
22984655832,0,17.855187757157772,193.5732421875,30.109813690185547,0.0017745208460837603
23009655833,0,17.922037535761106,193.57122802734375,30.405719757080078,0.0017749404069036245
23034655833,0,17.98940907160218,193.56915283203125,30.702089309692383,0.0017753600841388106
23059655833,0,18.057251770845834,193.56700134277344,30.998910903930664,0.0017758178291842341
23084655834,0,18.12552369422647,193.56475830078125,31.296178817749023,0.0017764281947165728
23109655834,0,18.194192218568183,193.5624542236328,31.593881607055664,0.0017770003760233521
23134655835,0,18.263220981247255,193.56005859375,31.89200782775879,0.0017777251778170466
23159655835,0,18.33258431403903,193.5575714111328,32.1905517578125,0.0017782592913135886
23184655835,0,18.402253746423366,193.55503845214844,32.489501953125,0.0017790603451430798
23209655836,0,18.472201495509953,193.55239868164062,32.788848876953125,0.0017799376510083675
23234655836,0,18.542389333229334,193.5496826171875,33.08857727050781,0.001780929509550333
23259655836,0,18.612783822447028,193.54690551757812,33.3886833190918,0.0017817687476053834
23284655837,0,18.68334962100551,193.54408264160156,33.68914794921875,0.0017827224219217896
23309655837,0,18.754079039203273,193.54116821289062,33.98997116088867,0.0017837523482739925
23334655838,0,18.824929031630166,193.53817749023438,34.2911262512207,0.0017848204588517547
23359655838,0,18.89590797396988,193.53515625,34.59261703491211,0.0017858505016192794
23384655838,0,18.96701194913316,193.5320281982422,34.894432067871094,0.0017870712326839566
23409655839,0,19.03822828665764,193.52883911132812,35.19654846191406,0.0017881393432617188
23434655839,0,19.109569072373993,193.52561950683594,35.498966217041016,0.0017892837058752775
23459655839,0,19.18103430103747,193.5222930908203,35.801673889160156,0.0017904280684888363
23484655840,0,19.252629679826242,193.51893615722656,36.10465621948242,0.0017915725475177169
23509655840,0,19.32437231330066,193.5155029296875,36.40790939331055,0.0017927169101312757
23534655841,0,19.396273634311978,193.5120086669922,36.71142578125,0.0017939758254215121
23559655841,0,19.468314621590313,193.5084686279297,37.01518630981445,0.0017951583722606301
23584655841,0,19.54051057770476,193.5048828125,37.31918716430664,0.001796188298612833
23609655842,0,19.61287288154735,193.50120544433594,37.6234245300293,0.001797370845451951
23634655842,0,19.685399369649236,193.49749755859375,37.92788314819336,0.0017984771402552724
23659655842,0,19.75809207763242,193.4937286376953,38.2325553894043,0.0017996215028688312
23684655843,0,19.83093179893323,193.48989868164062,38.53743362426758,0.0018006133614107966
23709655843,0,19.903904979813973,193.4860382080078,38.84251022338867,0.0018016814719885588
23734655844,0,19.976990957847008,193.4821014404297,39.14778137207031,0.0018028640188276768
23759655844,0,20.05017400873476,193.47811889648438,39.4532356262207,0.0018038558773696423
23784655844,0,20.123429449062286,193.47409057617188,39.75886535644531,0.0018048858037218451
23809655845,0,20.196736197163766,193.47003173828125,40.06466293334961,0.0018058394780382514
23834655845,0,20.270081102349312,193.46591186523438,40.37062454223633,0.0018068695208057761
23859655845,0,20.34344112868499,193.4617462158203,40.67673873901367,0.0018076705746352673
23884655846,0,20.416806772976138,193.45753479003906,40.98300552368164,0.001808662316761911
23909655846,0,20.490170579350032,193.4532928466797,41.2894172668457,0.0018096159910783172
23934655847,0,20.56354193932342,193.44900512695312,41.59596633911133,0.0018104552291333675
23959655847,0,20.636919064170275,193.44468688964844,41.90264892578125,0.001811294467188418
23984655847,0,20.71030194340184,193.44029235839844,42.20945739746094,0.0018120574532076716
24009655848,0,20.783686609088218,193.43585205078125,42.51639175415039,0.001812896691262722
24034655848,0,20.85706145456515,193.431396484375,42.82344055175781,0.0018137741135433316
24059655848,0,20.93042851143475,193.42691040039062,43.13059997558594,0.0018144989153370261
24084655849,0,21.00377990988026,193.42239379882812,43.4378662109375,0.0018152236007153988
24109655849,0,21.07711959255106,193.41783142089844,43.74523162841797,0.0018157577142119408
24134655850,0,21.15046455474347,193.41322326660156,44.05270004272461,0.0018164825160056353
24159655850,0,21.223812946853958,193.4085693359375,44.36025619506836,0.0018171691335737705
24184655850,0,21.29720274149189,193.40390014648438,44.66791534423828,0.0018178176833316684
24209655851,0,21.370629787392538,193.3992156982422,44.97565841674805,0.0018185424851253629
24234655851,0,21.444107971431915,193.3944854736328,45.28348159790039,0.0018190002301707864
24259655851,0,21.517657862308553,193.3897247314453,45.59138107299805,0.0018197250319644809
24284655852,0,21.59129868092882,193.38491821289062,45.89936065673828,0.0018201445927843451
24309655852,0,21.665034393423642,193.38009643554688,46.20741271972656,0.0018207549583166838
24334655852,0,21.73888065932699,193.37522888183594,46.51553726196289,0.0018212890718132257
24359655853,0,21.812854317451222,193.37034606933594,46.82372283935547,0.00182170863263309
24384655853,0,21.8869918485556,193.36544799804688,47.131980895996094,0.0018221283098682761
24409655854,0,21.961297065325088,193.36050415039062,47.4402961730957,0.001822624122723937
24434655854,0,22.035788957403742,193.3555450439453,47.74867248535156,0.001823005615733564
24459655854,0,22.11045599596489,193.3505859375,48.05710220336914,0.0018234633607789874
24484655855,0,22.185292869548558,193.34556579589844,48.36558532714844,0.0018238448537886143
24509655855,0,22.26029194869745,193.3405303955078,48.67412185668945,0.0018243025988340378
24534655855,0,22.33544958529836,193.33547973632812,48.982704162597656,0.0018246459076181054
24559655856,0,22.4107583168421,193.3303985595703,49.29133605957031,0.0018249511485919356
24584655856,0,22.486215740226005,193.32530212402344,49.60001754760742,0.0018253326416015625
24609655857,0,22.561793661871818,193.3201904296875,49.90874099731445,0.0018256759503856301
24634655857,0,22.637470685688548,193.31504821777344,50.217498779296875,0.0018259048229083419
24659655857,0,22.713235701924628,193.3098907470703,50.52629852294922,0.0018262863159179688
24684655858,0,22.789061674639996,193.30471801757812,50.83513641357422,0.0018265151884406805
24709655858,0,22.86494703340522,193.29954528808594,51.144012451171875,0.001826820312999189
24734655858,0,22.940878429649768,193.29432678222656,51.45292282104492,0.0018271255539730191
24759655859,0,23.01685569643525,193.28912353515625,51.76186752319336,0.0018273544264957309
24784655859,0,23.092875447073204,193.2838592529297,52.07084274291992,0.0018275832990184426
24809655860,0,23.168957724985525,193.2786102294922,52.379852294921875,0.0018279266078025103
24834655860,0,23.245097062078248,193.2733612060547,52.68888854980469,0.0018280792282894254
24859655860,0,23.321299609666543,193.26806640625,52.99795150756836,0.0018281936645507812
24884655861,0,23.397576640626117,193.2627716064453,53.307044982910156,0.0018285369733348489
24909655861,0,23.473930325106483,193.25743103027344,53.61616134643555,0.0018286514095962048
24934655861,0,23.550365864082632,193.25210571289062,53.92530059814453,0.0018288802821189165
24959655862,0,23.62690614322377,193.2467803955078,54.234466552734375,0.001829070970416069
24984655862,0,23.70354942922791,193.24143981933594,54.54365158081055,0.0018292235909029841
25009655863,0,23.780305435271604,193.23605346679688,54.85285568237305,0.0018294906476512551
25034655863,0,23.85719079645688,193.23068237304688,55.16208267211914,0.0018295668996870518
25059655863,0,23.93420768287538,193.2252960205078,55.471336364746094,0.0018296813359484076
25084655864,0,24.011342474621692,193.2199249267578,55.78059768676758,0.001829872140660882
25109655864,0,24.088608787754907,193.21450805664062,56.089881896972656,0.0018301010131835938
25134655864,0,24.16599291177303,193.20907592773438,56.39918518066406,0.0018301772652193904
25159655865,0,24.243506377755658,193.20367431640625,56.70850372314453,0.0018301390809938312
25184655865,0,24.321130559735558,193.1982421875,57.01783752441406,0.0018303298857063055
25209655866,0,24.398846474955835,193.19281005859375,57.327186584472656,0.0018304823897778988
25234655866,0,24.47662742171973,193.1873321533203,57.63654708862305,0.001830635010264814
25259655866,0,24.554457871310635,193.181884765625,57.945926666259766,0.0018307113787159324
25284655867,0,24.632311392974923,193.17642211914062,58.25531768798828,0.0018308258149772882
25309655867,0,24.710176634872127,193.17095947265625,58.564720153808594,0.0018309783190488815
25334655867,0,24.78803852332459,193.16549682617188,58.8741340637207,0.0018311309395357966
25359655868,0,24.865900968952886,193.1599884033203,59.183563232421875,0.0018312071915715933
25384655868,0,24.943748443329085,193.1544952392578,59.49300003051758,0.0018311691237613559
25409655869,0,25.02155806089153,193.1490020751953,59.80244827270508,0.0018313216278329492
25434655869,0,25.099314566890534,193.14349365234375,60.111907958984375,0.0018313979962840676
25459655869,0,25.177002706245425,193.1379852294922,60.4213752746582,0.0018315124325454235
25484655870,0,25.25463001887874,193.1324920654297,60.73085403442383,0.0018316268688067794
25509655870,0,25.332200886724298,193.12698364257812,61.040340423583984,0.001831550500355661
25534655870,0,25.409722856124805,193.12147521972656,61.34983444213867,0.0018316650530323386
25559655871,0,25.48720766866976,193.11595153808594,61.65933609008789,0.0018317413050681353
25584655871,0,25.564654767781548,193.1104278564453,61.96884536743164,0.0018317794892936945
25609655871,0,25.642059959660667,193.10487365722656,62.27836227416992,0.0018318939255550504
25634655872,0,25.719445839283654,193.09933471679688,62.587890625,0.0018320083618164062
25659655872,0,25.796801250940014,193.09378051757812,62.89741897583008,0.0018320464296266437
25684655873,0,25.874152995161946,193.08824157714844,63.20696258544922,0.0018319319933652878
25709655873,0,25.95148943041713,193.0827178955078,63.516502380371094,0.001832084613852203
25734655873,0,26.028841171712624,193.07716369628906,63.826053619384766,0.0018320464296266437
25759655874,0,26.10619667339776,193.0716094970703,64.13561248779297,0.0018321608658879995
25784655874,0,26.1835671752952,193.06607055664062,64.4451675415039,0.001832237234339118
25809655874,0,26.26096813332975,193.06051635742188,64.7547378540039,0.0018322753021493554
25834655875,0,26.338395423403412,193.0549774169922,65.0643081665039,0.0018323134863749146
25859655875,0,26.41585697669835,193.04942321777344,65.3738784790039,0.0018323897384107113
25884655876,0,26.493367739487415,193.0438995361328,65.68346405029297,0.0018323516706004739
25909655876,0,26.57090471340281,193.03836059570312,65.9930419921875,0.0018323897384107113
25934655876,0,26.64848346276477,193.03280639648438,66.3026351928711,0.0018323897384107113
25959655877,0,26.726084911469783,193.02723693847656,66.61222839355469,0.0018325423588976264
25984655877,0,26.803705137278744,193.0216522216797,66.92182159423828,0.0018325423588976264
26009655877,0,26.881336507605567,193.0160675048828,67.2314224243164,0.0018324279226362705
26034655878,0,26.958971283710508,193.01048278808594,67.54103088378906,0.0018325041746720672
26059655878,0,27.036613594768742,193.00489807128906,67.85063934326172,0.0018326567951589823
26084655879,0,27.11424436701182,192.9993133544922,68.16024780273438,0.0018325805431231856
26109655879,0,27.19187896402049,192.9937286376953,68.46986389160156,0.0018326187273487449
26134655879,0,27.269494711955065,192.98814392089844,68.77947998046875,0.0018326567951589823
26159655880,0,27.347079954058227,192.98255920410156,69.08910369873047,0.0018328094156458974
26184655880,0,27.424600789406703,192.9769744873047,69.39871978759766,0.0018326949793845415
26209655880,0,27.50205732911894,192.97140502929688,69.7083511352539,0.0018326949793845415
26234655881,0,27.579388762106447,192.9658203125,70.01797485351562,0.0018326949793845415
26259655881,0,27.656614171279294,192.96023559570312,70.32760620117188,0.0018326949793845415
26284655882,0,27.733718855782097,192.95465087890625,70.63723754882812,0.0018328475998714566
26309655882,0,27.81072224130063,192.9490509033203,70.9468765258789,0.0018328094156458974
26334655882,0,27.88761606402183,192.94346618652344,71.25651550292969,0.0018328475998714566
26359655883,0,27.964396418669896,192.93788146972656,71.56615447998047,0.001832885667681694
26384655883,0,28.041051091688693,192.9322967529297,71.87578582763672,0.001832885667681694
26409655883,0,28.11761879968888,192.9267120361328,72.1854248046875,0.001832885667681694
