ts,agent_id,x,y,z,v
1600268479,0,192.36241149902344,-86.26268005371094,0.4383743107318878,0.0
1625268479,0,192.36241149902344,-86.26268005371094,0.3787320554256439,0.0
1650268480,0,192.36241149902344,-86.26268005371094,0.31298086047172546,0.0
1675268480,0,192.36241149902344,-86.26268005371094,0.24112220108509064,0.0
1700268480,0,192.36241149902344,-86.26268005371094,0.16315768659114838,0.0
1725268481,0,192.36241149902344,-86.26268005371094,0.08290393650531769,0.0
1750268481,0,192.36241149902344,-86.26268005371094,0.026514854282140732,3.6420541720565087e-08
1775268482,0,192.36241149902344,-86.26268005371094,-0.008726844564080238,8.501547724160571e-08
1800268482,0,192.36241149902344,-86.26268005371094,-0.029134521260857582,4.065853754298713e-08
1825268482,0,192.36241149902344,-86.26268005371094,-0.03932075574994087,8.345732577137253e-08
1850268483,0,192.36241149902344,-86.26268005371094,-0.04107673466205597,0.00028594841317766196
1875268483,0,192.36244201660156,-86.26265716552734,-0.03865554556250572,0.0011590506672593897
1900268483,0,192.36241149902344,-86.26264190673828,-0.03404334932565689,0.00048341813447248767
1925268484,0,192.36241149902344,-86.26263427734375,-0.028247259557247162,0.00013367377368828082
1950268484,0,192.36241149902344,-86.26263427734375,-0.02195255272090435,4.4882024211422745e-05
1975268485,0,192.36241149902344,-86.26263427734375,-0.015612220391631126,0.000127457805841084
2000268485,0,192.36241149902344,-86.26263427734375,-0.009513778612017632,0.0001613243297645778
2025268485,0,192.36244201660156,-86.26264190673828,-0.003827972337603569,0.000169588068497747
2050268486,0,192.36244201660156,-86.26264190673828,0.0013550185831263661,0.00016424045909775673
2075268486,0,192.36244201660156,-86.26264190673828,0.006000022869557142,0.00015268807177039656
2100268486,0,192.36244201660156,-86.26265716552734,0.01010768860578537,0.0001391262908006076
2125268487,0,192.36244201660156,-86.26265716552734,0.013701400719583035,0.0001240825765130365
2150268487,0,192.36244201660156,-86.26265716552734,0.016817854717373848,0.00011041977221535698
2175268488,0,192.36245727539062,-86.26266479492188,0.01950054056942463,9.719232741983968e-05
2200268488,0,192.36245727539062,-86.26266479492188,0.021795349195599556,8.569606070683294e-05
2225268488,0,192.36245727539062,-86.26266479492188,0.023747749626636505,7.509709058940488e-05
2250268489,0,192.36245727539062,-86.26266479492188,0.02540103904902935,6.564929642353281e-05
2275268489,0,192.36245727539062,-86.2626724243164,0.026795310899615288,5.7286236156896684e-05
2300268489,0,192.36245727539062,-86.2626724243164,0.02796676568686962,5.005794654100382e-05
2325268490,0,192.36245727539062,-86.2626724243164,0.028947867453098297,4.351447040060639e-05
2350268490,0,192.36245727539062,-86.2626724243164,0.0297671128064394,3.824859200595802e-05
2375268490,0,192.36245727539062,-86.2626724243164,0.030449332669377327,3.3354880278017504e-05
2400268491,0,192.36245727539062,-86.2626724243164,0.03101608157157898,2.911830663028161e-05
2425268491,0,192.36245727539062,-86.2626724243164,0.03148593753576279,2.5376472985575198e-05
2450268492,0,192.36245727539062,-86.2626724243164,0.03187461942434311,2.2221163224070368e-05
2475268492,0,192.36245727539062,-86.2626724243164,0.032195623964071274,1.8484325862184947e-05
2500268492,0,192.36245727539062,-86.2626724243164,0.03246017545461655,1.6791909480578134e-05
2525268493,0,192.36245727539062,-86.2626724243164,0.03267795592546463,1.4072160216858393e-05
2550268493,0,192.36245727539062,-86.2626724243164,0.032856862992048264,1.2486006815476244e-05
2575268493,0,192.36245727539062,-86.2626724243164,0.033003728836774826,1.0688218094550608e-05
2600268494,0,192.36245727539062,-86.2626724243164,0.033124085515737534,9.351645639948313e-06
2625268494,0,192.36245727539062,-86.2626724243164,0.033222541213035583,8.304403102070971e-06
2650268495,0,192.36245727539062,-86.2626724243164,0.03330310806632042,7.03433655414456e-06
2675268495,0,192.36245727539062,-86.2626724243164,0.033368948847055435,5.833953095494892e-06
2700268495,0,192.36245727539062,-86.2626724243164,0.03342258557677269,5.45107415787641e-06
2725268496,0,192.36245727539062,-86.26268005371094,0.033466413617134094,4.553881219451529e-06
2750268496,0,192.36245727539062,-86.26268005371094,0.0334714874625206,5.539696673379559e-07
2775268496,0,192.36245727539062,-86.26268005371094,0.0334848016500473,3.2136291382802663e-07
2800268497,0,192.36245727539062,-86.26268005371094,0.03350048139691353,3.807851898401203e-07
2825268497,0,192.36245727539062,-86.26268005371094,0.033516958355903625,4.1161907385677155e-07
2850268498,0,192.36245727539062,-86.26268005371094,0.033533286303281784,3.9405712247933516e-07
2875268498,0,192.36245727539062,-86.26268005371094,0.03354877233505249,3.5951267536541916e-07
2900268498,0,192.36245727539062,-86.26268005371094,0.0335630401968956,2.4963485914056214e-07
2925268499,0,192.36245727539062,-86.26268005371094,0.033575933426618576,2.9357882762864836e-07
2950268499,0,192.36245727539062,-86.26268005371094,0.0335874930024147,2.3065849727673676e-07
2975268499,0,192.36245727539062,-86.26268005371094,0.0335976779460907,2.1479196600214862e-07
3000268500,0,192.36245727539062,-86.26268005371094,0.033606529235839844,1.5826964127663934e-07
3025268500,0,192.36245727539062,-86.26268005371094,0.033614158630371094,2.096703351895135e-07
3050268501,0,192.36245727539062,-86.26268005371094,0.033620718866586685,1.38175160720878e-07
3075268501,0,192.36245727539062,-86.26268005371094,0.03362636640667915,9.975311531294049e-08
3100268501,0,192.36245727539062,-86.26268005371094,0.03363117203116417,1.2372677323775617e-07
3125268502,0,192.36245727539062,-86.26268005371094,0.033635213971138,1.1965294555605032e-07
3150268502,0,192.36245727539062,-86.26268005371094,0.033638570457696915,6.769944057977323e-08
3175268502,0,192.36245727539062,-86.26268005371094,0.033638570457696915,6.64354964309656e-08
3200268503,0,192.36245727539062,-86.26268005371094,0.033640097826719284,6.834297885321481e-08
3225268503,0,192.36245727539062,-86.26268005371094,0.03364143148064613,8.921372963792644e-08
3250268504,0,192.36245727539062,-86.26268005371094,0.03364292159676552,5.012151135093995e-08
3275268504,0,192.36245727539062,-86.26268005371094,0.03364429250359535,1.1264423178976204e-07
3300268504,0,192.36245727539062,-86.26268005371094,0.03364570438861847,1.426210402969263e-07
3325268505,0,192.36245727539062,-86.26268005371094,0.03364696353673935,5.4302586119988424e-08
3350268505,0,192.36245727539062,-86.26268005371094,0.03364810720086098,4.294584598942787e-08
3375268505,0,192.36245727539062,-86.26268005371094,0.03364913910627365,3.363418208954379e-08
3400268506,0,192.36245727539062,-86.26268005371094,0.03364913910627365,7.84634805226393e-08
3425268506,0,192.36245727539062,-86.26268005371094,0.03365085646510124,3.377778921160694e-08
3450268507,0,192.36245727539062,-86.26268005371094,0.03365085646510124,2.534547718972765e-08
3475268507,0,192.36245727539062,-86.26268005371094,0.03365215286612511,3.777013186339961e-08
3500268507,0,192.36245727539062,-86.26268005371094,0.03365215286612511,1.4775244644006357e-07
3525268508,0,192.36245727539062,-86.26268005371094,0.03365215286612511,7.413687561448395e-08
3550268508,0,192.36245727539062,-86.26268005371094,0.033653486520051956,8.394583934568112e-08
3575268508,0,192.36245727539062,-86.26268005371094,0.033653486520051956,1.5976274013129366e-08
3600268509,0,192.36245727539062,-86.26268005371094,0.033653486520051956,5.7094114279515564e-08
3625268509,0,192.36245727539062,-86.26268005371094,0.033653486520051956,1.4372634069085944e-07
3650268509,0,192.36245727539062,-86.26268005371094,0.033653486520051956,1.7211624285799227e-09
3675268510,0,192.36245727539062,-86.26268005371094,0.033653486520051956,5.598684532923642e-09
3700268510,0,192.36245727539062,-86.26268005371094,0.033653486520051956,4.530788923179744e-09
3725268511,0,192.36245727539062,-86.26268005371094,0.033653486520051956,3.947699139284611e-09
3750268511,0,192.36245727539062,-86.26268005371094,0.03365451842546463,3.358205327635832e-09
3775268511,0,192.36245727539062,-86.26268005371094,0.03365451842546463,1.9290732511207375e-09
3800268512,0,192.36245727539062,-86.26268005371094,0.03365451842546463,1.310546238655073e-09
3825268512,0,192.36245727539062,-86.26268005371094,0.03365451842546463,3.0924655228838e-09
3850268512,0,192.36245727539062,-86.26268005371094,0.03365451842546463,4.673288374239628e-09
3875268513,0,192.36245727539062,-86.26268005371094,0.03365451842546463,4.466304172367764e-09
3900268513,0,192.36245727539062,-86.26266479492188,0.03365619480609894,0.0013512351612807259
3925268514,0,192.36251831054688,-86.25653839111328,0.03353576734662056,0.31999338042595066
3950268514,0,192.3626708984375,-86.2425537109375,0.03333137556910515,0.6297435022179565
3975268514,0,192.36289978027344,-86.22097778320312,0.033091697841882706,0.9298444272084837
4000268515,0,192.36317443847656,-86.19208526611328,0.032846830785274506,1.2198700984662847
4025268515,0,192.36355590820312,-86.1561508178711,0.03261508792638779,1.4995397247281623
4050268515,0,192.36398315429688,-86.11343383789062,0.032406117767095566,1.768683505316906
4075268516,0,192.36448669433594,-86.064208984375,0.032224997878074646,2.0272353316998264
4100268516,0,192.3650360107422,-86.00873565673828,0.03207332640886307,2.2752184760501892
4125268517,0,192.3656768798828,-85.94729614257812,0.031950414180755615,2.5127430532280393
4150268517,0,192.36634826660156,-85.880126953125,0.031854819506406784,2.7399906956112723
4175268517,0,192.36708068847656,-85.80748748779297,0.03178390488028526,2.957210252865972
4200268518,0,192.3678741455078,-85.7296142578125,0.03173530474305153,3.1647080440359625
4225268518,0,192.36868286132812,-85.64674377441406,0.03170616179704666,3.3628362336984563
4250268518,0,192.3695526123047,-85.55911254882812,0.031693801283836365,3.551984084069676
4275268519,0,192.3704376220703,-85.46693420410156,0.03169574588537216,3.7325701552135873
4300268519,0,192.37136840820312,-85.37039184570312,0.03170963376760483,3.9050313794321982
4325268520,0,192.37234497070312,-85.26968383789062,0.03173336014151573,4.069917301937215
4350268520,0,192.37332153320312,-85.16498565673828,0.03176509961485863,4.227956017323719
4375268520,0,192.37432861328125,-85.05647277832031,0.031802672892808914,4.379583335463786
4400268521,0,192.3753662109375,-84.94427490234375,0.03184490278363228,4.525135755869882
4425268521,0,192.37635803222656,-84.82855987548828,0.03189060091972351,4.664941721773076
4450268521,0,192.37738037109375,-84.7094497680664,0.03193855285644531,4.799340535122678
4475268522,0,192.37838745117188,-84.58706665039062,0.031988028436899185,4.928664339303571
4500268522,0,192.37945556640625,-84.4615478515625,0.03203834593296051,5.053237807361132
4525268523,0,192.3805389404297,-84.3329849243164,0.03235050290822983,5.174465315356106
4550268523,0,192.38162231445312,-84.20149230957031,0.032552603632211685,5.290931162708302
4575268523,0,192.3827362060547,-84.06714630126953,0.032682646065950394,5.403523863273817
4600268524,0,192.38388061523438,-83.93004608154297,0.032766494899988174,5.512505530425054
4625268524,0,192.3850555419922,-83.79029083251953,0.0328209288418293,5.618133875075443
4650268524,0,192.38626098632812,-83.64795684814453,0.032857056707143784,5.720654679000151
4675268525,0,192.38748168945312,-83.50310516357422,0.03288211673498154,5.820297072283744
4700268525,0,192.38873291015625,-83.3558120727539,0.03290100023150444,5.9172752403357425
4725268526,0,192.3899688720703,-83.20613861083984,0.03291633352637291,6.011788853116795
4750268526,0,192.39125061035156,-83.05414581298828,0.03293014317750931,6.104021689359331
4775268526,0,192.392578125,-82.89988708496094,0.032943230122327805,6.194143157077837
4800268527,0,192.39390563964844,-82.743408203125,0.032956503331661224,6.282308521546041
4825268527,0,192.39523315429688,-82.58475494384766,0.03296981751918793,6.368661921874579
4850268527,0,192.39657592773438,-82.4239730834961,0.03298351168632507,6.453333799409749
4875268528,0,192.39791870117188,-82.2611083984375,0.03299732133746147,6.536443146867838
4900268528,0,192.39927673339844,-82.09619140625,0.03301151096820831,6.618100342044565
4925268528,0,192.40060424804688,-81.92925262451172,0.0330255888402462,6.698397478520191
4950268529,0,192.40191650390625,-81.76033020019531,0.03303974121809006,6.777437562449316
4975268529,0,192.4031982421875,-81.5894546508789,0.033053625375032425,6.8552993376708775
5000268530,0,192.4044647216797,-81.4166488647461,0.03306739777326584,6.932058134121875
5025268530,0,192.40570068359375,-81.241943359375,0.03308090195059776,7.007781019451134
5050268530,0,192.40695190429688,-81.06536865234375,0.03309386968612671,7.0825344665458045
5075268531,0,192.40823364257812,-80.88693237304688,0.033106572926044464,7.156373194496181
5100268531,0,192.40953063964844,-80.7066650390625,0.033118780702352524,7.229349322499737
5125268531,0,192.4108123779297,-80.52459716796875,0.0331304557621479,7.3015098496817465
5150268532,0,192.41204833984375,-80.34074401855469,0.03314163163304329,7.372893339093036
5175268532,0,192.41323852539062,-80.15510559082031,0.03315242752432823,7.443545206270055
5200268533,0,192.4143524169922,-79.96772003173828,0.03316280245780945,7.513498690253486
5225268533,0,192.41546630859375,-79.77859497070312,0.033172570168972015,7.5827978171161
5250268533,0,192.4165802001953,-79.5877456665039,0.03318195417523384,7.6514634095562375
5275268534,0,192.4176788330078,-79.39519500732422,0.03319091722369194,7.719523839309633
5300268534,0,192.41876220703125,-79.2009506225586,0.033199384808540344,7.7870030815980105
5325268534,0,192.41986083984375,-79.00503540039062,0.033207472413778305,7.85392409800337
5350268535,0,192.42091369628906,-78.80744171142578,0.03321518003940582,7.920310206296709
5375268535,0,192.42193603515625,-78.60821533203125,0.033222656697034836,7.986173830626649
5400268536,0,192.4229278564453,-78.40733337402344,0.033229559659957886,8.05187656429656
5425268536,0,192.42388916015625,-78.20631408691406,0.03326866030693054,8.04426903663275
5450268536,0,192.42486572265625,-78.0053482055664,0.033326033502817154,8.040122843463642
5475268537,0,192.42579650878906,-77.80447387695312,0.03338996693491936,8.03683323156078
5500268537,0,192.42672729492188,-77.6036605834961,0.03345348313450813,8.033789238281923
5525268537,0,192.4276580810547,-77.40292358398438,0.033513449132442474,8.030818189843552
5550268538,0,192.4285430908203,-77.20225524902344,0.03356799855828285,8.027868934280882
5575268538,0,192.429443359375,-77.00165557861328,0.033616866916418076,8.024928021001392
5600268539,0,192.43038940429688,-76.8011245727539,0.03365970402956009,8.021988712407028
5625268539,0,192.43136596679688,-76.60066223144531,0.03369731828570366,8.019048573324557
5650268539,0,192.43235778808594,-76.4002685546875,0.03372993320226669,8.016110150311443
5675268540,0,192.43345642089844,-76.199951171875,0.03375812619924545,8.013168011706151
5700268540,0,192.4345703125,-75.99969482421875,0.03378234803676605,8.010234572404299
5725268540,0,192.43577575683594,-75.79951477050781,0.03380321338772774,8.007297610579943
5750268541,0,192.43698120117188,-75.59940338134766,0.03382110595703125,8.004368913307811
5775268541,0,192.43821716308594,-75.39936828613281,0.03383662924170494,8.001440256422072
5800268542,0,192.43948364257812,-75.19940185546875,0.03384990617632866,7.99851205293542
5825268542,0,192.44081115722656,-74.99950408935547,0.0338611975312233,7.995580169058192
5850268542,0,192.4422149658203,-74.7996826171875,0.033870961517095566,7.992653860824909
5875268543,0,192.44366455078125,-74.59993743896484,0.03387924283742905,7.989731145091276
5900268543,0,192.4451141357422,-74.40026092529297,0.03388626128435135,7.986811251867483
5925268543,0,192.446533203125,-74.19989776611328,0.03387416899204254,8.042695374172741
5950268544,0,192.44796752929688,-73.9967041015625,0.03380988910794258,8.153109622861331
5975268544,0,192.4494171142578,-73.79082489013672,0.03372490033507347,8.258937734161504
6000268545,0,192.4508514404297,-73.5823745727539,0.0336359404027462,8.36068971411415
6025268545,0,192.4523162841797,-73.37145233154297,0.03355209156870842,8.458687001312436
6050268545,0,192.45376586914062,-73.15814971923828,0.03347732499241829,8.553220038507078
6075268546,0,192.45516967773438,-72.94255828857422,0.0334133505821228,8.644064402021895
6100268546,0,192.45651245117188,-72.72480010986328,0.033361129462718964,8.729813650310918
6125268546,0,192.45782470703125,-72.5050048828125,0.033320654183626175,8.810545331809445
6150268547,0,192.45907592773438,-72.28331756591797,0.033291663974523544,8.885047581357071
6175268547,0,192.4603271484375,-72.05989837646484,0.03327377140522003,8.953139861961262
6200268547,0,192.46156311035156,-71.83487701416016,0.03326534107327461,9.01617674626923
6225268548,0,192.4628143310547,-71.60840606689453,0.033265724778175354,9.072797258234122
6250268548,0,192.4640350341797,-71.38063049316406,0.033273354172706604,9.124242710791235
6275268549,0,192.4652862548828,-71.15164947509766,0.03328697010874748,9.171405147971704
6300268549,0,192.466552734375,-70.92155456542969,0.03330467268824577,9.215297632536766
6325268549,0,192.46786499023438,-70.69042205810547,0.03332538530230522,9.255605804457211
6350268550,0,192.46920776367188,-70.4583740234375,0.033348578959703445,9.291756926216143
6375268550,0,192.4705810546875,-70.22550201416016,0.033374249935150146,9.323181657756889
6400268550,0,192.4719696044922,-69.99195861816406,0.03340263292193413,9.348992446078794
6425268551,0,192.47335815429688,-69.75786590576172,0.033433835953474045,9.36936181894303
6450268551,0,192.4747772216797,-69.52336883544922,0.0334673672914505,9.385000019264286
6475268552,0,192.47622680664062,-69.28856658935547,0.03350284323096275,9.395608641386868
6500268552,0,192.477783203125,-69.05358123779297,0.03353961929678917,9.402242435113104
6525268552,0,192.47943115234375,-68.81849670410156,0.03357688710093498,9.405246192844608
6550268553,0,192.481201171875,-68.5833969116211,0.03361396864056587,9.405406852685369
6575268553,0,192.48306274414062,-68.34835052490234,0.033650513738393784,9.402200861414698
6600268553,0,192.48495483398438,-68.11345672607422,0.03368663787841797,9.395277793966015
6625268554,0,192.48687744140625,-67.8787841796875,0.03372218832373619,9.385746962878438
6650268554,0,192.48890686035156,-67.6444091796875,0.03375663608312607,9.373617261108656
6675268555,0,192.49107360839844,-67.410400390625,0.03379074111580849,9.357218342814352
6700268555,0,192.4933624267578,-67.17688751220703,0.03382473066449165,9.337307144856677
6725268555,0,192.4956817626953,-66.94390106201172,0.03385799378156662,9.315425677993654
6750268556,0,192.49801635742188,-66.71145629882812,0.03388885408639908,9.29408110360638
6775268556,0,192.5004119873047,-66.47952270507812,0.03391639515757561,9.273452014885983
6800268556,0,192.5028533935547,-66.24809265136719,0.03394031524658203,9.253493185169114
6825268557,0,192.50534057617188,-66.01714324951172,0.03396056964993477,9.234486845780541
6850268557,0,192.50782775878906,-65.7866439819336,0.03397712484002113,9.216566593179532
6875268558,0,192.51022338867188,-65.55657196044922,0.03399047628045082,9.19932698334307
6900268558,0,192.51258850097656,-65.3269271850586,0.03400111943483353,9.182387913178813
6925268558,0,192.51492309570312,-65.09770965576172,0.034010086208581924,9.164981065363628
6950268559,0,192.51730346679688,-64.86894226074219,0.03401767835021019,9.147152319138334
6975268559,0,192.51966857910156,-64.640625,0.034024618566036224,9.12870721120003
7000268559,0,192.52200317382812,-64.41278839111328,0.034031257033348083,9.109345775171077
7025268560,0,192.52435302734375,-64.18543243408203,0.034037552773952484,9.089847257874817
7050268560,0,192.52664184570312,-63.95856475830078,0.0340430811047554,9.070698270504142
7075268561,0,192.52891540527344,-63.732177734375,0.034047964960336685,9.051301763128484
7100268561,0,192.5311737060547,-63.50629425048828,0.03405292332172394,9.030357385358222
7125268561,0,192.5334014892578,-63.281009674072266,0.03405952453613281,9.005447724529555
7150268562,0,192.5355987548828,-63.05641555786133,0.03406841307878494,8.977493601578795
7175268562,0,192.53782653808594,-62.832523345947266,0.034078408032655716,8.949106927726136
7200268562,0,192.5400390625,-62.60935974121094,0.034088898450136185,8.920033026874789
7225268563,0,192.542236328125,-62.38693618774414,0.03409934788942337,8.890081679722021
7250268563,0,192.54440307617188,-62.16523361206055,0.03410850465297699,8.86208472432616
7275268564,0,192.54661560058594,-61.94417953491211,0.034115180373191833,8.836556647359501
7300268564,0,192.54888916015625,-61.72372817993164,0.03411926329135895,8.812710575736906
7325268564,0,192.55116271972656,-61.50382995605469,0.0341205969452858,8.791118678748914
7350268565,0,192.55343627929688,-61.28444290161133,0.0341193750500679,8.771218126297725
7375268565,0,192.55569458007812,-61.06552505493164,0.03411640226840973,8.752605771676581
7400268565,0,192.5579376220703,-60.8470573425293,0.03411220386624336,8.734267964025136
7425268566,0,192.56027221679688,-60.62906265258789,0.03410789370536804,8.715666949938992
7450268566,0,192.56271362304688,-60.41151809692383,0.03410350903868675,8.697674319169012
7475268566,0,192.56529235839844,-60.19440841674805,0.03409862518310547,8.680952598068778
7500268567,0,192.56802368164062,-59.97768020629883,0.034093018621206284,8.666139104615244
7525268567,0,192.57089233398438,-59.76127624511719,0.03408599644899368,8.65349194674844
7550268568,0,192.57376098632812,-59.54514694213867,0.03407752886414528,8.64328731823176
7575268568,0,192.57662963867188,-59.32921600341797,0.03406722843647003,8.636147526114765
7600268568,0,192.5795440673828,-59.1134033203125,0.034054603427648544,8.63264774983488
7625268569,0,192.58241271972656,-58.89765548706055,0.034041136503219604,8.629366148332961
7650268569,0,192.5852508544922,-58.68199157714844,0.03402771055698395,8.626161817252658
7675268569,0,192.58802795410156,-58.46640396118164,0.034015119075775146,8.622973732384523
7700268570,0,192.59103393554688,-58.25101852416992,0.03400665149092674,8.610580351487236
7725268570,0,192.59429931640625,-58.03647994995117,0.03401435911655426,8.571592327915212
7750268571,0,192.59759521484375,-57.82341003417969,0.03404342755675316,8.506782535878779
7775268571,0,192.60079956054688,-57.612464904785156,0.03409568592905998,8.416181625516055
7800268571,0,192.60366821289062,-57.40399932861328,0.034163739532232285,8.322256734029049
7825268572,0,192.60633850097656,-57.196956634521484,0.03421371430158615,8.275318699816717
7850268572,0,192.60903930664062,-56.99026107788086,0.03422920033335686,8.269526338226775
7875268572,0,192.61170959472656,-56.78361511230469,0.034219857305288315,8.265831390595583
7900268573,0,192.61441040039062,-56.57703399658203,0.03419868275523186,8.262628786436196
7925268573,0,192.6170196533203,-56.370521545410156,0.03417243808507919,8.25954847572629
7950268574,0,192.61962890625,-56.16408157348633,0.034145087003707886,8.256506736949385
7975268574,0,192.62217712402344,-55.95772171020508,0.034118615090847015,8.253475649984367
8000268574,0,192.624755859375,-55.75143814086914,0.03409416228532791,8.250449319411626
8025268575,0,192.6273193359375,-55.54523468017578,0.03407222777605057,8.247425368933856
8050268575,0,192.62989807128906,-55.33910369873047,0.034052733331918716,8.244400564873322
8075268575,0,192.6325225830078,-55.133056640625,0.03403545171022415,8.241377371875387
8100268576,0,192.6351776123047,-54.92708969116211,0.03402065113186836,8.238355646936897
8125268576,0,192.63784790039062,-54.72086715698242,0.033999938517808914,8.260484222150529
8150268577,0,192.6405792236328,-54.51355743408203,0.03396068513393402,8.302510770403957
8175268577,0,192.6433868408203,-54.30516052246094,0.03391387686133385,8.346179163539029
8200268577,0,192.6463165283203,-54.09564971923828,0.03386509045958519,8.39110182841104
8225268578,0,192.6493377685547,-53.88499450683594,0.03381740674376488,8.437101074089718
8250268578,0,192.6524200439453,-53.67317199707031,0.03377246856689453,8.484012516554277
8275268578,0,192.6555633544922,-53.460174560546875,0.033731039613485336,8.531675731351724
8300268579,0,192.65882873535156,-53.2459716796875,0.033693429082632065,8.579873633919174
8325268579,0,192.6623077392578,-53.03057098388672,0.033659934997558594,8.628186822982766
8350268580,0,192.6659698486328,-52.81398010253906,0.03363048657774925,8.675979041967565
8375268580,0,192.66973876953125,-52.596214294433594,0.03360530734062195,8.722765949234507
8400268580,0,192.6735382080078,-52.3773078918457,0.033584363758563995,8.768410527224868
8425268581,0,192.67733764648438,-52.15727233886719,0.03356735035777092,8.812997689800483
8450268581,0,192.68115234375,-51.93616485595703,0.03355419263243675,8.855988069086251
8475268581,0,192.68495178222656,-51.714012145996094,0.03354454040527344,8.897303359489973
8500268582,0,192.68878173828125,-51.49086380004883,0.03353820741176605,8.93652422689739
8525268582,0,192.69253540039062,-51.26679229736328,0.03353557363152504,8.973163714609417
8550268582,0,192.69618225097656,-51.0418701171875,0.0335366427898407,9.00599916350844
8575268583,0,192.6996612548828,-50.81623077392578,0.03354251757264137,9.033151120883693
8600268583,0,192.7030029296875,-50.590126037597656,0.03355605900287628,9.047209668551067
8625268584,0,192.7063446044922,-50.364227294921875,0.033587150275707245,9.03242207841811
8650268584,0,192.7096405029297,-50.13922882080078,0.03364013507962227,8.9908512791638
8675268584,0,192.71278381347656,-49.91558837890625,0.03371120244264603,8.937106066971177
8700268585,0,192.7158203125,-49.692806243896484,0.03377639874815941,8.90903575388007
8725268585,0,192.71875,-49.47040939331055,0.03382556885480881,8.894441064974934
8750268585,0,192.7215118408203,-49.248382568359375,0.03386329486966133,8.879292062399065
8775268586,0,192.7241973876953,-49.02668762207031,0.03389213606715202,8.86608930815663
8800268586,0,192.7267303466797,-48.80528259277344,0.03391364961862564,8.854909133798119
8825268587,0,192.7291717529297,-48.58411407470703,0.0339292511343956,8.84541704587707
8850268587,0,192.73155212402344,-48.363162994384766,0.03394000977277756,8.83722226054807
8875268587,0,192.73390197753906,-48.14239501953125,0.0339474081993103,8.829621577849062
8900268588,0,192.7362518310547,-47.921810150146484,0.033952370285987854,8.822334324526688
8925268588,0,192.7386016845703,-47.70138931274414,0.033955421298742294,8.816056026569663
8950268588,0,192.74099731445312,-47.4810791015625,0.03395625948905945,8.812079668532945
8975268589,0,192.7434539794922,-47.260799407958984,0.033953893929719925,8.811950598945156
9000268589,0,192.74609375,-47.04045486450195,0.0339481346309185,8.815428577947863
9025268590,0,192.74884033203125,-46.81996536254883,0.03393932431936264,8.82156795825585
9050268590,0,192.751708984375,-46.59929275512695,0.03392860293388367,8.829201007420629
9075268590,0,192.754638671875,-46.37841796875,0.033916931599378586,8.837709044399553
9100268591,0,192.75775146484375,-46.15730285644531,0.033904723823070526,8.847647432039231
9125268591,0,192.76116943359375,-45.93593215942383,0.033892326056957245,8.858518816807349
9150268591,0,192.7648162841797,-45.71426773071289,0.03388000279664993,8.870523491999624
9175268592,0,192.76856994628906,-45.492279052734375,0.033867910504341125,8.883796766747826
9200268592,0,192.77235412597656,-45.26993942260742,0.033855780959129333,8.897873309305542
9225268593,0,192.7761993408203,-45.04724884033203,0.033844564110040665,8.911979157653638
9250268593,0,192.7801055908203,-44.82421112060547,0.033834073692560196,8.926352422407934
9275268593,0,192.78407287597656,-44.60081100463867,0.033824652433395386,8.94070667239611
9300268594,0,192.7881622314453,-44.37705612182617,0.03381633758544922,8.954970841004195
9325268594,0,192.7923583984375,-44.15294647216797,0.03380924090743065,8.969005964004332
9350268594,0,192.79653930664062,-43.928504943847656,0.03380344435572624,8.982397041216927
9375268595,0,192.80064392089844,-43.70374298095703,0.033799055963754654,8.994412029916882
9400268595,0,192.80471801757812,-43.47874450683594,0.033797264099121094,9.003462736560937
9425268596,0,192.80886840820312,-43.25362777709961,0.03379981964826584,9.006655725188146
9450268596,0,192.81298828125,-43.028533935546875,0.03380699083209038,9.004797221767735
9475268596,0,192.8170928955078,-42.80354309082031,0.03381824493408203,9.000229579713876
9500268597,0,192.8211669921875,-42.57868576049805,0.03383144363760948,8.994700995635084
9525268597,0,192.82522583007812,-42.35396957397461,0.03384506329894066,8.989323226557486
9550268597,0,192.8292694091797,-42.12934494018555,0.0338570773601532,8.986163069039891
9575268598,0,192.83335876464844,-41.904754638671875,0.03386630862951279,8.985411630542512
9600268598,0,192.83741760253906,-41.68014144897461,0.03387237340211868,8.986753553603974
9625268599,0,192.84152221679688,-41.45545196533203,0.03387550264596939,8.990012087429603
9650268599,0,192.8455352783203,-41.23064422607422,0.03387584537267685,8.995233339382947
9675268599,0,192.84950256347656,-41.00566864013672,0.033873673528432846,9.002280596720578
9700268600,0,192.853515625,-40.780479431152344,0.03386955335736275,9.011043615648168
9725268600,0,192.85751342773438,-40.55504608154297,0.03386379033327103,9.021121526955445
9750268600,0,192.86155700683594,-40.329341888427734,0.03385680913925171,9.032362602311759
9775268601,0,192.86561584472656,-40.10334014892578,0.03384922072291374,9.044518880834863
9800268601,0,192.86968994140625,-39.87701416015625,0.03384139761328697,9.057249139899554
9825268601,0,192.87374877929688,-39.65037155151367,0.03383369371294975,9.069998557475358
9850268602,0,192.8778533935547,-39.42342758178711,0.03382682800292969,9.082095124453671
9875268602,0,192.88197326660156,-39.19619369506836,0.033821143209934235,9.09350004620083
9900268603,0,192.88609313964844,-38.96867752075195,0.0338163748383522,9.105129024879945
9925268603,0,192.8902130126953,-38.7408447265625,0.03381206467747688,9.11765941205191
9950268603,0,192.89434814453125,-38.512699127197266,0.03380779176950455,9.130434110640138
9975268604,0,192.89849853515625,-38.28423309326172,0.03380390256643295,9.143170121147644
10000268604,0,192.9026336669922,-38.05545425415039,0.03380054235458374,9.155781732688697
10025268604,0,192.90673828125,-37.82636260986328,0.03379768133163452,9.168122178835649
10050268605,0,192.91079711914062,-37.59696960449219,0.0337955467402935,9.180034616868653
10075268605,0,192.91476440429688,-37.3672981262207,0.03379417210817337,9.190847108959241
10100268606,0,192.918701171875,-37.13739013671875,0.033794403076171875,9.199746979329328
10125268606,0,192.92259216308594,-36.90728759765625,0.0337962731719017,9.207045883802898
10150268606,0,192.9264678955078,-36.67706298828125,0.03380046784877777,9.211139903011091
10175268607,0,192.93028259277344,-36.44682693481445,0.033807944506406784,9.210532228362329
10200268607,0,192.93411254882812,-36.216670989990234,0.03381847217679024,9.206767135991928
10225268607,0,192.93788146972656,-35.9866828918457,0.0338321290910244,9.199067058881822
10250268608,0,192.94161987304688,-35.75693893432617,0.03384822607040405,9.188743240857931
10275268608,0,192.9452667236328,-35.52745819091797,0.03386493772268295,9.178534624066868
10300268609,0,192.94888305664062,-35.298187255859375,0.03387996554374695,9.170572664201256
10325268609,0,192.95242309570312,-35.069068908691406,0.033892057836055756,9.165007231755338
10350268609,0,192.95591735839844,-34.84003829956055,0.03390052542090416,9.16193288101514
10375268610,0,192.95941162109375,-34.61103820800781,0.033905334770679474,9.161205112343987
10400268610,0,192.9628448486328,-34.38200759887695,0.033906858414411545,9.162636485845571
10425268610,0,192.96627807617188,-34.15291213989258,0.0339057520031929,9.165835773219582
10450268611,0,192.96969604492188,-33.923702239990234,0.033902283757925034,9.170477729294511
10475268611,0,192.9730987548828,-33.69435501098633,0.0338972844183445,9.176400016754268
10500268612,0,192.9764404296875,-33.464839935302734,0.03389110416173935,9.183196075575507
10525268612,0,192.97976684570312,-33.235137939453125,0.03388454392552376,9.190490309082787
10550268612,0,192.98304748535156,-33.00525665283203,0.033877868205308914,9.19804613712896
10575268613,0,192.986328125,-32.775177001953125,0.03387141972780228,9.205740922402248
10600268613,0,192.9896240234375,-32.5449104309082,0.03386547043919563,9.213448127600996
10625268613,0,192.99290466308594,-32.314449310302734,0.03386016935110092,9.221210467939322
10650268614,0,192.99618530273438,-32.08378982543945,0.03385532274842262,9.2290319921218
10675268614,0,192.99945068359375,-31.852935791015625,0.0338510125875473,9.236860949844516
10700268615,0,193.002685546875,-31.621889114379883,0.033847272396087646,9.244734111364723
10725268615,0,193.00587463378906,-31.390642166137695,0.033843956887722015,9.252626135718733
10750268615,0,193.00906372070312,-31.15920639038086,0.033841323107481,9.260065581909101
10775268616,0,193.01217651367188,-30.927597045898438,0.03383949026465416,9.266668863278161
10800268616,0,193.01528930664062,-30.69584083557129,0.03383861482143402,9.272431340319889
10825268616,0,193.01837158203125,-30.463956832885742,0.03383880481123924,9.277486549705158
10850268617,0,193.0214385986328,-30.23196029663086,0.033839836716651917,9.281825030556911
10875268617,0,193.02447509765625,-29.99986457824707,0.03384155035018921,9.285420983245519
10900268618,0,193.02748107910156,-29.767696380615234,0.03384410962462425,9.288220497772084
10925268618,0,193.0304412841797,-29.535472869873047,0.033847272396087646,9.290162173128161
10950268618,0,193.0333709716797,-29.30322265625,0.03385116532444954,9.291218196262125
10975268619,0,193.03628540039062,-29.07095718383789,0.03385555371642113,9.291411819574352
11000268619,0,193.0391387939453,-28.838706970214844,0.03386051207780838,9.290548409882062
11025268619,0,193.04193115234375,-28.60649871826172,0.033866044133901596,9.288789903119788
11050268620,0,193.044677734375,-28.374338150024414,0.03387187793850899,9.2867844607777
11075268620,0,193.04742431640625,-28.14222526550293,0.03387729451060295,9.284779898214394
11100268620,0,193.05015563964844,-27.91016387939453,0.03388233110308647,9.282878303896444
11125268621,0,193.05287170410156,-27.678146362304688,0.03388667851686478,9.280972967574007
11150268621,0,193.0555877685547,-27.44618034362793,0.033890724182128906,9.278877074401036
11175268622,0,193.05831909179688,-27.21426010131836,0.03389423340559006,9.277155964799881
11200268622,0,193.06105041503906,-26.98237419128418,0.03389694169163704,9.275795864506605
11225268622,0,193.0638427734375,-26.750524520874023,0.03389900177717209,9.27458913398816
11250268623,0,193.0666046142578,-26.518693923950195,0.03390045091509819,9.273812325663984
11275268623,0,193.06936645507812,-26.286867141723633,0.033901214599609375,9.273769853053395
11300268623,0,193.0721435546875,-26.05502700805664,0.03390106186270714,9.274433856534149
11325268624,0,193.07492065429688,-25.82316017150879,0.03390026092529297,9.275528691479437
11350268624,0,193.0777130126953,-25.59126853942871,0.033899154514074326,9.276610545160002
11375268625,0,193.0805206298828,-25.359352111816406,0.033897969871759415,9.277531348844915
11400268625,0,193.08335876464844,-25.12741470336914,0.033896904438734055,9.278339578610721
11425268625,0,193.086181640625,-24.895458221435547,0.033895909786224365,9.279085765627203
11450268626,0,193.0890655517578,-24.663482666015625,0.03389503434300423,9.279976652695686
11475268626,0,193.09190368652344,-24.431476593017578,0.033894043415784836,9.281237756317843
11500268626,0,193.09478759765625,-24.199432373046875,0.03389301151037216,9.282951352069965
11525268627,0,193.09765625,-23.96734046936035,0.03389167785644531,9.284782943819582
11550268627,0,193.1005401611328,-23.735206604003906,0.03389045596122742,9.286411137663695
11575268628,0,193.10340881347656,-23.50303077697754,0.03388942778110504,9.287940209429907
11600268628,0,193.10626220703125,-23.270824432373047,0.03388851135969162,9.289406742702544
11625268628,0,193.10903930664062,-23.038578033447266,0.03388778492808342,9.290955927086625
11650268629,0,193.11170959472656,-22.80628776550293,0.033886946737766266,9.292677520743249
11675268629,0,193.11436462402344,-22.573951721191406,0.033886298537254333,9.294499677523492
11700268629,0,193.1169891357422,-22.341571807861328,0.033885613083839417,9.296203882886598
11725268630,0,193.11956787109375,-22.109149932861328,0.03388511762022972,9.297701290846112
11750268630,0,193.12210083007812,-21.876699447631836,0.03388481214642525,9.299019285221945
11775268631,0,193.12466430664062,-21.644216537475586,0.033884696662425995,9.300229237562943
11800268631,0,193.12722778320312,-21.41170310974121,0.03388481214642525,9.30140103500664
11825268631,0,193.12977600097656,-21.179162979125977,0.033884886652231216,9.302626381017417
11850268632,0,193.1322784423828,-20.94658088684082,0.033884771168231964,9.304138221833433
11875268632,0,193.134765625,-20.713956832885742,0.03388465940952301,9.306105237438217
11900268632,0,193.13722229003906,-20.481273651123047,0.03388385847210884,9.30846418211822
11925268633,0,193.13967895507812,-20.248523712158203,0.03388301655650139,9.311111637300558
11950268633,0,193.14210510253906,-20.015705108642578,0.033881910145282745,9.313855707420034
11975268634,0,193.1444854736328,-19.782819747924805,0.03388069197535515,9.316476312601038
12000268634,0,193.14683532714844,-19.54987335205078,0.03387973830103874,9.319018301748393
12025268634,0,193.14920043945312,-19.31686019897461,0.03387889638543129,9.321605055192517
12050268635,0,193.15145874023438,-19.083782196044922,0.033878058195114136,9.324232990043365
12075268635,0,193.15370178222656,-18.85063362121582,0.03387729451060295,9.327043972172671
12100268635,0,193.15589904785156,-18.617414474487305,0.03387649357318878,9.329876477070913
12125268636,0,193.1580352783203,-18.384124755859375,0.0338757298886776,9.332638055031495
12150268636,0,193.16015625,-18.150772094726562,0.0338752344250679,9.335101197047823
12175268637,0,193.1623077392578,-17.917362213134766,0.03387496992945671,9.33731418375179
12200268637,0,193.1644744873047,-17.68390464782715,0.03387515991926193,9.33913448070105
12225268637,0,193.16665649414062,-17.450408935546875,0.033875808119773865,9.34053251797577
12250268638,0,193.16883850097656,-17.216886520385742,0.03387664631009102,9.341662823657042
12275268638,0,193.17095947265625,-16.983335494995117,0.033877789974212646,9.342671414254268
12300268638,0,193.17306518554688,-16.74976348876953,0.033878859132528305,9.343504941175055
12325268639,0,193.1751708984375,-16.51617431640625,0.03388019651174545,9.34410546553367
12350268639,0,193.17730712890625,-16.282567977905273,0.03388160467147827,9.344901497211334
12375268639,0,193.1793975830078,-16.048934936523438,0.033882446587085724,9.34598419927989
12400268640,0,193.1814727783203,-15.815275192260742,0.03388321027159691,9.347037548949707
12425268640,0,193.18356323242188,-15.58159351348877,0.03388401120901108,9.34783693855537
12450268641,0,193.18565368652344,-15.347898483276367,0.033884886652231216,9.348283748642041
12475268641,0,193.1878662109375,-15.1141996383667,0.03388591855764389,9.348340510861796
12500268641,0,193.1901092529297,-14.880504608154297,0.03388713672757149,9.34831363484769
12525268642,0,193.1923370361328,-14.646807670593262,0.0338883213698864,9.348390404405151
12550268642,0,193.19456481933594,-14.413105964660645,0.03388931229710579,9.348606987400402
12575268642,0,193.19679260253906,-14.179396629333496,0.03389022871851921,9.348824452828222
12600268643,0,193.19900512695312,-13.945684432983398,0.03389095142483711,9.348987836190704
12625268643,0,193.20126342773438,-13.71196460723877,0.03389148786664009,9.349394784199834
12650268644,0,193.2035369873047,-13.47823429107666,0.0338919423520565,9.349793468970773
12675268644,0,193.205810546875,-13.244491577148438,0.03389221057295799,9.350302020547398
12700268644,0,193.20806884765625,-13.010730743408203,0.03389224782586098,9.351018517503517
12725268645,0,193.2102508544922,-12.776951789855957,0.03389217332005501,9.351808157461495
12750268645,0,193.21237182617188,-12.543153762817383,0.033891983330249786,9.35253578662679
12775268645,0,193.21449279785156,-12.309334754943848,0.03389183059334755,9.353405193449287
12800268646,0,193.2165985107422,-12.075489044189453,0.03389144688844681,9.354432408499706
12825268646,0,193.21875,-11.841619491577148,0.03389102965593338,9.355365055977892
12850268647,0,193.22091674804688,-11.607732772827148,0.03389087691903114,9.355971317106706
12875268647,0,193.22303771972656,-11.373844146728516,0.03389102965593338,9.355871780435711
12900268647,0,193.2251739501953,-11.139975547790527,0.033891983330249786,9.354834141694582
12925268648,0,193.227294921875,-10.906147003173828,0.033893585205078125,9.353073405640378
12950268648,0,193.22938537597656,-10.672372817993164,0.033895835280418396,9.350803030280742
12975268648,0,193.2314453125,-10.438668251037598,0.03389858081936836,9.347839569746167
13000268649,0,193.23345947265625,-10.205047607421875,0.033901747316122055,9.344382936130735
13025268649,0,193.23548889160156,-9.971517562866211,0.033905066549777985,9.340791211365497
13050268650,0,193.23753356933594,-9.738076210021973,0.033908117562532425,9.33722280350917
13075268650,0,193.23960876464844,-9.504725456237793,0.03391113132238388,9.333544108197712
13100268650,0,193.24166870117188,-9.271469116210938,0.03391391783952713,9.329729675384517
13125268651,0,193.24368286132812,-9.038312911987305,0.03391651064157486,9.325662325715696
13150268651,0,193.2456817626953,-8.805264472961426,0.03391910344362259,9.321280194915262
13175268651,0,193.24765014648438,-8.572325706481934,0.03392162173986435,9.316830721032
13200268652,0,193.24964904785156,-8.339497566223145,0.03392395004630089,9.312437067598774
13225268652,0,193.25161743164062,-8.10677433013916,0.033925820142030716,9.30838913860354
13250268653,0,193.253662109375,-7.874136924743652,0.033926963806152344,9.305164457964132
13275268653,0,193.2558135986328,-7.641565322875977,0.03392726927995682,9.302678491987637
13300268653,0,193.25802612304688,-7.409048080444336,0.033926963806152344,9.300613906785278
13325268654,0,193.26031494140625,-7.176572799682617,0.033925894647836685,9.299121375431787
13350268654,0,193.26263427734375,-6.94412088394165,0.03392425552010536,9.29830262211974
13375268654,0,193.2649688720703,-6.711679458618164,0.033922117203474045,9.298035397411832
13400268655,0,193.26739501953125,-6.4792375564575195,0.03391963988542557,9.29815199207479
13425268655,0,193.26991271972656,-6.24678373336792,0.0339166633784771,9.298785259737093
13450268656,0,193.27249145507812,-6.0143022537231445,0.03391357511281967,9.300129105229413
13475268656,0,193.27503967285156,-5.781777381896973,0.033910177648067474,9.301869407782219
13500268656,0,193.2775115966797,-5.549208164215088,0.03390663117170334,9.303621905152898
13525268657,0,193.2799835205078,-5.316598892211914,0.033903349190950394,9.305139650189599
13550268657,0,193.2823944091797,-5.08396053314209,0.03390083089470863,9.306205508052662
13575268657,0,193.28480529785156,-4.85130500793457,0.03389903903007507,9.306722424042274
13600268658,0,193.2870635986328,-4.618650913238525,0.03389804810285568,9.306491172495065
13625268658,0,193.28927612304688,-4.386011600494385,0.03389777988195419,9.305768000938894
13650268658,0,193.2913818359375,-4.153400897979736,0.03389831632375717,9.304455211829579
13675268659,0,193.29342651367188,-3.920832633972168,0.03389938175678253,9.30267752978094
13700268659,0,193.29550170898438,-3.6883091926574707,0.033900871872901917,9.30094182013818
13725268660,0,193.2975616455078,-3.455824613571167,0.0339021310210228,9.299451141534702
13750268660,0,193.29959106445312,-3.2233726978302,0.033903274685144424,9.298140884861075
13775268660,0,193.30162048339844,-2.990952968597412,0.03390422835946083,9.296830695236661
13800268661,0,193.3035888671875,-2.7585694789886475,0.03390510380268097,9.295296058494264
13825268661,0,193.3055419921875,-2.5262300968170166,0.033906057476997375,9.293491249496753
13850268661,0,193.30743408203125,-2.293938159942627,0.03390716388821602,9.291463725349638
13875268662,0,193.309326171875,-2.0617103576660156,0.03390853852033615,9.288744308768397
13900268662,0,193.3112335205078,-1.8295629024505615,0.03391040861606598,9.285414413620089
13925268663,0,193.31309509277344,-1.5975079536437988,0.03391246870160103,9.281541633954205
13950268663,0,193.31500244140625,-1.3655674457550049,0.03391517698764801,9.27679524089819
13975268663,0,193.31686401367188,-1.1337549686431885,0.03391838073730469,9.27156427135977
14000268664,0,193.31878662109375,-0.9020832777023315,0.033921774476766586,9.26579722463922
14025268664,0,193.32086181640625,-0.6705712676048279,0.03392558917403221,9.259348444433089
14050268664,0,193.3231658935547,-0.4392314851284027,0.03392970934510231,9.252375720185842
14075268665,0,193.3256378173828,-0.20808883011341095,0.0339340977370739,9.244249312182061
14100268665,0,193.32847595214844,0.022816618904471397,0.033939361572265625,9.234760052655275
14125268666,0,193.33135986328125,0.25350040197372437,0.03394431993365288,9.226159117714822
14150268666,0,193.33428955078125,0.48398345708847046,0.03394844010472298,9.218379811350315
14175268666,0,193.33753967285156,0.71429044008255,0.03395149111747742,9.211750197594638
14200268667,0,193.34083557128906,0.9444563984870911,0.033953018486499786,9.20643814561442
14225268667,0,193.34429931640625,1.1745092868804932,0.03395294025540352,9.2021845223085
14250268667,0,193.3478546142578,1.4044718742370605,0.033951643854379654,9.198812726179082
14275268668,0,193.35142517089844,1.6343662738800049,0.03394943103194237,9.196280057343351
14300268668,0,193.35508728027344,1.86421537399292,0.03394634276628494,9.194744373829566
14325268669,0,193.35882568359375,2.0940468311309814,0.03394229710102081,9.194323424071529
14350268669,0,193.36265563964844,2.3238840103149414,0.03393745422363281,9.194781436638381
14375268669,0,193.3665008544922,2.553743839263916,0.03393238037824631,9.195782770154617
14400268670,0,193.37022399902344,2.7836334705352783,0.03392700105905533,9.196910283952782
14425268670,0,193.37388610839844,3.0135490894317627,0.033922117203474045,9.197870958824844
14450268670,0,193.37745666503906,3.2434911727905273,0.03391769155859947,9.198928381798073
14475268671,0,193.38096618652344,3.4734649658203125,0.03391364961862564,9.200268471657566
14500268671,0,193.3844451904297,3.703481674194336,0.03390968218445778,9.202065334647179
14525268672,0,193.38792419433594,3.9335508346557617,0.03390590474009514,9.204267262302201
14550268672,0,193.39138793945312,4.163680553436279,0.0339021310210228,9.206723686069104
14575268672,0,193.39483642578125,4.393873691558838,0.03389858081936836,9.209299877919772
14600268673,0,193.3983154296875,4.6241302490234375,0.033895302563905716,9.211857657229379
14625268673,0,193.40179443359375,4.854448318481445,0.033892516046762466,9.214257528971318
14650268673,0,193.40524291992188,5.084820747375488,0.033890075981616974,9.216373336029783
14675268674,0,193.40866088867188,5.315239906311035,0.03388835862278938,9.218104717532725
14700268674,0,193.4120330810547,5.5456953048706055,0.03388725221157074,9.219494835255736
14725268675,0,193.4154052734375,5.776181697845459,0.033886488527059555,9.220707443045882
14750268675,0,193.4187774658203,6.006693363189697,0.033886220306158066,9.221710918017074
14775268675,0,193.42222595214844,6.237224102020264,0.033886298537254333,9.222404328162447
14800268676,0,193.4257049560547,6.4677653312683105,0.03388679400086403,9.222818968308667
14825268676,0,193.42921447753906,6.6983184814453125,0.03388744220137596,9.223338227989673
14850268676,0,193.43276977539062,6.9288859367370605,0.03388790041208267,9.223964341786322
14875268677,0,193.4363555908203,7.159468173980713,0.03388851135969162,9.22463883896124
14900268677,0,193.44003295898438,7.390069484710693,0.033888738602399826,9.225430582157099
14925268677,0,193.44381713867188,7.620687484741211,0.033889006823301315,9.226169673839168
14950268678,0,193.4476318359375,7.851323127746582,0.03388931229710579,9.22684485232234
14975268678,0,193.4514923095703,8.081972122192383,0.033889733254909515,9.22737999383861
15000268679,0,193.45538330078125,8.312633514404297,0.03389003500342369,9.227905460530355
15025268679,0,193.4593048095703,8.54330825805664,0.033890265971422195,9.228510629130543
15050268679,0,193.4633026123047,8.773999214172363,0.033890534192323685,9.229250484471432
15075268680,0,193.46730041503906,9.00471305847168,0.033890534192323685,9.230174745807139
15100268680,0,193.4712677001953,9.235452651977539,0.03389038145542145,9.231230487150244
15125268680,0,193.47520446777344,9.46622371673584,0.03389011323451996,9.232523792544956
15150268681,0,193.47914123535156,9.697032928466797,0.03388958051800728,9.234079405677656
15175268681,0,193.48301696777344,9.927885055541992,0.033888932317495346,9.23585262232539
15200268682,0,193.48681640625,10.158793449401855,0.033887747675180435,9.238168430854287
15225268682,0,193.49053955078125,10.389768600463867,0.033886414021253586,9.240878085764345
15250268682,0,193.49420166015625,10.62081527709961,0.033884886652231216,9.24366027235156
15275268683,0,193.49778747558594,10.851930618286133,0.03388335928320885,9.246389447767685
15300268683,0,193.50132751464844,11.083112716674805,0.03388195112347603,9.248899562660805
15325268683,0,193.5048065185547,11.314353942871094,0.033880844712257385,9.251302506475302
15350268684,0,193.5082244873047,11.545658111572266,0.033880043774843216,9.253776829752073
15375268684,0,193.51153564453125,11.777027130126953,0.033879201859235764,9.25629444388853
15400268685,0,193.51480102539062,12.008458137512207,0.03387851640582085,9.25871228712448
15425268685,0,193.5180206298828,12.239948272705078,0.03387794271111488,9.261115380801556
15450268685,0,193.52114868164062,12.471500396728516,0.03387756273150444,9.263492235122344
15475268686,0,193.52413940429688,12.703116416931152,0.03387698903679848,9.266051327551967
15500268686,0,193.5269317626953,12.934803009033203,0.033876534551382065,9.268907132204296
15525268686,0,193.5296173095703,13.166568756103516,0.03387584537267685,9.271975883064304
15550268687,0,193.53224182128906,13.398408889770508,0.03387504443526268,9.274957729476926
15575268687,0,193.53477478027344,13.630321502685547,0.03387439623475075,9.277842953906513
15600268688,0,193.53721618652344,13.862309455871582,0.03387390077114105,9.280786129466879
15625268688,0,193.53955078125,14.094374656677246,0.03387325257062912,9.283906733723295
15650268688,0,193.5417022705078,14.326522827148438,0.0338725671172142,9.287205294489063
15675268689,0,193.5436553955078,14.558757781982422,0.03387187793850899,9.290622886763607
15700268689,0,193.54551696777344,14.791083335876465,0.0338711142539978,9.294239536361502
15725268689,0,193.5472412109375,15.023504257202148,0.03387020155787468,9.297979665397635
15750268690,0,193.5487823486328,15.256022453308105,0.03386924788355827,9.30195865201801
15775268690,0,193.55003356933594,15.48864459991455,0.03386814147233963,9.306095350602826
15800268691,0,193.55105590820312,15.721379280090332,0.03386695683002472,9.310563003914377
15825268691,0,193.55178833007812,15.954224586486816,0.0338655449450016,9.31503967455463
15850268691,0,193.55226135253906,16.187177658081055,0.03386455401778221,9.319219809278769
15875268692,0,193.55245971679688,16.420225143432617,0.033863868564367294,9.322908769236426
15900268692,0,193.55239868164062,16.653352737426758,0.03386379033327103,9.325946613923268
15925268692,0,193.55198669433594,16.88654327392578,0.033864326775074005,9.328282080029783
15950268693,0,193.55128479003906,17.119779586791992,0.03386547043919563,9.33000645236813
15975268693,0,193.55038452148438,17.35304069519043,0.0338674932718277,9.330866212067418
16000268694,0,193.54931640625,17.5862979888916,0.03387012332677841,9.330391434120573
16025268694,0,193.548095703125,17.819517135620117,0.03387405350804329,9.32864951111669
16050268694,0,193.54681396484375,18.05267333984375,0.033878669142723083,9.325862250499382
16075268695,0,193.54541015625,18.285747528076172,0.033883895725011826,9.322520878692668
16100268695,0,193.5438232421875,18.518735885620117,0.033889275044202805,9.319063144319212
16125268695,0,193.54208374023438,18.75163459777832,0.03389442339539528,9.315616780120667
16150268696,0,193.54013061523438,18.98444938659668,0.033898886293172836,9.31234884351542
16175268696,0,193.53810119628906,19.21718978881836,0.033902931958436966,9.309444283710086
16200268696,0,193.53599548339844,19.449872970581055,0.03390583023428917,9.307395142226397
16225268697,0,193.53375244140625,19.682519912719727,0.03390746936202049,9.306237714111415
16250268697,0,193.53146362304688,19.915159225463867,0.033908117562532425,9.306029886295942
16275268698,0,193.52911376953125,20.147808074951172,0.03390754759311676,9.30669347408507
16300268698,0,193.52671813964844,20.3804874420166,0.03390602022409439,9.307991516814855
16325268698,0,193.52423095703125,20.613204956054688,0.033903997391462326,9.309567600615166
16350268699,0,193.52169799804688,20.845964431762695,0.0339016318321228,9.31139408156663
16375268699,0,193.51910400390625,21.078779220581055,0.033898964524269104,9.313606360711054
16400268699,0,193.51646423339844,21.311649322509766,0.033896178007125854,9.316076472135013
16425268700,0,193.5137481689453,21.544586181640625,0.03389350697398186,9.318770583348172
16450268700,0,193.51097106933594,21.777597427368164,0.033890724182128906,9.32186151245834
16475268701,0,193.5081024169922,22.01069450378418,0.03388771042227745,9.325457086400014
16500268701,0,193.50511169433594,22.243886947631836,0.033884964883327484,9.329092197884968
16525268701,0,193.50205993652344,22.477155685424805,0.03388229385018349,9.332374206077688
16550268702,0,193.49888610839844,22.710500717163086,0.03388027101755142,9.335199902515425
16575268702,0,193.49562072753906,22.943899154663086,0.03387893736362457,9.337262864734585
16600268702,0,193.4922637939453,23.17733383178711,0.03387855365872383,9.338842035497672
16625268703,0,193.48876953125,23.410804748535156,0.033878590911626816,9.340215510075625
16650268703,0,193.4851531982422,23.644304275512695,0.03387909010052681,9.341268874520114
16675268704,0,193.4815216064453,23.877819061279297,0.03387996554374695,9.341914964063657
16700268704,0,193.4778594970703,24.11134147644043,0.03388126194477081,9.34225423318044
16725268704,0,193.47415161132812,24.34486961364746,0.033882711082696915,9.342313993319458
16750268705,0,193.47035217285156,24.578386306762695,0.03388450667262077,9.341772603179283
16775268705,0,193.4664764404297,24.811874389648438,0.03388679400086403,9.340646714072818
16800268705,0,193.46263122558594,25.045324325561523,0.033889349550008774,9.338944158056318
16825268706,0,193.458740234375,25.278724670410156,0.03389217332005501,9.336866509570743
16850268706,0,193.45486450195312,25.512069702148438,0.03389522433280945,9.334580857193863
16875268707,0,193.45095825195312,25.74535369873047,0.03389812260866165,9.33222070251411
16900268707,0,193.447021484375,25.978580474853516,0.03390079364180565,9.329951148610043
16925268707,0,193.44309997558594,26.21175765991211,0.0339030846953392,9.327977081633295
16950268708,0,193.43919372558594,26.444881439208984,0.033904992043972015,9.325968508051998
16975268708,0,193.43528747558594,26.677955627441406,0.03390670567750931,9.323719659128379
17000268708,0,193.431396484375,26.91097068786621,0.03390823304653168,9.321471687432611
17025268709,0,193.42755126953125,27.143938064575195,0.03390960767865181,9.319422800597607
17050268709,0,193.4237518310547,27.37685775756836,0.03391052037477493,9.317804000526952
17075268710,0,193.41998291015625,27.609752655029297,0.03391082584857941,9.316769056388106
17100268710,0,193.41616821289062,27.842628479003906,0.03391067311167717,9.316028546546944
17125268710,0,193.4123992919922,28.07548713684082,0.03391006216406822,9.31551001111323
17150268711,0,193.4086151123047,28.308340072631836,0.033909302204847336,9.315183001277825
17175268711,0,193.4048614501953,28.54118537902832,0.033908385783433914,9.314999539682919
17200268711,0,193.4011993408203,28.774032592773438,0.033907242119312286,9.31497332442217
17225268712,0,193.39755249023438,29.006879806518555,0.03390613570809364,9.31490927108503
17250268712,0,193.3938751220703,29.239723205566406,0.03390510380268097,9.31487612892539
17275268713,0,193.39019775390625,29.472564697265625,0.03390422835946083,9.314754165258543
17300268713,0,193.3865203857422,29.705400466918945,0.03390350192785263,9.31444878762305
17325268713,0,193.38287353515625,29.93822479248047,0.033902931958436966,9.314108926225936
17350268714,0,193.37921142578125,30.171037673950195,0.033902548253536224,9.313509070544335
17375268714,0,193.3755645751953,30.403825759887695,0.03390266373753548,9.312346969196756
17400268714,0,193.3718719482422,30.636573791503906,0.03390323743224144,9.310738824906585
17425268715,0,193.3681640625,30.86927604675293,0.033904191106557846,9.308837961238057
17450268715,0,193.36447143554688,31.101924896240234,0.03390540927648544,9.306670239953672
17475268715,0,193.36073303222656,31.334518432617188,0.0339069738984108,9.304275344415107
17500268716,0,193.3570098876953,31.56704330444336,0.033908501267433167,9.301621104314256
17525268716,0,193.3531951904297,31.79949378967285,0.03391025587916374,9.298622659558996
17550268717,0,193.34933471679688,32.03186798095703,0.03391208499670029,9.295507307915482
17575268717,0,193.34536743164062,32.26415252685547,0.03391418233513832,9.2917375438976
17600268717,0,193.3413848876953,32.49632263183594,0.033916737884283066,9.286893484867347
17625268718,0,193.33740234375,32.72834777832031,0.033920057117938995,9.281026553423896
17650268718,0,193.3334197998047,32.96023178100586,0.03392333909869194,9.275669125079647
17675268718,0,193.32940673828125,33.19200134277344,0.03392620012164116,9.271113869419167
17700268719,0,193.325439453125,33.42367172241211,0.03392810747027397,9.267285021468945
17725268719,0,193.3214569091797,33.655250549316406,0.033929213881492615,9.263915371178227
17750268720,0,193.3175506591797,33.88676834106445,0.03392936661839485,9.261408668318287
17775268720,0,193.31369018554688,34.11823272705078,0.033928945660591125,9.259199009707467
17800268720,0,193.30992126464844,34.34964370727539,0.033927880227565765,9.257330622140486
17825268721,0,193.30621337890625,34.58102798461914,0.03392627462744713,9.256338403045254
17850268721,0,193.30245971679688,34.81240463256836,0.03392398729920387,9.256251175373468
17875268721,0,193.2987060546875,35.043792724609375,0.033921051770448685,9.256923287560994
17900268722,0,193.29493713378906,35.27520751953125,0.03391765430569649,9.257986871012228
17925268722,0,193.29122924804688,35.506649017333984,0.033914223313331604,9.258909814317827
17950268723,0,193.28761291503906,35.73810577392578,0.033911168575286865,9.259363403703766
17975268723,0,193.28407287597656,35.96955871582031,0.03390903398394585,9.258768888686566
18000268723,0,193.28057861328125,36.20096969604492,0.033908043056726456,9.256955561032377
18025268724,0,193.27706909179688,36.43232345581055,0.03390827029943466,9.254651587681572
18050268724,0,193.2735137939453,36.66362762451172,0.03390872851014137,9.252817657913594
18075268724,0,193.2699432373047,36.89488983154297,0.033909302204847336,9.251128720531051
18100268725,0,193.266357421875,37.12610626220703,0.033909834921360016,9.249259051187574
18125268725,0,193.26280212402344,37.35727310180664,0.03391048312187195,9.24745509257182
18150268726,0,193.25927734375,37.58839797973633,0.03391101583838463,9.245687485100873
18175268726,0,193.2556915283203,37.819480895996094,0.033911362290382385,9.243913484400784
18200268726,0,193.25210571289062,38.05051803588867,0.03391174226999283,9.242310823138434
18225268727,0,193.2484893798828,38.28152084350586,0.033911969512701035,9.240959149632618
18250268727,0,193.24484252929688,38.51249694824219,0.033911820501089096,9.239858924801414
18275268727,0,193.2412109375,38.74344253540039,0.03391155228018761,9.238725196865415
18300268728,0,193.23753356933594,38.974361419677734,0.033911168575286865,9.237658154007004
18325268728,0,193.2337646484375,39.20525360107422,0.033910635858774185,9.23677621161053
18350268729,0,193.22994995117188,39.436134338378906,0.03390998765826225,9.236194216440158
18375268729,0,193.22607421875,39.66699981689453,0.033909186720848083,9.2358522279395
18400268729,0,193.22213745117188,39.897865295410156,0.03390823304653168,9.235997848433174
18425268730,0,193.21815490722656,40.12874221801758,0.03390674665570259,9.23666513993842
18450268730,0,193.2141571044922,40.35964584350586,0.03390491381287575,9.237795747253513
18475268730,0,193.21006774902344,40.590576171875,0.03390289098024368,9.239169097177363
18500268731,0,193.2059326171875,40.82154846191406,0.03390064090490341,9.240768494738624
18525268731,0,193.20179748535156,41.05256652832031,0.03389846906065941,9.242480541094253
18550268732,0,193.1976776123047,41.283626556396484,0.03389640897512436,9.244247398311341
18575268732,0,193.1935577392578,41.514732360839844,0.033894386142492294,9.246157781088925
18600268732,0,193.189453125,41.74589157104492,0.03389221057295799,9.248513892696336
18625268733,0,193.1853485107422,41.97712326049805,0.03388992324471474,9.251618433527462
18650268733,0,193.18125915527344,42.20845031738281,0.033887214958667755,9.255459633349835
18675268733,0,193.17730712890625,42.43988800048828,0.033883895725011826,9.260089698666576
18700268734,0,193.17340087890625,42.67145538330078,0.03388049826025963,9.265050487323297
18725268734,0,193.16958618164062,42.90314483642578,0.03387687727808952,9.270069294240342
18750268734,0,193.1659393310547,43.13496398925781,0.03387352079153061,9.275128333933514
18775268735,0,193.1624298095703,43.366912841796875,0.033870354294776917,9.28035752057805
18800268735,0,193.1589813232422,43.5989990234375,0.03386741504073143,9.285727122862372
18825268736,0,193.1555633544922,43.83121871948242,0.033864591270685196,9.291311858564892
18850268736,0,193.1522216796875,44.06358337402344,0.0338621512055397,9.296887406023641
