ts,agent_id,throttle,steer,brake
2002958666,0,0.8999999761581421,0.003508451161906123,0.0
2027958666,0,0.8999999761581421,0.002612282522022724,0.0
2052958667,0,0.8999999761581421,0.0036983091849833727,0.0
2077958667,0,0.8999999761581421,0.0021819041576236486,0.0
2102958668,0,0.8999999761581421,0.0034884519409388304,0.0
2127958668,0,0.8999999761581421,0.003788328031077981,0.0
2152958668,0,0.8999999761581421,0.002801205962896347,0.0
2177958669,0,0.8999999761581421,0.00386348320171237,0.0
2202958669,0,0.8999999761581421,0.0033686270471662283,0.0
2227958669,0,0.8999999761581421,0.0031117971520870924,0.0
2252958670,0,0.8999999761581421,0.0026495822239667177,0.0
2277958670,0,0.8999999761581421,0.0028940383344888687,0.0
2302958671,0,0.8999999761581421,0.002606472698971629,0.0
2327958671,0,0.8999999761581421,0.0025443073827773333,0.0
2352958671,0,0.8999999761581421,0.002458348870277405,0.0
2377958672,0,0.8999999761581421,0.002477057510986924,0.0
2402958672,0,0.8999999761581421,0.0024056886322796345,0.0
2427958672,0,0.8999999761581421,0.0023980566766113043,0.0
2452958673,0,0.8999999761581421,0.002535391366109252,0.0
2477958673,0,0.8999999761581421,0.002312437864020467,0.0
2502958673,0,0.8999999761581421,0.0021989892702549696,0.0
2527958674,0,0.8999999761581421,0.002333523705601692,0.0
2552958674,0,0.8999999761581421,0.002320346422493458,0.0
2577958675,0,0.8999999761581421,0.0024210484698414803,0.0
2602958675,0,0.8999999761581421,0.002440630691125989,0.0
2627958675,0,0.8999999761581421,0.0024077172856777906,0.0
2652958676,0,0.8999999761581421,0.0024320792872458696,0.0
2677958676,0,0.8999999761581421,0.002284465590491891,0.0
2702958676,0,0.8999999761581421,0.0025525172241032124,0.0
2727958677,0,0.8999999761581421,0.00247067678719759,0.0
2752958677,0,0.8999999761581421,0.0026165719609707594,0.0
2777958678,0,0.8999999761581421,0.002637316705659032,0.0
2802958678,0,0.8999999761581421,0.0027217785827815533,0.0
2827958678,0,0.8999999761581421,0.0026326000224798918,0.0
2852958679,0,0.8999999761581421,0.0026446476113051176,0.0
2877958679,0,0.8999999761581421,0.0028410491067916155,0.0
2902958679,0,0.8999999761581421,0.002708584303036332,0.0
2927958680,0,0.8999999761581421,0.0027985870838165283,0.0
2952958680,0,0.8999999761581421,0.0028510282281786203,0.0
2977958681,0,0.8999999761581421,0.0027948266360908747,0.0
3002958681,0,0.8999999761581421,0.0027976525016129017,0.0
3027958681,0,0.8999999761581421,0.002605436835438013,0.0
3052958682,0,0.8999999761581421,0.002755437744781375,0.0
3077958682,0,0.8999999761581421,0.002632430288940668,0.0
3102958682,0,0.8999999761581421,0.0026589343324303627,0.0
3127958683,0,0.8999999761581421,0.002665774431079626,0.0
3152958683,0,0.8999999761581421,0.0026590353809297085,0.0
3177958684,0,0.8999999761581421,0.0025965888053178787,0.0
3202958684,0,0.8999999761581421,0.002585079986602068,0.0
3227958684,0,0.8999999761581421,0.0025525072123855352,0.0
3252958685,0,0.8999999761581421,0.002428163541480899,0.0
3277958685,0,0.8999999761581421,0.002497031819075346,0.0
3302958685,0,0.8999999761581421,0.002447421895340085,0.0
3327958686,0,0.8999999761581421,0.0024921696167439222,0.0
3352958686,0,0.8999999761581421,0.002592994598671794,0.0
3377958687,0,0.8999999761581421,0.0024332734756171703,0.0
3402958687,0,0.8999999761581421,0.0025900532491505146,0.0
3427958687,0,0.8999999761581421,0.0023735477589070797,0.0
3452958688,0,0.8999999761581421,0.0024772242177277803,0.0
3477958688,0,0.8999999761581421,0.002363026374951005,0.0
3502958688,0,0.8999999761581421,0.0024290287401527166,0.0
3527958689,0,0.8999999761581421,0.002452195854857564,0.0
3552958689,0,0.8999999761581421,0.002536231419071555,0.0
3577958690,0,0.8999999761581421,0.002530043013393879,0.0
3602958690,0,0.8999999761581421,0.0024586361832916737,0.0
3627958690,0,0.8999999761581421,0.0024284396786242723,0.0
3652958691,0,0.8999999761581421,0.002395112533122301,0.0
3677958691,0,0.8999999761581421,0.0023866842966526747,0.0
3702958691,0,0.8999999761581421,0.0023500702809542418,0.0
3727958692,0,0.8999999761581421,0.0023957558441907167,0.0
3752958692,0,0.8999999761581421,0.0025530834682285786,0.0
3777958692,0,0.8999999761581421,0.0024323328398168087,0.0
3802958693,0,0.8999999761581421,0.0024633631110191345,0.0
3827958693,0,0.8999999761581421,0.002352173440158367,0.0
3852958694,0,0.8999999761581421,0.002401036210358143,0.0
3877958694,0,0.8999999761581421,0.0023406019899994135,0.0
3902958694,0,0.8999999761581421,0.0023262614849954844,0.0
3927958695,0,0.8999999761581421,0.002421724610030651,0.0
3952958695,0,0.8999999761581421,0.0025002206675708294,0.0
3977958695,0,0.8999999761581421,0.002502505900338292,0.0
4002958696,0,0.8999999761581421,0.002468894235789776,0.0
4027958696,0,0.8999999761581421,0.002358911093324423,0.0
4052958697,0,0.8999999761581421,0.002378046978265047,0.0
4077958697,0,0.8999999761581421,0.002320100087672472,0.0
4102958697,0,0.8999999761581421,0.0023469910956919193,0.0
4127958698,0,0.8999999761581421,0.0023726383224129677,0.0
4152958698,0,0.8999999761581421,0.002506603952497244,0.0
4177958698,0,0.8999999761581421,0.0024371168110519648,0.0
4202958699,0,0.8999999761581421,0.0024847090244293213,0.0
4227958699,0,0.8999999761581421,0.002394112292677164,0.0
4252958700,0,0.8999999761581421,0.0023685800842940807,0.0
4277958700,0,0.8999999761581421,0.0023889753501862288,0.0
4302958700,0,0.8999999761581421,0.00235963542945683,0.0
4327958701,0,0.8999999761581421,0.0024444307200610638,0.0
4352958701,0,0.8999999761581421,0.002549998462200165,0.0
4377958701,0,0.8999999761581421,0.0024324851110577583,0.0
4402958702,0,0.8999999761581421,0.0024676905013620853,0.0
4427958702,0,0.8999999761581421,0.0024883574806153774,0.0
4452958703,0,0.8999999761581421,0.002596881939098239,0.0
4477958703,0,0.8999999761581421,0.0026424110401421785,0.0
4502958703,0,0.8999999761581421,0.0023641560692340136,0.0
4527958704,0,0.8999999761581421,0.0019385386258363724,0.0
4552958704,0,0.8999999761581421,0.0017169287893921137,0.0
4577958704,0,0.8999999761581421,0.002055151155218482,0.0
4602958705,0,0.8999999761581421,0.0021088863722980022,0.0
4627958705,0,0.8999999761581421,0.002222795505076647,0.0
4652958706,0,0.8999999761581421,0.0022480301558971405,0.0
4677958706,0,0.8999999761581421,0.002413721987977624,0.0
4702958706,0,0.8999999761581421,0.00214997841976583,0.0
4727958707,0,0.8999999761581421,0.0022838017903268337,0.0
4752958707,0,0.8999999761581421,0.0025464410427957773,0.0
4777958707,0,0.8999999761581421,0.0026348265819251537,0.0
4802958708,0,0.8999999761581421,0.002678091637790203,0.0
4827958708,0,0.8999999761581421,0.0030413209460675716,0.0
4852958709,0,0.8999999761581421,0.0031059645116329193,0.0
4877958709,0,0.8999999761581421,0.003024187171831727,0.0
4902958709,0,0.8999999761581421,0.0027354778721928596,0.0
4927958710,0,0.8999999761581421,0.002394704148173332,0.0
4952958710,0,0.8999999761581421,0.0026622440200299025,0.0
4977958710,0,0.8999999761581421,0.0023610868956893682,0.0
5002958711,0,0.8999999761581421,0.0013080822536721826,0.0
5027958711,0,0.8999999761581421,0.0004063919768668711,0.0
5052958711,0,0.8999999761581421,0.0005919326795265079,0.0
5077958712,0,0.8999999761581421,0.0007254500524140894,0.0
5102958712,0,0.8999999761581421,0.0010840094182640314,0.0
5127958713,0,0.8999999761581421,0.0007356369751505554,0.0
5152958713,0,0.8999999761581421,-0.00014679072774015367,0.0
5177958713,0,0.8999999761581421,-0.0003883417812176049,0.0
5202958714,0,0.8999999761581421,-0.000472582207294181,0.0
5227958714,0,0.8999999761581421,-8.921650442061946e-05,0.0
5252958714,0,0.8999999761581421,-0.0006571196718141437,0.0
5277958715,0,0.8999999761581421,-0.0002097821416100487,0.0
5302958715,0,0.8999999761581421,0.00041943337419070303,0.0
5327958716,0,0.8999999761581421,0.0006165255908854306,0.0
5352958716,0,0.8999999761581421,0.0009825981687754393,0.0
5377958716,0,0.8999999761581421,0.0015107495710253716,0.0
5402958717,0,0.8999999761581421,0.0013765392359346151,0.0
5427958717,0,0.8999999761581421,0.001682804897427559,0.0
5452958717,0,0.8999999761581421,0.000914273492526263,0.0
5477958718,0,0.8999999761581421,0.0007141645764932036,0.0
5502958718,0,0.8999999761581421,0.0015582663472741842,0.0
5527958719,0,0.8999999761581421,0.00128682900685817,0.0
5552958719,0,0.8999999761581421,0.0015028351917862892,0.0
5577958719,0,0.8999999761581421,0.002062385668978095,0.0
5602958720,0,0.8999999761581421,0.0016421354375779629,0.0
5627958720,0,0.8999999761581421,0.002155193593353033,0.0
5652958720,0,0.8999999761581421,0.0014890694292262197,0.0
5677958721,0,0.8999999761581421,0.0014989817282184958,0.0
5702958721,0,0.8999999761581421,0.0008925762376748025,0.0
5727958722,0,0.8999999761581421,0.0012986779911443591,0.0
5752958722,0,0.8999999761581421,0.00167482637334615,0.0
5777958722,0,0.8999999761581421,0.0022263159044086933,0.0
5802958723,0,0.8999999761581421,0.002108977409079671,0.0
5827958723,0,0.8999999761581421,0.001693346188403666,0.0
5852958723,0,0.8999999761581421,0.0013787419302389026,0.0
5877958724,0,0.8999999761581421,0.0011180066503584385,0.0
5902958724,0,0.8999999761581421,0.001188683439977467,0.0
5927958725,0,0.8999999761581421,0.0010134762851521373,0.0
5952958725,0,0.8999999761581421,0.000913311552722007,0.0
5977958725,0,0.8999999761581421,0.0010691508650779724,0.0
6002958726,0,0.8999999761581421,0.0007167457952164114,0.0
6027958726,0,0.8999999761581421,0.00019201653776690364,0.0
6052958726,0,0.8999999761581421,-0.0004381552280392498,0.0
6077958727,0,0.8999999761581421,-0.0014734383439645171,0.0
6102958727,0,0.8999999761581421,-0.00104562658816576,0.0
6127958728,0,0.8999999761581421,-0.001260549877770245,0.0
6152958728,0,0.8999999761581421,-0.0005783263477496803,0.0
6177958728,0,0.8999999761581421,-0.0007879121112637222,0.0
6202958729,0,0.8999999761581421,-0.0013934440212324262,0.0
6227958729,0,0.8999999761581421,-0.0013866635272279382,0.0
6252958729,0,0.8999999761581421,-0.0011161738075315952,0.0
6277958730,0,0.8999999761581421,-0.0010354339610785246,0.0
6302958730,0,0.8999999761581421,-0.00043116137385368347,0.0
6327958730,0,0.8999999761581421,-9.56013027462177e-05,0.0
6352958731,0,0.8999999761581421,0.0007832704577594995,0.0
6377958731,0,0.8999999761581421,0.0007425795774906874,0.0
6402958732,0,0.8999999761581421,0.0003073115658480674,0.0
6427958732,0,0.8999999761581421,0.0006820925627835095,0.0
6452958732,0,0.8999999761581421,0.0016831407556310296,0.0
6477958733,0,0.8999999761581421,0.002819990273565054,0.0
6502958733,0,0.8999999761581421,0.0026537105441093445,0.0
6527958733,0,0.8999999761581421,0.002463246462866664,0.0
6552958734,0,0.8999999761581421,0.0026320817414671183,0.0
6577958734,0,0.8999999761581421,0.0022494574077427387,0.0
6602958735,0,0.8574067950248718,0.0021672702860087156,0.0
6627958735,0,0.7865325808525085,0.0012186466483399272,0.0
6652958735,0,0.7534009218215942,0.0012781517580151558,0.0
6677958736,0,0.7146029472351074,0.0009649207349866629,0.0
6702958736,0,0.6630003452301025,0.0002348432462895289,0.0
6727958736,0,0.6246432065963745,-0.00038683629827573895,0.0
6752958737,0,0.5754019021987915,-0.0006016343832015991,0.0
6777958737,0,0.5164011120796204,-0.001492800423875451,0.0
6802958738,0,0.5022593140602112,-0.00041593718924559653,0.0
6827958738,0,0.4514515697956085,-0.00055128731764853,0.0
6852958738,0,0.42483827471733093,-0.0008351855794899166,0.0
6877958739,0,0.3824351727962494,-0.001883140066638589,0.0
6902958739,0,0.39683014154434204,-0.003167624119669199,0.0
6927958739,0,0.3788496255874634,-0.005480133928358555,0.0
6952958740,0,0.3535906970500946,-0.006207220256328583,0.0
6977958740,0,0.3230496644973755,-0.0039838929660618305,0.0
7002958741,0,0.3151039779186249,-0.0023191168438643217,0.0
7027958741,0,0.3064236640930176,-0.004331660456955433,0.0
7052958741,0,0.2929689586162567,-0.005416885018348694,0.0
7077958742,0,0.28566381335258484,-0.006568473298102617,0.0
7102958742,0,0.2769268751144409,-0.00369579391553998,0.0
7127958742,0,0.27131232619285583,-0.003501179162412882,0.0
7152958743,0,0.2822422385215759,-0.00332231936044991,0.0
7177958743,0,0.2822953164577484,-0.0038839031476527452,0.0
7202958744,0,0.27961379289627075,-0.005078644026070833,0.0
7227958744,0,0.27182134985923767,-0.0018503821920603514,0.0
7252958744,0,0.28547194600105286,-0.0008072429918684065,0.0
7277958745,0,0.29086607694625854,-0.0006418627453967929,0.0
7302958745,0,0.29114827513694763,-6.048559589544311e-05,0.0
7327958745,0,0.3096260130405426,-0.0010248442413285375,0.0
7352958746,0,0.3422792851924896,-0.0016544184181839228,0.0
7377958746,0,0.3574641942977905,-0.0020194335374981165,0.0
7402958746,0,0.3629865050315857,-0.0029659983702003956,0.0
7427958747,0,0.3650206923484802,-0.0006794259534217417,0.0
7452958747,0,0.3486093580722809,-0.00036552042001858354,0.0
7477958748,0,0.3363935351371765,-0.0005354057066142559,0.0
7502958748,0,0.3158431351184845,-0.0006106416694819927,0.0
7527958748,0,0.30945277214050293,-0.00012654205784201622,0.0
7552958749,0,0.3546644449234009,-0.001508608111180365,0.0
7577958749,0,0.37747398018836975,-0.0012137488229200244,0.0
7602958749,0,0.37009716033935547,-0.0006232747109606862,0.0
7627958750,0,0.3769074082374573,-0.0014734838623553514,0.0
7652958750,0,0.4055911898612976,-0.0026034004986286163,0.0
7677958751,0,0.4102667272090912,-0.0031932955607771873,0.0
7702958751,0,0.40406715869903564,-0.002249343553557992,0.0
7727958751,0,0.419808566570282,-0.004106518812477589,0.0
7752958752,0,0.4232688546180725,-0.0008236041176132858,0.0
7777958752,0,0.44550859928131104,-0.002376927062869072,0.0
7802958752,0,0.47362208366394043,-0.004643287975341082,0.0
7827958753,0,0.4901142716407776,-0.005119051784276962,0.0
7852958753,0,0.5001381039619446,-0.0049204169772565365,0.0
7877958754,0,0.5124898552894592,-0.004042086191475391,0.0
7902958754,0,0.5409767031669617,-0.002598848659545183,0.0
7927958754,0,0.5473638772964478,-0.002748738508671522,0.0
7952958755,0,0.5592746138572693,-0.0020403170492500067,0.0
7977958755,0,0.5790450572967529,-0.003998896572738886,0.0
8002958755,0,0.446247398853302,0.0005069010658189654,0.0
8027958756,0,0.2363484799861908,0.002123740501701832,0.0
8052958756,0,0.4303361475467682,0.0036631145048886538,0.0
8077958757,0,0.09277737885713577,0.005830380599945784,0.0
8102958757,0,0.12635229527950287,0.009601878933608532,0.0
8127958757,0,0.15558458864688873,0.007155072875320911,0.0
8152958758,0,0.12192212790250778,0.010847043246030807,0.0
8177958758,0,0.42377686500549316,0.007401217240840197,0.0
8202958758,0,0.5959009528160095,0.0016485202359035611,0.0
8227958759,0,0.5999770760536194,0.0019615832716226578,0.0
8252958759,0,0.5788224935531616,0.0023551674094051123,0.0
8277958760,0,0.5423626899719238,0.0036998451687395573,0.0
8302958760,0,0.5949036478996277,0.0011145075550302863,0.0
8327958760,0,0.5707548260688782,0.002463020384311676,0.0
8352958761,0,0.632448673248291,0.0009930640226230025,0.0
8377958761,0,0.622256875038147,0.0012896648840978742,0.0
8402958761,0,0.6427302956581116,0.0004668861220125109,0.0
8427958762,0,0.649204671382904,-3.3568958315299824e-05,0.0
8452958762,0,0.6605364084243774,-0.0009198244079016149,0.0
8477958763,0,0.6167498826980591,-0.002518933964893222,0.0
8502958763,0,0.5957667827606201,-0.003938738256692886,0.0
8527958763,0,0.6113863587379456,-0.0027571923565119505,0.0
8552958764,0,0.6084361672401428,-0.002978917211294174,0.0
8577958764,0,0.577769935131073,-0.0023357768077403307,0.0
8602958764,0,0.5848184823989868,-0.003943371120840311,0.0
8627958765,0,0.5472182035446167,-0.006065677385777235,0.0
8652958765,0,0.5683663487434387,-0.005032772198319435,0.0
8677958765,0,0.5507757663726807,-0.004474014509469271,0.0
8702958766,0,0.5339317917823792,-0.0026196863036602736,0.0
8727958766,0,0.5188270807266235,-0.0025006760843098164,0.0
8752958767,0,0.49295803904533386,-0.001845835824497044,0.0
8777958767,0,0.4730299115180969,-0.0009906478226184845,0.0
8802958767,0,0.4611620008945465,-0.001952502061612904,0.0
8827958768,0,0.3694622218608856,0.0025431255344301462,0.0
8852958768,0,0.4086039364337921,0.003367394208908081,0.0
8877958768,0,0.197925865650177,0.0049362704157829285,0.0
8902958769,0,0.15856677293777466,0.005213585682213306,0.0
8927958769,0,0.0,0.004722415469586849,1.0
8952958770,0,0.0,0.005400029942393303,1.0
8977958770,0,0.14779990911483765,0.005187081638723612,0.0
9002958770,0,0.1719541847705841,0.005023249890655279,0.0
9027958771,0,0.17361123859882355,0.004541147965937853,0.0
9052958771,0,0.20520907640457153,0.004669599700719118,0.0
9077958771,0,0.23439258337020874,0.0035316217690706253,0.0
9102958772,0,0.2879364788532257,0.005162373650819063,0.0
9127958772,0,0.26540836691856384,0.0039458246901631355,0.0
9152958773,0,0.24096013605594635,0.002941341372206807,0.0
9177958773,0,0.33170977234840393,0.0005189278745092452,0.0
9202958773,0,0.32938167452812195,-0.0010975103359669447,0.0
9227958774,0,0.4258929193019867,-0.001090401317924261,0.0
9252958774,0,0.5298587083816528,-0.003372377483174205,0.0
9277958774,0,0.5331956744194031,-0.005113623104989529,0.0
9302958775,0,0.5112584233283997,-0.010737027041614056,0.0
9327958775,0,0.4968182146549225,-0.006767072714865208,0.0
9352958776,0,0.4929185211658478,-0.00622992217540741,0.0
9377958776,0,0.5198378562927246,-0.004688510671257973,0.0
9402958776,0,0.554698646068573,-0.007497626822441816,0.0
9427958777,0,0.5742980241775513,-0.012510797940194607,0.0
9452958777,0,0.5873835682868958,-0.006987520959228277,0.0
9477958777,0,0.5638103485107422,-0.006341705564409494,0.0
9502958778,0,0.5637053847312927,-0.004971318878233433,0.0
9527958778,0,0.5542827844619751,-0.004831860773265362,0.0
9552958779,0,0.540387749671936,-0.0035080264788120985,0.0
9577958779,0,0.5423528552055359,-0.003220602171495557,0.0
9602958779,0,0.5367165207862854,-0.0050502377562224865,0.0
9627958780,0,0.540553092956543,-0.0024541125167161226,0.0
9652958780,0,0.5440301895141602,-9.90946646197699e-05,0.0
9677958780,0,0.5093828439712524,0.0012925862101837993,0.0
9702958781,0,0.4937651753425598,0.002186757745221257,0.0
9727958781,0,0.5272564888000488,0.0006583007634617388,0.0
9752958782,0,0.5226630568504333,0.0011641558958217502,0.0
9777958782,0,0.516947865486145,0.0007788934162817895,0.0
9802958782,0,0.5022161602973938,0.0010066147660836577,0.0
9827958783,0,0.5265809893608093,0.0006525249918922782,0.0
9852958783,0,0.5314232707023621,0.0003309326129965484,0.0
9877958783,0,0.5261964201927185,-0.00040226400597020984,0.0
9902958784,0,0.5411704182624817,0.00015012329095043242,0.0
9927958784,0,0.574114203453064,-0.0006300692912191153,0.0
9952958784,0,0.5478764176368713,0.0015554588753730059,0.0
9977958785,0,0.5483543872833252,0.0004986251587979496,0.0
10002958785,0,0.5288733839988708,0.0002830216835718602,0.0
10027958786,0,0.5355154275894165,-0.0004444773949217051,0.0
10052958786,0,0.5083308815956116,-0.0003416588588152081,0.0
10077958786,0,0.5093593597412109,8.095481462078169e-05,0.0
10102958787,0,0.4884243309497833,-0.0005629982915706933,0.0
10127958787,0,0.45076942443847656,-0.0015862715663388371,0.0
10152958787,0,0.4912613332271576,-0.0011737239547073841,0.0
10177958788,0,0.5527868866920471,-0.0008580937283113599,0.0
10202958788,0,0.5436884760856628,-0.00016588965081609786,0.0
10227958789,0,0.5191673636436462,0.00041772867552936077,0.0
10252958789,0,0.5271608233451843,0.0003770250186789781,0.0
10277958789,0,0.5233412384986877,0.0008576341206207871,0.0
10302958790,0,0.5027328729629517,0.0010931589640676975,0.0
10327958790,0,0.4864130914211273,0.002070674207061529,0.0
10352958790,0,0.4619525074958801,0.0030496411491185427,0.0
10377958791,0,0.4365711808204651,0.002003476722165942,0.0
10402958791,0,0.4072594940662384,0.0017888706643134356,0.0
10427958792,0,0.3350483179092407,0.0011121610878035426,0.0
10452958792,0,0.32229796051979065,0.0014926211442798376,0.0
10477958792,0,0.3831392824649811,0.0024486142210662365,0.0
10502958793,0,0.4050319492816925,0.003078470239415765,0.0
10527958793,0,0.4194962680339813,0.002217379631474614,0.0
10552958793,0,0.46118229627609253,0.0021096079144626856,0.0
10577958794,0,0.4813753664493561,0.00205342099070549,0.0
10602958794,0,0.5055822134017944,0.0021527917124330997,0.0
10627958795,0,0.4899829626083374,0.0012745759449899197,0.0
10652958795,0,0.4919305741786957,0.0010542881209403276,0.0
10677958795,0,0.4882570803165436,0.001568242791108787,0.0
10702958796,0,0.4699113667011261,0.001601882860995829,0.0
10727958796,0,0.4623594284057617,0.0011839834041893482,0.0
10752958796,0,0.47204941511154175,0.0018935617990791798,0.0
10777958797,0,0.4665611982345581,0.002387148328125477,0.0
10802958797,0,0.4391079246997833,0.0018220269121229649,0.0
10827958798,0,0.4649377167224884,0.0008060932159423828,0.0
10852958798,0,0.4980197250843048,0.0002196460700361058,0.0
10877958798,0,0.5032510757446289,-0.00018024300516117364,0.0
10902958799,0,0.5206813812255859,5.733088073611725e-06,0.0
10927958799,0,0.5192367434501648,0.00043628260027617216,0.0
10952958799,0,0.5161083936691284,0.00011569913476705551,0.0
10977958800,0,0.5518238544464111,0.0005307839601300657,0.0
11002958800,0,0.5274876952171326,0.0011350878048688173,0.0
11027958801,0,0.4947569668292999,9.993420098908246e-05,0.0
11052958801,0,0.49295729398727417,-0.00024942855816334486,0.0
11077958801,0,0.4934598207473755,0.00011192687816219404,0.0
11102958802,0,0.4778279960155487,0.00015668311971239746,0.0
11127958802,0,0.44977518916130066,-0.00036296906182542443,0.0
11152958802,0,0.43087488412857056,-0.0006520127062685788,0.0
11177958803,0,0.4050982892513275,-0.0006672980962321162,0.0
11202958803,0,0.3906708061695099,-0.00041710969526320696,0.0
11227958803,0,0.3919311463832855,-0.0002556269464548677,0.0
11252958804,0,0.3347795009613037,0.000709411920979619,0.0
11277958804,0,0.32026931643486023,0.0014151696814224124,0.0
11302958805,0,0.2780337929725647,0.002239617519080639,0.0
11327958805,0,0.2911006212234497,0.0033884255681186914,0.0
11352958805,0,0.35200679302215576,-0.001830743975006044,0.0
11377958806,0,0.0,-0.0012323951814323664,1.0
11402958806,0,0.13528744876384735,-0.00212400802411139,0.0
11427958806,0,0.0,-0.0045608291402459145,1.0
11452958807,0,0.13138683140277863,-0.003546434920281172,0.0
11477958807,0,0.23662279546260834,-0.0037803801242262125,0.0
11502958808,0,0.4126306176185608,-0.0027930934447795153,0.0
11527958808,0,0.42849665880203247,-0.0044045597314834595,0.0
11552958808,0,0.3673160970211029,-0.003726545488461852,0.0
11577958809,0,0.1180887371301651,-0.006861812900751829,0.0
11602958809,0,0.1202581450343132,-0.008552754297852516,0.0
11627958809,0,0.3284912109375,-0.007298254873603582,0.0
11652958810,0,0.4014175832271576,-0.007302205078303814,0.0
11677958810,0,0.3870600163936615,-0.007583781145513058,0.0
11702958811,0,0.2955493927001953,-0.006076565943658352,0.0
11727958811,0,0.3741568922996521,-0.0038889560382813215,0.0
11752958811,0,0.4872437119483948,-0.0033495433162897825,0.0
11777958812,0,0.5371371507644653,-0.0011349839624017477,0.0
11802958812,0,0.5436468720436096,-0.0027848489116877317,0.0
11827958812,0,0.5492010116577148,-0.0010405892971903086,0.0
11852958813,0,0.55068439245224,0.001003588200546801,0.0
11877958813,0,0.574155330657959,-0.00017017843492794782,0.0
11902958814,0,0.5868587493896484,-0.0017397544579580426,0.0
11927958814,0,0.5958908200263977,-0.000891398056410253,0.0
11952958814,0,0.5973857045173645,-0.00012056138075422496,0.0
11977958815,0,0.5655205249786377,-0.0005490077892318368,0.0
12002958815,0,0.6232258677482605,-0.0024783157277852297,0.0
12027958815,0,0.6030924916267395,-0.00047429261030629277,0.0
12052958816,0,0.6169904470443726,-0.0007116615888662636,0.0
12077958816,0,0.6115572452545166,0.0009376341477036476,0.0
12102958817,0,0.5674793720245361,0.0017564884619787335,0.0
12127958817,0,0.5315198302268982,0.001909564365632832,0.0
12152958817,0,0.5352655649185181,0.001387332333251834,0.0
12177958818,0,0.5172951221466064,0.0009091664687730372,0.0
12202958818,0,0.491881787776947,0.003630978288128972,0.0
12227958818,0,0.4764290452003479,0.004644459113478661,0.0
12252958819,0,0.4465208053588867,0.005620747804641724,0.0
12277958819,0,0.42546331882476807,0.007705440744757652,0.0
12302958820,0,0.47039279341697693,0.008383449167013168,0.0
12327958820,0,0.4691393971443176,0.007593781687319279,0.0
12352958820,0,0.46361276507377625,0.00494412612169981,0.0
12377958821,0,0.4508454501628876,0.005679552908986807,0.0
12402958821,0,0.4468674957752228,0.004475202411413193,0.0
12427958821,0,0.4405801594257355,0.002568778581917286,0.0
12452958822,0,0.43431416153907776,0.0028348315972834826,0.0
12477958822,0,0.18515881896018982,0.0035951852332800627,0.0
12502958822,0,0.16253194212913513,0.005135234910994768,0.0
12527958823,0,0.0,0.004644221160560846,1.0
12552958823,0,0.0,0.0050153895281255245,1.0
12577958824,0,0.0,0.011974779888987541,1.0
12602958824,0,0.0,0.0056241340935230255,1.0
12627958824,0,0.0,0.0025184473488479853,1.0
12652958825,0,0.0,0.004281284753233194,1.0
12677958825,0,0.5754327178001404,0.002728667575865984,0.0
12702958825,0,0.45176658034324646,0.0026494916528463364,0.0
12727958826,0,0.14536958932876587,0.004325332585722208,0.0
12752958826,0,0.4705568850040436,0.002038008999079466,0.0
12777958827,0,0.5877582430839539,-0.0014645804185420275,0.0
12802958827,0,0.6352705955505371,-0.0030006628949195147,0.0
12827958827,0,0.67647784948349,-0.003350920742377639,0.0
12852958828,0,0.7226005792617798,-0.0030589543748646975,0.0
12877958828,0,0.0,-0.019598929211497307,1.0
12902958828,0,0.0,-0.013505258597433567,1.0
12927958829,0,0.24792402982711792,-0.015811460092663765,0.0
12952958829,0,0.0,-0.010063034482300282,1.0
12977958830,0,0.27858495712280273,-0.005692549981176853,0.0
13002958830,0,0.0,-0.005656900815665722,1.0
13027958830,0,0.0,-0.014858050271868706,1.0
13052958831,0,0.0,-0.02161359041929245,1.0
13077958831,0,0.0,-0.020709652453660965,1.0
13102958831,0,0.0,-0.02893737331032753,1.0
13127958832,0,0.4375534951686859,-0.026607532054185867,0.0
13152958832,0,0.4230046272277832,-0.02940106950700283,0.0
13177958833,0,0.0,-0.028710929676890373,1.0
13202958833,0,0.0,-0.024149978533387184,1.0
13227958833,0,0.0,-0.02163437008857727,1.0
13252958834,0,0.0,-0.017478032037615776,1.0
13277958834,0,0.0,-0.009973682463169098,1.0
13302958834,0,0.0,-0.01080155000090599,1.0
13327958835,0,0.0,-0.007005725055932999,1.0
13352958835,0,0.0,-0.00778199452906847,1.0
13377958836,0,0.0,-0.02787638269364834,1.0
13402958836,0,0.0,-0.020640067756175995,1.0
13427958836,0,0.0,-0.010800134390592575,1.0
13452958837,0,0.04885530844330788,-0.018601778894662857,0.0
13477958837,0,0.0,-0.015849992632865906,1.0
13502958837,0,0.0,-0.022317515686154366,1.0
13527958838,0,0.8999999761581421,-0.02218290977180004,0.0
13552958838,0,0.8999999761581421,-0.014879110269248486,0.0
13577958839,0,0.8999999761581421,-0.011382059194147587,0.0
13602958839,0,0.8999999761581421,-0.006104839965701103,0.0
13627958839,0,0.48481911420822144,-0.004024365916848183,0.0
13652958840,0,0.050124093890190125,0.01160502340644598,0.0
13677958840,0,0.0,0.007537179160863161,1.0
13702958840,0,0.4325506091117859,-0.0034556773025542498,0.0
13727958841,0,0.5353105664253235,-0.0014143144944682717,0.0
13752958841,0,0.71170973777771,-0.011956264264881611,0.0
13777958841,0,0.134644016623497,-0.016829831525683403,0.0
13802958842,0,0.0,-0.014633320271968842,1.0
13827958842,0,0.0,-0.006762420758605003,1.0
13852958843,0,0.0,-0.013048175722360611,1.0
13877958843,0,0.0,-0.007939047180116177,1.0
13902958843,0,0.0,0.0005624803015962243,1.0
13927958844,0,0.0,0.001885482226498425,1.0
13952958844,0,0.0,-0.004762598313391209,1.0
13977958844,0,0.0,0.004940806422382593,1.0
14002958845,0,0.0,0.005460968241095543,1.0
14027958845,0,0.0,-0.00010261790157528594,1.0
14052958846,0,0.0,0.00216931221075356,1.0
14077958846,0,0.0,-0.014156622812151909,1.0
14102958846,0,0.0,-0.006551247090101242,1.0
14127958847,0,0.0,-3.1911215046420693e-05,1.0
14152958847,0,0.0,-0.04492097720503807,1.0
14177958847,0,0.0,-0.04464210569858551,1.0
14202958848,0,0.0,-0.06033230200409889,1.0
14227958848,0,0.0,-0.029296310618519783,1.0
14252958849,0,0.0,-0.06381236761808395,1.0
14277958849,0,0.0,-0.08388470858335495,1.0
14302958849,0,0.0,-0.04344630613923073,1.0
14327958850,0,0.0,-0.04793253540992737,1.0
14352958850,0,0.0,-0.11598667502403259,1.0
14377958850,0,0.0,-0.11689207702875137,1.0
14402958851,0,0.0,-0.07779654860496521,1.0
14427958851,0,0.0,-0.1198873296380043,1.0
14452958852,0,0.0,-0.08232229202985764,1.0
14477958852,0,0.07157917320728302,-0.10691484063863754,0.0
14502958852,0,0.20510436594486237,-0.07172208279371262,0.0
14527958853,0,0.4071695804595947,-0.02727731689810753,0.0
14552958853,0,0.3299500346183777,-0.03300299495458603,0.0
14577958853,0,0.23991142213344574,-0.04512457549571991,0.0
14602958854,0,0.6154957413673401,-0.0717763751745224,0.0
14627958854,0,0.5922448635101318,-0.046621233224868774,0.0
14652958855,0,0.6096665263175964,-0.048781607300043106,0.0
14677958855,0,0.39244356751441956,-0.04277699813246727,0.0
14702958855,0,0.36175936460494995,-0.027911314740777016,0.0
14727958856,0,0.3292520046234131,-0.037135206162929535,0.0
14752958856,0,0.2586185038089752,-0.030489467084407806,0.0
14777958856,0,0.339704304933548,-0.02181173488497734,0.0
14802958857,0,0.32441604137420654,-0.011707748286426067,0.0
14827958857,0,0.3769931495189667,-0.012542422860860825,0.0
14852958858,0,0.30939236283302307,-0.025815019384026527,0.0
14877958858,0,0.2809293568134308,-0.016586877405643463,0.0
14902958858,0,0.22287426888942719,-0.0027798116207122803,0.0
14927958859,0,0.17359815537929535,-0.005665366072207689,0.0
14952958859,0,0.18843205273151398,-0.022286828607320786,0.0
14977958859,0,0.1394187957048416,-0.017300499603152275,0.0
15002958860,0,0.13417761027812958,0.010403110645711422,0.0
15027958860,0,0.22210395336151123,-0.0038380029145628214,0.0
15052958860,0,0.22687244415283203,-0.0056680054403841496,0.0
15077958861,0,0.3820744454860687,0.0013251904165372252,0.0
15102958861,0,0.4723420739173889,0.004261865746229887,0.0
15127958862,0,0.41623979806900024,-0.011584855616092682,0.0
15152958862,0,0.29749199748039246,-0.005329458508640528,0.0
15177958862,0,0.3210875391960144,-0.00022800453007221222,0.0
15202958863,0,0.36738353967666626,-0.004136469215154648,0.0
15227958863,0,0.4549785852432251,-0.0005581118166446686,0.0
15252958863,0,0.5789431929588318,-0.004707438871264458,0.0
15277958864,0,0.6702880263328552,-0.010228346101939678,0.0
15302958864,0,0.752134382724762,-0.015645774081349373,0.0
15327958865,0,0.8404345512390137,-0.02619604952633381,0.0
15352958865,0,0.8999999761581421,-0.035501785576343536,0.0
15377958865,0,0.8999999761581421,-0.04150201007723808,0.0
15402958866,0,0.8999999761581421,-0.06290421634912491,0.0
15427958866,0,0.8999999761581421,-0.08604060858488083,0.0
15452958866,0,0.8999999761581421,-0.07926283776760101,0.0
15477958867,0,0.8999999761581421,-0.08106297999620438,0.0
15502958867,0,0.8999999761581421,-0.0892147496342659,0.0
15527958868,0,0.8999999761581421,-0.08078646659851074,0.0
15552958868,0,0.8999999761581421,-0.09272602200508118,0.0
15577958868,0,0.8999999761581421,-0.08792616426944733,0.0
15602958869,0,0.8999999761581421,-0.07338772714138031,0.0
15627958869,0,0.8999999761581421,-0.07693911343812943,0.0
15652958869,0,0.8999999761581421,-0.0980333760380745,0.0
15677958870,0,0.8999999761581421,-0.10440684854984283,0.0
15702958870,0,0.8999999761581421,-0.09938842058181763,0.0
15727958871,0,0.8999999761581421,-0.10062083601951599,0.0
15752958871,0,0.8999999761581421,-0.12129012495279312,0.0
15777958871,0,0.8999999761581421,-0.11583443731069565,0.0
15802958872,0,0.8999999761581421,-0.12044989317655563,0.0
15827958872,0,0.8999999761581421,-0.11043369770050049,0.0
15852958872,0,0.8999999761581421,-0.08258214592933655,0.0
15877958873,0,0.8999999761581421,-0.07542295753955841,0.0
15902958873,0,0.8999999761581421,-0.0579509399831295,0.0
15927958874,0,0.8999999761581421,-0.06603319197893143,0.0
15952958874,0,0.8999999761581421,-0.07015956938266754,0.0
15977958874,0,0.8999999761581421,-0.07373690605163574,0.0
16002958875,0,0.8999999761581421,-0.06240822374820709,0.0
16027958875,0,0.8999999761581421,-0.06492343544960022,0.0
16052958875,0,0.8999999761581421,-0.06593745201826096,0.0
16077958876,0,0.8999999761581421,-0.06140859052538872,0.0
16102958876,0,0.8999999761581421,-0.06612095981836319,0.0
16127958877,0,0.8999999761581421,-0.06364347040653229,0.0
16152958877,0,0.8999999761581421,-0.06114529073238373,0.0
16177958877,0,0.8999999761581421,-0.06146252155303955,0.0
16202958878,0,0.8999999761581421,-0.06217341497540474,0.0
16227958878,0,0.8999999761581421,-0.061691444367170334,0.0
16252958878,0,0.8999999761581421,-0.0600690022110939,0.0
16277958879,0,0.8999999761581421,-0.059318702667951584,0.0
16302958879,0,0.8999999761581421,-0.05229460075497627,0.0
16327958879,0,0.8999999761581421,-0.05890780687332153,0.0
16352958880,0,0.8999999761581421,-0.061484746634960175,0.0
16377958880,0,0.8999999761581421,-0.062044039368629456,0.0
16402958881,0,0.8999999761581421,-0.049998246133327484,0.0
16427958881,0,0.8999999761581421,-0.04565255716443062,0.0
16452958881,0,0.8999999761581421,-0.04736270383000374,0.0
16477958882,0,0.8999999761581421,-0.042422983795404434,0.0
16502958882,0,0.8999999761581421,-0.04020959138870239,0.0
16527958882,0,0.8999999761581421,-0.03601255640387535,0.0
16552958883,0,0.8999999761581421,-0.03529056906700134,0.0
16577958883,0,0.8999999761581421,-0.03656705841422081,0.0
16602958884,0,0.8999999761581421,-0.03868904709815979,0.0
16627958884,0,0.8999999761581421,-0.03492181748151779,0.0
16652958884,0,0.8999999761581421,-0.035500843077898026,0.0
16677958885,0,0.8999999761581421,-0.029318541288375854,0.0
16702958885,0,0.8999999761581421,-0.0331115685403347,0.0
16727958885,0,0.8999999761581421,-0.038588643074035645,0.0
16752958886,0,0.8999999761581421,-0.02938368357717991,0.0
16777958886,0,0.8999999761581421,-0.02987353503704071,0.0
16802958887,0,0.8999999761581421,-0.02836243063211441,0.0
16827958887,0,0.8999999761581421,-0.026662366464734077,0.0
16852958887,0,0.8999999761581421,-0.02744308114051819,0.0
16877958888,0,0.8999999761581421,-0.032070089131593704,0.0
16902958888,0,0.8999999761581421,-0.027814576402306557,0.0
16927958888,0,0.8999999761581421,-0.012272389605641365,0.0
16952958889,0,0.8999999761581421,-0.009227419272065163,0.0
16977958889,0,0.8999999761581421,-0.010287616401910782,0.0
17002958890,0,0.8999999761581421,-0.009844973683357239,0.0
17027958890,0,0.8999999761581421,-0.00825136061757803,0.0
17052958890,0,0.8999999761581421,-0.0072499229572713375,0.0
17077958891,0,0.8999999761581421,-0.008122194558382034,0.0
17102958891,0,0.8999999761581421,-0.006232083775103092,0.0
17127958891,0,0.8999999761581421,-0.007570440880954266,0.0
17152958892,0,0.8999999761581421,-0.01045309193432331,0.0
17177958892,0,0.8999999761581421,-0.009379715658724308,0.0
17202958893,0,0.8999999761581421,-0.007342097815126181,0.0
17227958893,0,0.8999999761581421,-0.00390823557972908,0.0
17252958893,0,0.8999999761581421,-0.005801445804536343,0.0
17277958894,0,0.8999999761581421,-0.005353290122002363,0.0
17302958894,0,0.8999999761581421,-0.009370975196361542,0.0
17327958894,0,0.8999999761581421,-0.009672566317021847,0.0
17352958895,0,0.8999999761581421,-0.010449156165122986,0.0
17377958895,0,0.8999999761581421,-0.010206807404756546,0.0
17402958896,0,0.8999999761581421,-0.01260518841445446,0.0
17427958896,0,0.8999999761581421,-0.01723683811724186,0.0
17452958896,0,0.8999999761581421,-0.011336897499859333,0.0
17477958897,0,0.8999999761581421,0.004264965187758207,0.0
17502958897,0,0.8999999761581421,0.0038943591061979532,0.0
17527958897,0,0.8999999761581421,0.003945992328226566,0.0
17552958898,0,0.8999999761581421,0.0036529474891722202,0.0
17577958898,0,0.8999999761581421,0.002460949821397662,0.0
17602958898,0,0.8999999761581421,0.001300221891142428,0.0
17627958899,0,0.8999999761581421,0.0005437499494291842,0.0
17652958899,0,0.8999999761581421,0.0018496322445571423,0.0
17677958900,0,0.8999999761581421,0.001513406285084784,0.0
17702958900,0,0.8999999761581421,0.0015457799891009927,0.0
17727958900,0,0.8999999761581421,0.00128110870718956,0.0
17752958901,0,0.8999999761581421,0.0006821893039159477,0.0
17777958901,0,0.8999999761581421,0.0013002916239202023,0.0
17802958901,0,0.8999999761581421,0.0013308837078511715,0.0
17827958902,0,0.8999999761581421,0.0022395621053874493,0.0
17852958902,0,0.8999999761581421,0.002350154332816601,0.0
17877958903,0,0.8999999761581421,0.003040084382519126,0.0
17902958903,0,0.8999999761581421,0.0021886031609028578,0.0
17927958903,0,0.8999999761581421,0.0015358348609879613,0.0
17952958904,0,0.8830879330635071,0.0017114034853875637,0.0
17977958904,0,0.8337637186050415,0.0015523198526352644,0.0
18002958904,0,0.7934146523475647,0.001182346954010427,0.0
18027958905,0,0.750948429107666,0.0007812114199623466,0.0
18052958905,0,0.704471230506897,-0.00010836806904990226,0.0
18077958906,0,0.6756860017776489,-0.0007944890530779958,0.0
18102958906,0,0.617219865322113,0.00016669361502863467,0.0
18127958906,0,0.5810781717300415,-0.0014678033767268062,0.0
18152958907,0,0.5155211687088013,-0.0012446824694052339,0.0
18177958907,0,0.34786900877952576,-0.0022055974695831537,0.0
18202958907,0,0.3490462601184845,-0.0026138820685446262,0.0
18227958908,0,0.33232381939888,-0.0026222134474664927,0.0
18252958908,0,0.3170429766178131,-0.0031350653152912855,0.0
18277958909,0,0.30179762840270996,-0.004073771182447672,0.0
18302958909,0,0.2856501638889313,-0.005668974481523037,0.0
18327958909,0,0.2692006826400757,-0.004847375210374594,0.0
18352958910,0,0.2539255619049072,-0.005501842591911554,0.0
18377958910,0,0.23908841609954834,-0.005336971953511238,0.0
18402958910,0,0.25175726413726807,-0.005865129176527262,0.0
18427958911,0,0.3209777772426605,-0.0036138929426670074,0.0
18452958911,0,0.29725590348243713,-0.004099190700799227,0.0
18477958912,0,0.2716047763824463,-0.004158893600106239,0.0
18502958912,0,0.2817952334880829,-0.002596864942461252,0.0
18527958912,0,0.3101593852043152,-0.001936202053911984,0.0
18552958913,0,0.31632354855537415,-0.002913388656452298,0.0
18577958913,0,0.30508899688720703,-0.0034805776085704565,0.0
18602958913,0,0.2407042384147644,-0.004375502932816744,0.0
18627958914,0,0.1926824003458023,-0.00526516092941165,0.0
18652958914,0,0.19187098741531372,-0.0053982981480658054,0.0
18677958915,0,0.21997500956058502,-0.0049167172983288765,0.0
18702958915,0,0.29770419001579285,-0.004069994669407606,0.0
18727958915,0,0.3004717528820038,-0.00435351999476552,0.0
18752958916,0,0.3210771679878235,-0.005498659331351519,0.0
18777958916,0,0.29173028469085693,-0.0049731675535440445,0.0
18802958916,0,0.28242966532707214,-0.00540221156552434,0.0
18827958917,0,0.33186766505241394,-0.006564138922840357,0.0
18852958917,0,0.4224124252796173,-0.005438822787255049,0.0
18877958917,0,0.4586154818534851,-0.005197418387979269,0.0
18902958918,0,0.44038036465644836,-0.00430962722748518,0.0
18927958918,0,0.43253853917121887,-0.005378051195293665,0.0
18952958919,0,0.42948925495147705,-0.007114332169294357,0.0
18977958919,0,0.422771692276001,-0.006940715946257114,0.0
19002958919,0,0.45349979400634766,-0.006547422148287296,0.0
19027958920,0,0.5103410482406616,-0.007429242134094238,0.0
19052958920,0,0.5375797748565674,-0.006877925246953964,0.0
19077958920,0,0.5444133877754211,-0.0061058164574205875,0.0
19102958921,0,0.6038978695869446,-0.005321285221725702,0.0
19127958921,0,0.6000340580940247,-0.004245884716510773,0.0
19152958922,0,0.5874317288398743,-0.005028295796364546,0.0
19177958922,0,0.5845758318901062,-0.005809393245726824,0.0
19202958922,0,0.5745721459388733,-0.005804257933050394,0.0
19227958923,0,0.614068329334259,-0.005817266646772623,0.0
19252958923,0,0.6154756546020508,-0.006792800966650248,0.0
19277958923,0,0.6048310995101929,-0.00637537706643343,0.0
19302958924,0,0.6324282288551331,-0.006012279540300369,0.0
19327958924,0,0.6445413827896118,-0.004343437030911446,0.0
19352958925,0,0.6643391251564026,-0.00336651923134923,0.0
19377958925,0,0.7012554407119751,-0.0035961971152573824,0.0
19402958925,0,0.7149086594581604,-0.003607387188822031,0.0
19427958926,0,0.7203354835510254,-0.001920097041875124,0.0
19452958926,0,0.7495833039283752,-0.001830261549912393,0.0
19477958926,0,0.7472923398017883,-0.0019883078057318926,0.0
19502958927,0,0.7408096790313721,-0.002613379852846265,0.0
19527958927,0,0.7154108881950378,-0.0021950434893369675,0.0
19552958928,0,0.6859851479530334,-0.00246879318729043,0.0
19577958928,0,0.7480369806289673,-0.002959789941087365,0.0
19602958928,0,0.7327678203582764,-0.002230738289654255,0.0
19627958929,0,0.7588791251182556,-0.002855737693607807,0.0
19652958929,0,0.7639743089675903,-0.004548375029116869,0.0
19677958929,0,0.7478538155555725,-0.004067717585712671,0.0
19702958930,0,0.7351092100143433,-0.0027127377688884735,0.0
19727958930,0,0.7180451154708862,-0.002867862582206726,0.0
19752958931,0,0.7105205655097961,-0.0025682393461465836,0.0
19777958931,0,0.6897411942481995,-0.00257683964446187,0.0
19802958931,0,0.6963464617729187,-0.002656883792951703,0.0
19827958932,0,0.6649923324584961,-0.002545053604990244,0.0
19852958932,0,0.6164065599441528,-0.0022373166866600513,0.0
19877958932,0,0.6043796539306641,-0.0021878532133996487,0.0
19902958933,0,0.6042149066925049,-0.0021412528585642576,0.0
19927958933,0,0.5155189633369446,-0.0016828888328745961,0.0
19952958934,0,0.43281206488609314,-0.0010738623095676303,0.0
19977958934,0,0.5382804870605469,-0.0026668047066777945,0.0
20002958934,0,0.5051671862602234,-0.002562598790973425,0.0
20027958935,0,0.4433177411556244,-0.00313755264505744,0.0
20052958935,0,0.3899129033088684,-0.0029186636675149202,0.0
20077958935,0,0.4235933721065521,-0.001961648929864168,0.0
20102958936,0,0.48640650510787964,-0.0010168643202632666,0.0
20127958936,0,0.4804583787918091,-0.001390686258673668,0.0
20152958936,0,0.4473959505558014,-0.0008508053724654019,0.0
20177958937,0,0.4465370774269104,-0.00038222165312618017,0.0
20202958937,0,0.4268323481082916,0.0007297502015717328,0.0
20227958938,0,0.3828122019767761,0.0009233021410182118,0.0
20252958938,0,0.41011348366737366,0.0009373993379995227,0.0
20277958938,0,0.389365553855896,-0.0010218062670901418,0.0
20302958939,0,0.37797799706459045,-0.001613808679394424,0.0
20327958939,0,0.3966304361820221,-0.000599748978856951,0.0
20352958939,0,0.37943166494369507,2.4735243641771376e-05,0.0
20377958940,0,0.3798024356365204,-0.00033138369326479733,0.0
20402958940,0,0.344310998916626,-0.0005977012915536761,0.0
20427958941,0,0.33972087502479553,-0.0010430865222588181,0.0
20452958941,0,0.32809221744537354,-0.001264262362383306,0.0
20477958941,0,0.3093131184577942,-0.001656685140915215,0.0
20502958942,0,0.33757713437080383,-0.0012148288078606129,0.0
20527958942,0,0.3012836277484894,-0.001384950359351933,0.0
20552958942,0,0.3014914095401764,-0.001994985854253173,0.0
20577958943,0,0.31853973865509033,-0.0012886233162134886,0.0
20602958943,0,0.3071177005767822,-0.001868142164312303,0.0
20627958944,0,0.27745166420936584,-0.000848719326313585,0.0
20652958944,0,0.29381996393203735,-0.0012243228266015649,0.0
20677958944,0,0.3404689431190491,-0.0007366714999079704,0.0
20702958945,0,0.32170790433883667,0.00020097832020837814,0.0
20727958945,0,0.2609507739543915,-0.00025444873608648777,0.0
20752958945,0,0.3089061379432678,0.0015425056917592883,0.0
20777958946,0,0.2890491485595703,0.0005959282862022519,0.0
20802958946,0,0.19586017727851868,9.106491779675707e-05,0.0
20827958947,0,0.20353485643863678,-0.0014140383573248982,0.0
20852958947,0,0.25444144010543823,0.0009613121510483325,0.0
20877958947,0,0.21311017870903015,0.0008415746269747615,0.0
20902958948,0,0.24843478202819824,0.0014717677840963006,0.0
20927958948,0,0.25812163949012756,0.0016055057058110833,0.0
20952958948,0,0.23007994890213013,0.000519867055118084,0.0
20977958949,0,0.3826081156730652,0.0031576890032738447,0.0
21002958949,0,0.46415236592292786,0.001521249650977552,0.0
21027958950,0,0.4141097366809845,-0.001462478656321764,0.0
21052958950,0,0.461842805147171,-0.00090231210924685,0.0
21077958950,0,0.45341458916664124,-0.000705429061781615,0.0
21102958951,0,0.5203152894973755,-0.0006183469668030739,0.0
21127958951,0,0.5800225734710693,-6.276232306845486e-05,0.0
21152958951,0,0.6123135685920715,0.0007964996621012688,0.0
