ts,agent_id,throttle,steer,brake
1974639270,0,0.8999999761581421,0.0033708384726196527,0.0
1999639270,0,0.8999999761581421,0.0026103744748979807,0.0
2024639271,0,0.8999999761581421,0.003709586104378104,0.0
2049639271,0,0.8999999761581421,0.002140466356649995,0.0
2074639271,0,0.8999999761581421,0.0034188395366072655,0.0
2099639272,0,0.8999999761581421,0.0038223781157284975,0.0
2124639272,0,0.8999999761581421,0.002788335317745805,0.0
2149639273,0,0.8999999761581421,0.003913204185664654,0.0
2174639273,0,0.8999999761581421,0.0033737709745764732,0.0
2199639273,0,0.8999999761581421,0.0031458884477615356,0.0
2224639274,0,0.8999999761581421,0.002659310819581151,0.0
2249639274,0,0.8999999761581421,0.002882839646190405,0.0
2274639274,0,0.8999999761581421,0.002587659750133753,0.0
2299639275,0,0.8999999761581421,0.0025575808249413967,0.0
2324639275,0,0.8999999761581421,0.0024625936057418585,0.0
2349639276,0,0.8999999761581421,0.0024532158859074116,0.0
2374639276,0,0.8999999761581421,0.0024331773165613413,0.0
2399639276,0,0.8999999761581421,0.0024087047204375267,0.0
2424639277,0,0.8999999761581421,0.0025583819951862097,0.0
2449639277,0,0.8999999761581421,0.0023396105971187353,0.0
2474639277,0,0.8999999761581421,0.00218001427128911,0.0
2499639278,0,0.8999999761581421,0.002307985909283161,0.0
2524639278,0,0.8999999761581421,0.002265911316499114,0.0
2549639279,0,0.8999999761581421,0.0023967886809259653,0.0
2574639279,0,0.8999999761581421,0.002430712804198265,0.0
2599639279,0,0.8999999761581421,0.0023811536375433207,0.0
2624639280,0,0.8999999761581421,0.002439056057482958,0.0
2649639280,0,0.8999999761581421,0.002241971669718623,0.0
2674639280,0,0.8999999761581421,0.0025507411919534206,0.0
2699639281,0,0.8999999761581421,0.0024479436688125134,0.0
2724639281,0,0.8999999761581421,0.002595597645267844,0.0
2749639282,0,0.8999999761581421,0.0026185577735304832,0.0
2774639282,0,0.8999999761581421,0.0027069896459579468,0.0
2799639282,0,0.8999999761581421,0.002622844185680151,0.0
2824639283,0,0.8999999761581421,0.0026309245731681585,0.0
2849639283,0,0.8999999761581421,0.0028014597482979298,0.0
2874639283,0,0.8999999761581421,0.002696947194635868,0.0
2899639284,0,0.8999999761581421,0.0027781534008681774,0.0
2924639284,0,0.8999999761581421,0.0028280033729970455,0.0
2949639284,0,0.8999999761581421,0.002762578194960952,0.0
2974639285,0,0.8999999761581421,0.0027781480457633734,0.0
2999639285,0,0.8999999761581421,0.002590640913695097,0.0
3024639286,0,0.8999999761581421,0.002739900490269065,0.0
3049639286,0,0.8999999761581421,0.002631405834108591,0.0
3074639286,0,0.8999999761581421,0.0026463682297617197,0.0
3099639287,0,0.8999999761581421,0.0026705043856054544,0.0
3124639287,0,0.8999999761581421,0.002655870746821165,0.0
3149639287,0,0.8999999761581421,0.0026037306524813175,0.0
3174639288,0,0.8999999761581421,0.002560304943472147,0.0
3199639288,0,0.8999999761581421,0.002541782334446907,0.0
3224639289,0,0.8999999761581421,0.0024083859752863646,0.0
3249639289,0,0.8999999761581421,0.002513394458219409,0.0
3274639289,0,0.8999999761581421,0.0024654194712638855,0.0
3299639290,0,0.8999999761581421,0.0025085918605327606,0.0
3324639290,0,0.8999999761581421,0.0025953282602131367,0.0
3349639290,0,0.8999999761581421,0.002450997708365321,0.0
3374639291,0,0.8999999761581421,0.002578740706667304,0.0
3399639291,0,0.8999999761581421,0.002405114471912384,0.0
3424639292,0,0.8999999761581421,0.002504015574231744,0.0
3449639292,0,0.8999999761581421,0.0023952648043632507,0.0
3474639292,0,0.8999999761581421,0.0024277735501527786,0.0
3499639293,0,0.8999999761581421,0.002470852341502905,0.0
3524639293,0,0.8999999761581421,0.002556572435423732,0.0
3549639293,0,0.8999999761581421,0.0025471483822911978,0.0
3574639294,0,0.8999999761581421,0.002468791790306568,0.0
3599639294,0,0.8999999761581421,0.0024291411973536015,0.0
3624639295,0,0.8999999761581421,0.0023926764260977507,0.0
3649639295,0,0.8999999761581421,0.0023811818100512028,0.0
3674639295,0,0.8999999761581421,0.0023561776615679264,0.0
3699639296,0,0.8999999761581421,0.002399368677288294,0.0
3724639296,0,0.8999999761581421,0.002550772624090314,0.0
3749639296,0,0.8999999761581421,0.0024618876632303,0.0
3774639297,0,0.8999999761581421,0.002487342804670334,0.0
3799639297,0,0.8999999761581421,0.0023758586030453444,0.0
3824639298,0,0.8999999761581421,0.002402203157544136,0.0
3849639298,0,0.8999999761581421,0.002325847279280424,0.0
3874639298,0,0.8999999761581421,0.0022920293267816305,0.0
3899639299,0,0.8999999761581421,0.0024142242036759853,0.0
3924639299,0,0.8999999761581421,0.0024859171826392412,0.0
3949639299,0,0.8999999761581421,0.0024953156244009733,0.0
3974639300,0,0.8999999761581421,0.00246748561039567,0.0
3999639300,0,0.8999999761581421,0.0023613101802766323,0.0
4024639301,0,0.8999999761581421,0.0023695719428360462,0.0
4049639301,0,0.8999999761581421,0.0023337588645517826,0.0
4074639301,0,0.8999999761581421,0.002350968075916171,0.0
4099639302,0,0.8999999761581421,0.0023897977080196142,0.0
4124639302,0,0.8999999761581421,0.0025322583969682455,0.0
4149639302,0,0.8999999761581421,0.0024453415535390377,0.0
4174639303,0,0.8999999761581421,0.0024954366963356733,0.0
4199639303,0,0.8999999761581421,0.0023983397986739874,0.0
4224639303,0,0.8999999761581421,0.002340029925107956,0.0
4249639304,0,0.8999999761581421,0.002398937474936247,0.0
4274639304,0,0.8999999761581421,0.0023452122695744038,0.0
4299639305,0,0.8999999761581421,0.002449630293995142,0.0
4324639305,0,0.8999999761581421,0.00255657103843987,0.0
4349639305,0,0.8999999761581421,0.0024287740234285593,0.0
4374639306,0,0.8999999761581421,0.00247545400634408,0.0
4399639306,0,0.8999999761581421,0.002473332453519106,0.0
4424639306,0,0.8999999761581421,0.0026044948026537895,0.0
4449639307,0,0.8999999761581421,0.0026496879290789366,0.0
4474639307,0,0.8999999761581421,0.002358723198994994,0.0
4499639308,0,0.8999999761581421,0.0019395147683098912,0.0
4524639308,0,0.8999999761581421,0.0017102338606491685,0.0
4549639308,0,0.8999999761581421,0.0020573867950588465,0.0
4574639309,0,0.8999999761581421,0.0021016320679336786,0.0
4599639309,0,0.8999999761581421,0.0022175817284733057,0.0
4624639309,0,0.8999999761581421,0.002291492884978652,0.0
4649639310,0,0.8999999761581421,0.002475711517035961,0.0
4674639310,0,0.8999999761581421,0.0023206749465316534,0.0
4699639311,0,0.8999999761581421,0.0024960371665656567,0.0
4724639311,0,0.8999999761581421,0.002767569851130247,0.0
4749639311,0,0.8999999761581421,0.0028323272708803415,0.0
4774639312,0,0.8999999761581421,0.0028982500080019236,0.0
4799639312,0,0.8999999761581421,0.0032690195366740227,0.0
4824639312,0,0.8999999761581421,0.003352757776156068,0.0
4849639313,0,0.8999999761581421,0.0032561374828219414,0.0
4874639313,0,0.8999999761581421,0.0029529554303735495,0.0
4899639314,0,0.8999999761581421,0.0024473806843161583,0.0
4924639314,0,0.8999999761581421,0.002755447756499052,0.0
4949639314,0,0.8999999761581421,0.002443973906338215,0.0
4974639315,0,0.8999999761581421,0.0012824747245758772,0.0
4999639315,0,0.8999999761581421,0.0005418004584498703,0.0
5024639315,0,0.8999999761581421,0.0007630217587575316,0.0
5049639316,0,0.8999999761581421,0.0008102610590867698,0.0
5074639316,0,0.8999999761581421,0.0010819360613822937,0.0
5099639317,0,0.8999999761581421,0.0007883361540734768,0.0
5124639317,0,0.8999999761581421,1.7939204553840682e-05,0.0
5149639317,0,0.8999999761581421,-0.00019611892639659345,0.0
5174639318,0,0.8999999761581421,-0.00023528578458353877,0.0
5199639318,0,0.8999999761581421,-1.2755380339513067e-05,0.0
5224639318,0,0.8999999761581421,-0.0006879736320115626,0.0
5249639319,0,0.8999999761581421,-0.0004005962982773781,0.0
5274639319,0,0.8999999761581421,0.0005714321159757674,0.0
5299639320,0,0.8999999761581421,0.0006017126142978668,0.0
5324639320,0,0.8999999761581421,0.000899365171790123,0.0
5349639320,0,0.8999999761581421,0.0015094148693606257,0.0
5374639321,0,0.8999999761581421,0.0014968771720305085,0.0
5399639321,0,0.8999999761581421,0.0017435878980904818,0.0
5424639321,0,0.8999999761581421,0.001298434566706419,0.0
5449639322,0,0.8999999761581421,0.0010232191998511553,0.0
5474639322,0,0.8999999761581421,0.0017791006248444319,0.0
5499639322,0,0.8999999761581421,0.0014726670924574137,0.0
5524639323,0,0.8999999761581421,0.0016003133496269584,0.0
5549639323,0,0.8999999761581421,0.002114672213792801,0.0
5574639324,0,0.8999999761581421,0.0019397850846871734,0.0
5599639324,0,0.8999999761581421,0.0023715440183877945,0.0
5624639324,0,0.8999999761581421,0.001927593257278204,0.0
5649639325,0,0.8999999761581421,0.001809137873351574,0.0
5674639325,0,0.8999999761581421,0.0014792908914387226,0.0
5699639325,0,0.8999999761581421,0.0019899143371731043,0.0
5724639326,0,0.8999999761581421,0.002357048448175192,0.0
5749639326,0,0.8999999761581421,0.002796068787574768,0.0
5774639327,0,0.8999999761581421,0.0028256848454475403,0.0
5799639327,0,0.8999999761581421,0.0024317922070622444,0.0
5824639327,0,0.8999999761581421,0.002157587092369795,0.0
5849639328,0,0.8999999761581421,0.0019248626194894314,0.0
5874639328,0,0.8999999761581421,0.0015660385834053159,0.0
5899639328,0,0.8999999761581421,0.0015450912760570645,0.0
5924639329,0,0.8999999761581421,0.0002603184257168323,0.0
5949639329,0,0.8999999761581421,-9.429932106286287e-06,0.0
5974639330,0,0.8999999761581421,-0.00012274134496692568,0.0
5999639330,0,0.8999999761581421,-0.0008493838249705732,0.0
6024639330,0,0.8999999761581421,-0.0010169895831495523,0.0
6049639331,0,0.8999999761581421,-0.0023516397923231125,0.0
6074639331,0,0.8999999761581421,-0.001648410689085722,0.0
6099639331,0,0.8999999761581421,-0.0020241066813468933,0.0
6124639332,0,0.8999999761581421,-0.00021640173508785665,0.0
6149639332,0,0.8999999761581421,-0.00042316009057685733,0.0
6174639333,0,0.8999999761581421,-0.001188906840980053,0.0
6199639333,0,0.8999999761581421,-0.0015430549392476678,0.0
6224639333,0,0.8999999761581421,-0.001027811085805297,0.0
6249639334,0,0.8999999761581421,-0.0009373467182740569,0.0
6274639334,0,0.8999999761581421,-0.0004256403190083802,0.0
6299639334,0,0.8999999761581421,0.00014525535516440868,0.0
6324639335,0,0.8999999761581421,0.000577861035708338,0.0
6349639335,0,0.8999999761581421,0.0006573331193067133,0.0
6374639336,0,0.8999999761581421,0.000302359665511176,0.0
6399639336,0,0.8999999761581421,0.0005220085731707513,0.0
6424639336,0,0.8999999761581421,0.0014803367666900158,0.0
6449639337,0,0.8999999761581421,0.0024295353796333075,0.0
6474639337,0,0.8999999761581421,0.002350424649193883,0.0
6499639337,0,0.8999999761581421,0.002617176156491041,0.0
6524639338,0,0.8999999761581421,0.001925053191371262,0.0
6549639338,0,0.8994102478027344,0.0022205428685992956,0.0
6574639338,0,0.8522509336471558,0.0020426250994205475,0.0
6599639339,0,0.8003652691841125,0.0015615747543051839,0.0
6624639339,0,0.753637433052063,0.0016142980894073844,0.0
6649639340,0,0.7023563385009766,0.00105243397410959,0.0
6674639340,0,0.6570785045623779,0.00024704509996809065,0.0
6699639340,0,0.6181600689888,-0.0007479754276573658,0.0
6724639341,0,0.5570396780967712,-0.0006635856116190553,0.0
6749639341,0,0.5095701813697815,-0.0012260787189006805,0.0
6774639341,0,0.49317696690559387,-9.126128861680627e-05,0.0
6799639342,0,0.4427187740802765,-0.0007778290309943259,0.0
6824639342,0,0.4269619584083557,-0.0009360233671031892,0.0
6849639343,0,0.3957872688770294,-0.0023500716779381037,0.0
6874639343,0,0.4051423966884613,-0.0028728742618113756,0.0
6899639343,0,0.38865911960601807,-0.004281972069293261,0.0
6924639344,0,0.36796829104423523,-0.004716908559203148,0.0
6949639344,0,0.3345790505409241,-0.003965828567743301,0.0
6974639344,0,0.318256139755249,-0.004226690623909235,0.0
6999639345,0,0.3118465542793274,-0.004619533196091652,0.0
7024639345,0,0.2996751368045807,-0.005267492961138487,0.0
7049639346,0,0.2818143963813782,-0.0055929203517735004,0.0
7074639346,0,0.27077192068099976,-0.0038926173001527786,0.0
7099639346,0,0.2747580409049988,-0.0032965154387056828,0.0
7124639347,0,0.27933448553085327,-0.0034223117399960756,0.0
7149639347,0,0.2775190770626068,-0.003244598861783743,0.0
7174639347,0,0.28541749715805054,-0.004463294055312872,0.0
7199639348,0,0.2786903381347656,-0.0013129814760759473,0.0
7224639348,0,0.2863205075263977,-0.0007482045330107212,0.0
7249639349,0,0.28172945976257324,-0.001061176648363471,0.0
7274639349,0,0.29285985231399536,-0.0009416411630809307,0.0
7299639349,0,0.29113566875457764,-0.001654439722187817,0.0
7324639350,0,0.3232332468032837,-0.001654860912822187,0.0
7349639350,0,0.3408040702342987,-0.0017595236422494054,0.0
7374639350,0,0.34689778089523315,-0.00263810227625072,0.0
7399639351,0,0.3652113378047943,-0.0017859493382275105,0.0
7424639351,0,0.34879568219184875,-0.0016371351666748524,0.0
7449639352,0,0.3444584608078003,-0.002017095685005188,0.0
7474639352,0,0.33044275641441345,-0.0017647672211751342,0.0
7499639352,0,0.362975537776947,-0.0014475987991318107,0.0
7524639353,0,0.36205920577049255,-0.0020683833863586187,0.0
7549639353,0,0.38689836859703064,-0.002079923404380679,0.0
7574639353,0,0.39489835500717163,-0.0019910656847059727,0.0
7599639354,0,0.3796640634536743,-0.002385261468589306,0.0
7624639354,0,0.39275941252708435,-0.002922748913988471,0.0
7649639355,0,0.39707303047180176,-0.0038652424700558186,0.0
7674639355,0,0.3952409029006958,-0.0026505147106945515,0.0
7699639355,0,0.3969017565250397,-0.0021550555247813463,0.0
7724639356,0,0.40967875719070435,-0.001134229707531631,0.0
7749639356,0,0.4056364595890045,-0.0019338243873789907,0.0
7774639356,0,0.42935940623283386,-0.0033550942316651344,0.0
7799639357,0,0.4456236660480499,-0.0038826994132250547,0.0
7824639357,0,0.45705655217170715,-0.0038675733376294374,0.0
7849639357,0,0.4739246666431427,-0.0030413095373660326,0.0
7874639358,0,0.5131595134735107,-0.0011674187844619155,0.0
7899639358,0,0.5128404498100281,-0.0019239148823544383,0.0
7924639359,0,0.5327683091163635,-0.0008290085243061185,0.0
7949639359,0,0.5486383438110352,-0.0019436199218034744,0.0
7974639359,0,0.580016016960144,-0.0005699550965800881,0.0
7999639360,0,0.593363344669342,0.0007769183721393347,0.0
8024639360,0,0.612407922744751,0.0012368562165647745,0.0
8049639360,0,0.5959944128990173,0.0028999289497733116,0.0
8074639361,0,0.6497336030006409,0.0030175831634551287,0.0
8099639361,0,0.6457819938659668,0.0021024090237915516,0.0
8124639362,0,0.6388431787490845,0.001765188411809504,0.0
8149639362,0,0.6337274312973022,0.0013205744326114655,0.0
8174639362,0,0.6331237554550171,0.0010567327262833714,0.0
8199639363,0,0.6239972710609436,0.0011608703061938286,0.0
8224639363,0,0.6241569519042969,0.0011407724814489484,0.0
8249639363,0,0.6247491836547852,0.000869929906912148,0.0
8274639364,0,0.6343191862106323,0.0009547594236209989,0.0
8299639364,0,0.6309872269630432,-9.804185765460716e-07,0.0
8324639365,0,0.6374292969703674,0.0007469338597729802,0.0
8349639365,0,0.6257091760635376,0.0007582677062600851,0.0
8374639365,0,0.6421579122543335,0.0005405966658145189,0.0
8399639366,0,0.6424745321273804,-0.0012024177704006433,0.0
8424639366,0,0.6346449255943298,-0.001308657112531364,0.0
8449639366,0,0.6595501899719238,-0.0017916468204930425,0.0
8474639367,0,0.6430724263191223,-0.0018762643449008465,0.0
8499639367,0,0.6162319779396057,-0.0020624666940420866,0.0
8524639368,0,0.6155020594596863,-0.001219831989146769,0.0
8549639368,0,0.5659919381141663,-0.0018029636703431606,0.0
8574639368,0,0.5249607563018799,-0.0016684501897543669,0.0
8599639369,0,0.41060447692871094,-0.0027378543745726347,0.0
8624639369,0,0.3661387264728546,-0.0030377365183085203,0.0
8649639369,0,0.3275451362133026,-0.0018808263121172786,0.0
8674639370,0,0.24250288307666779,-0.0008954719523899257,0.0
8699639370,0,0.18745507299900055,0.00048634360427968204,0.0
8724639371,0,0.18986919522285461,0.0006329180323518813,0.0
8749639371,0,0.18587037920951843,0.00032922509126365185,0.0
8774639371,0,0.1816398799419403,-0.0006575508741661906,0.0
8799639372,0,0.17723731696605682,0.000874036515597254,0.0
8824639372,0,0.0,0.0016531050205230713,1.0
8849639372,0,0.0,0.0026144953444600105,1.0
8874639373,0,0.0,0.002939864294603467,1.0
8899639373,0,0.0,0.0025974740274250507,1.0
8924639374,0,0.0,0.002878048224374652,1.0
8949639374,0,0.0,0.0029883813112974167,1.0
8974639374,0,0.0,0.004245319869369268,1.0
8999639375,0,0.0,0.004964056424796581,1.0
9024639375,0,0.0,0.005382991395890713,1.0
9049639375,0,0.0,0.0050809322856366634,1.0
9074639376,0,0.0,0.0061392514035105705,1.0
9099639376,0,0.0,0.006069716066122055,1.0
9124639376,0,0.0,0.0062047699466347694,1.0
9149639377,0,0.0,0.007578166201710701,1.0
9174639377,0,0.0,0.006357601378113031,1.0
9199639378,0,0.0,0.002384376246482134,1.0
9224639378,0,0.0,-0.0003539005701895803,1.0
9249639378,0,0.0,-0.00021655541786458343,1.0
9274639379,0,0.0,-0.004586060997098684,1.0
9299639379,0,0.0,-0.005061392206698656,1.0
9324639379,0,0.0,-0.009613217785954475,1.0
9349639380,0,0.0,-0.008174595423042774,1.0
9374639380,0,0.0,-0.009389722719788551,1.0
9399639381,0,0.0,-0.0071390545926988125,1.0
9424639381,0,0.0,-0.010311493650078773,1.0
9449639381,0,0.0,-0.009894815273582935,1.0
9474639382,0,0.0,-0.012249018996953964,1.0
9499639382,0,0.0,-0.011104932986199856,1.0
9524639382,0,0.0,-0.009570017457008362,1.0
9549639383,0,0.0,-0.002005218295380473,1.0
9574639383,0,0.0,0.011047832667827606,1.0
9599639384,0,0.0,0.014140592887997627,1.0
9624639384,0,0.0,0.018212035298347473,1.0
9649639384,0,0.0,0.019017256796360016,1.0
9674639385,0,0.0,0.019442545250058174,1.0
9699639385,0,0.0,0.01846756786108017,1.0
9724639385,0,0.0,0.007600344251841307,1.0
9749639386,0,0.0,0.0018898521084338427,1.0
9774639386,0,0.0,0.002674899762496352,1.0
9799639387,0,0.0,0.0038163282442837954,1.0
9824639387,0,0.0,0.005535949487239122,1.0
9849639387,0,0.0,0.0024334967602044344,1.0
9874639388,0,0.0,0.002268076641485095,1.0
9899639388,0,0.0,0.0018744259141385555,1.0
9924639388,0,0.0,0.0018092772224918008,1.0
9949639389,0,0.0,0.0018935020780190825,1.0
9974639389,0,0.0,0.0018363689305260777,1.0
9999639390,0,0.0,0.0017626413609832525,1.0
10024639390,0,0.0,0.0016309652710333467,1.0
10049639390,0,0.0,0.001580009120516479,1.0
10074639391,0,0.0,0.0014928971650078893,1.0
10099639391,0,0.0,0.0014844505349174142,1.0
10124639391,0,0.0,0.001442785025574267,1.0
10149639392,0,0.0,0.001379931578412652,1.0
10174639392,0,0.0,0.0012553546112030745,1.0
10199639393,0,0.0,0.0012679605279117823,1.0
10224639393,0,0.0,0.001347352983430028,1.0
10249639393,0,0.0,0.001354763749986887,1.0
10274639394,0,0.0,0.0014049115125089884,1.0
10299639394,0,0.0,0.0015322476392611861,1.0
10324639394,0,0.0,0.001670803758315742,1.0
10349639395,0,0.0,0.0017588790506124496,1.0
10374639395,0,0.0,0.0018711687298491597,1.0
10399639395,0,0.0,0.0020293232519179583,1.0
10424639396,0,0.0,0.0021444375161081553,1.0
10449639396,0,0.0,0.002283709356561303,1.0
10474639397,0,0.0,0.002446018857881427,1.0
10499639397,0,0.0,0.002595336642116308,1.0
10524639397,0,0.0,0.0027265390381217003,1.0
10549639398,0,0.0,0.0027830631006509066,1.0
10574639398,0,0.0,0.002697406802326441,1.0
10599639398,0,0.0,0.002527734963223338,1.0
10624639399,0,0.0,0.002320300554856658,1.0
10649639399,0,0.0,0.0021142750047147274,1.0
10674639400,0,0.0,0.0019059187034144998,1.0
10699639400,0,0.0,0.001636153319850564,1.0
10724639400,0,0.0,0.0015799707034602761,1.0
10749639401,0,0.0,0.0015691263834014535,1.0
10774639401,0,0.0,0.001561721321195364,1.0
10799639401,0,0.0,0.0015493230894207954,1.0
10824639402,0,0.0,0.0015282093081623316,1.0
10849639402,0,0.0,0.0015256536426022649,1.0
10874639403,0,0.0,0.0014881488168612123,1.0
10899639403,0,0.0,0.001478397287428379,1.0
10924639403,0,0.0,0.0015212453436106443,1.0
10949639404,0,0.0,0.0014887108700349927,1.0
10974639404,0,0.0,0.0014983442379161716,1.0
10999639404,0,0.0,0.0015104778576642275,1.0
11024639405,0,0.0,0.0015073871472850442,1.0
11049639405,0,0.0,0.0015034782700240612,1.0
11074639406,0,0.0,0.0014934977516531944,1.0
11099639406,0,0.0,0.0014966082526370883,1.0
11124639406,0,0.0,0.001513937022536993,1.0
11149639407,0,0.0,0.0014933468773961067,1.0
11174639407,0,0.0,0.0015314294723793864,1.0
11199639407,0,0.0,0.0014796736650168896,1.0
11224639408,0,0.0,0.0014451100723817945,1.0
11249639408,0,0.0,0.0014307026285678148,1.0
11274639409,0,0.0,0.0014225149061530828,1.0
11299639409,0,0.0,0.0014094864018261433,1.0
11324639409,0,0.0,0.001431735698133707,1.0
11349639410,0,0.0,0.0014605448814108968,1.0
11374639410,0,0.0,0.0013731056824326515,1.0
11399639410,0,0.0,0.0014382428489625454,1.0
11424639411,0,0.0,0.0013901198981329799,1.0
11449639411,0,0.0,0.0013801350723952055,1.0
11474639412,0,0.0,0.0014051150064915419,1.0
11499639412,0,0.0,0.0013623039703816175,1.0
11524639412,0,0.0,0.0017267429502680898,1.0
11549639413,0,0.0,0.002762549789622426,1.0
11574639413,0,0.0,0.0027545925695449114,1.0
11599639413,0,0.0,0.001945903874002397,1.0
11624639414,0,0.0,0.0023734979331493378,1.0
11649639414,0,0.0,0.002791711827740073,1.0
11674639414,0,0.0,0.004545091185718775,1.0
11699639415,0,0.0,0.009510710835456848,1.0
11724639415,0,0.0,0.019419623538851738,1.0
11749639416,0,0.0,0.02006712555885315,1.0
11774639416,0,0.0,0.019838057458400726,1.0
11799639416,0,0.0,0.020201638340950012,1.0
11824639417,0,0.0,0.0208609439432621,1.0
11849639417,0,0.0,0.021485621109604836,1.0
11874639417,0,0.0,0.022589344531297684,1.0
11899639418,0,0.0,0.024434270337224007,1.0
11924639418,0,0.0,0.024126240983605385,1.0
11949639419,0,0.0,0.024042079225182533,1.0
11974639419,0,0.0,0.022467900067567825,1.0
11999639419,0,0.0,0.015979617834091187,1.0
12024639420,0,0.2453887015581131,0.006286309566348791,0.0
12049639420,0,0.27394816279411316,0.0028326716274023056,0.0
12074639420,0,0.2882773280143738,0.0035439019557088614,0.0
12099639421,0,0.2771647274494171,-0.002880724845454097,0.0
12124639421,0,0.32322704792022705,-0.005790556315332651,0.0
12149639422,0,0.4005066454410553,-0.004229534883052111,0.0
12174639422,0,0.4891512393951416,-0.00612448388710618,0.0
12199639422,0,0.4692879617214203,-0.005874736700206995,0.0
12224639423,0,0.4939921796321869,-0.002822114620357752,0.0
12249639423,0,0.5899063944816589,-0.0015122764743864536,0.0
12274639423,0,0.5916303992271423,-0.0002449917665217072,0.0
12299639424,0,0.6531549692153931,-0.00013961475633550435,0.0
12324639424,0,0.7464367151260376,-0.00016244893777184188,0.0
12349639425,0,0.8999999761581421,0.0012020464055240154,0.0
12374639425,0,0.8999999761581421,0.0018208430847153068,0.0
12399639425,0,0.8999999761581421,0.002691043308004737,0.0
12424639426,0,0.8999999761581421,0.006721647456288338,0.0
12449639426,0,0.8999999761581421,0.005270935129374266,0.0
12474639426,0,0.8999999761581421,0.005770693067461252,0.0
12499639427,0,0.8999999761581421,0.006183852441608906,0.0
12524639427,0,0.8999999761581421,0.005915693938732147,0.0
12549639428,0,0.8999999761581421,0.0059903706423938274,0.0
12574639428,0,0.8999999761581421,0.0049539590254426,0.0
12599639428,0,0.8999999761581421,0.006940459832549095,0.0
12624639429,0,0.8999999761581421,0.0062852893024683,0.0
12649639429,0,0.8999999761581421,0.0053268917836248875,0.0
12674639429,0,0.8999999761581421,0.004733432084321976,0.0
12699639430,0,0.8999999761581421,0.004174183122813702,0.0
12724639430,0,0.8999999761581421,0.003239403711631894,0.0
12749639431,0,0.8999999761581421,0.0032803250942379236,0.0
12774639431,0,0.8999999761581421,0.0021873738151043653,0.0
12799639431,0,0.8999999761581421,0.0025974127929657698,0.0
12824639432,0,0.8999999761581421,0.0017801109934225678,0.0
12849639432,0,0.8999999761581421,0.000627717177849263,0.0
12874639432,0,0.8999999761581421,0.0007539717480540276,0.0
12899639433,0,0.8999999761581421,0.00020631297957152128,0.0
12924639433,0,0.8999999761581421,-0.0006556085427291691,0.0
12949639433,0,0.8999999761581421,0.00011077997623942792,0.0
12974639434,0,0.8999999761581421,-0.0012072757817804813,0.0
12999639434,0,0.8999999761581421,-0.0004396279691718519,0.0
13024639435,0,0.8999999761581421,-0.0008757284376770258,0.0
13049639435,0,0.8999999761581421,-0.0016362329479306936,0.0
13074639435,0,0.8999999761581421,-0.0010858478490263224,0.0
13099639436,0,0.8999999761581421,-0.0007216052035801113,0.0
13124639436,0,0.8999999761581421,0.000619146681856364,0.0
13149639436,0,0.8999999761581421,0.0009597098687663674,0.0
13174639437,0,0.8999999761581421,0.0011055670911446214,0.0
13199639437,0,0.8999999761581421,0.0015290445880964398,0.0
13224639438,0,0.8999999761581421,0.003522263141348958,0.0
13249639438,0,0.8999999761581421,0.003542202990502119,0.0
13274639438,0,0.8999999761581421,0.003770324168726802,0.0
13299639439,0,0.8999999761581421,0.0040515814907848835,0.0
13324639439,0,0.8999999761581421,0.004125062841922045,0.0
13349639439,0,0.8999999761581421,0.004314634948968887,0.0
13374639440,0,0.8999999761581421,0.0036377673968672752,0.0
13399639440,0,0.8999999761581421,0.003965789917856455,0.0
13424639441,0,0.8999999761581421,0.004059576895087957,0.0
13449639441,0,0.8999999761581421,0.0035332469269633293,0.0
13474639441,0,0.8999999761581421,0.0034406837075948715,0.0
13499639442,0,0.8999999761581421,0.0033569212537258863,0.0
13524639442,0,0.8999999761581421,0.0030372014734894037,0.0
13549639442,0,0.8999999761581421,0.0028152575250715017,0.0
13574639443,0,0.8999999761581421,0.0024023938458412886,0.0
13599639443,0,0.8999999761581421,0.0023743174970149994,0.0
13624639444,0,0.8999999761581421,0.0018711076118052006,0.0
13649639444,0,0.8999999761581421,0.001616115216165781,0.0
13674639444,0,0.8999999761581421,0.0017140274867415428,0.0
13699639445,0,0.8999999761581421,0.002000408712774515,0.0
13724639445,0,0.8999999761581421,0.0016888012178242207,0.0
13749639445,0,0.8999999761581421,0.0019825450144708157,0.0
13774639446,0,0.8999999761581421,0.001789123984053731,0.0
13799639446,0,0.8999999761581421,0.0018293452449142933,0.0
13824639447,0,0.8999999761581421,0.0012823452707380056,0.0
13849639447,0,0.8999999761581421,0.0016698020044714212,0.0
13874639447,0,0.8999999761581421,0.0020270906388759613,0.0
13899639448,0,0.8999999761581421,0.0014827202539891005,0.0
13924639448,0,0.8999999761581421,0.001868426683358848,0.0
13949639448,0,0.8999999761581421,0.0030091763474047184,0.0
13974639449,0,0.8999999761581421,0.0027264878153800964,0.0
13999639449,0,0.8999999761581421,0.002443773439154029,0.0
14024639450,0,0.8999999761581421,0.0022061483468860388,0.0
14049639450,0,0.8999999761581421,0.0019520196365192533,0.0
14074639450,0,0.8999999761581421,0.0016377285355702043,0.0
14099639451,0,0.8999999761581421,0.0012374637881293893,0.0
14124639451,0,0.8999999761581421,6.281212699832395e-05,0.0
14149639451,0,0.8999999761581421,0.00039086895412765443,0.0
14174639452,0,0.8999999761581421,-0.00011707513476721942,0.0
14199639452,0,0.8999999761581421,0.00011335125600453466,0.0
14224639452,0,0.8999999761581421,0.0001911471044877544,0.0
14249639453,0,0.8999999761581421,-0.0006421729922294617,0.0
14274639453,0,0.8999999761581421,-0.0008558924309909344,0.0
14299639454,0,0.8999999761581421,-0.001917605521157384,0.0
14324639454,0,0.8999999761581421,-0.001997967017814517,0.0
14349639454,0,0.8999999761581421,-0.0016620226670056581,0.0
14374639455,0,0.8999999761581421,-0.0019776399713009596,0.0
14399639455,0,0.8999999761581421,-0.002498881658539176,0.0
14424639455,0,0.8999999761581421,-0.0012415021192282438,0.0
14449639456,0,0.8999999761581421,-0.0016298211412504315,0.0
14474639456,0,0.8999999761581421,-0.001592082902789116,0.0
14499639457,0,0.8999999761581421,-0.0017341822385787964,0.0
14524639457,0,0.8999999761581421,-0.0014979757834225893,0.0
14549639457,0,0.8999999761581421,-0.0032114468049257994,0.0
14574639458,0,0.8999999761581421,-0.002391573740169406,0.0
14599639458,0,0.8999999761581421,-0.001773586729541421,0.0
14624639458,0,0.8999999761581421,-0.0012537580914795399,0.0
14649639459,0,0.8999999761581421,-0.0013046272797510028,0.0
14674639459,0,0.8999999761581421,-0.0007584825507365167,0.0
14699639460,0,0.8999999761581421,-0.0002855616621673107,0.0
14724639460,0,0.8999999761581421,-0.0005382430972531438,0.0
14749639460,0,0.8999999761581421,-0.0007430918631143868,0.0
14774639461,0,0.8999999761581421,-8.660252933623269e-05,0.0
14799639461,0,0.8999999761581421,-0.0009321016841568053,0.0
14824639461,0,0.8999999761581421,-0.0011866457061842084,0.0
14849639462,0,0.8999999761581421,-0.0029069469310343266,0.0
14874639462,0,0.8999999761581421,-0.002179595874622464,0.0
14899639463,0,0.8999999761581421,-0.0009999724570661783,0.0
14924639463,0,0.8999999761581421,-0.001156314043328166,0.0
14949639463,0,0.8999999761581421,-0.00036832221667282283,0.0
14974639464,0,0.8999999761581421,-0.0004736323608085513,0.0
14999639464,0,0.8999999761581421,0.0005525423912331462,0.0
15024639464,0,0.8999999761581421,0.000186980701982975,0.0
15049639465,0,0.8999999761581421,0.0009173185680992901,0.0
15074639465,0,0.8999999761581421,0.001213704701513052,0.0
15099639466,0,0.8999999761581421,0.0007631057524122298,0.0
15124639466,0,0.8999999761581421,0.00030452682403847575,0.0
15149639466,0,0.8999999761581421,7.773324614390731e-05,0.0
15174639467,0,0.8999999761581421,0.0008161307778209448,0.0
15199639467,0,0.8999999761581421,0.0006461842567659914,0.0
15224639467,0,0.8999999761581421,-2.7447402317193337e-05,0.0
15249639468,0,0.8999999761581421,7.152773468988016e-05,0.0
15274639468,0,0.8999999761581421,0.0006089697126299143,0.0
15299639469,0,0.8885380029678345,0.0018901225412264466,0.0
15324639469,0,0.8398077487945557,0.0013801122549921274,0.0
15349639469,0,0.7850375175476074,0.0006742933765053749,0.0
15374639470,0,0.7382235527038574,0.0008385935216210783,0.0
15399639470,0,0.7289738059043884,0.00041521003004163504,0.0
15424639470,0,0.6910362243652344,-0.00024272927839774638,0.0
15449639471,0,0.7234527468681335,-0.0007145957206375897,0.0
15474639471,0,0.6728155016899109,-0.0011685643112286925,0.0
15499639471,0,0.724892795085907,-0.0027106544002890587,0.0
15524639472,0,0.681443452835083,-0.002615045988932252,0.0
15549639472,0,0.5863505601882935,-0.0032283670734614134,0.0
15574639473,0,0.4734690189361572,-0.004934788681566715,0.0
15599639473,0,0.3671479821205139,-0.006047961767762899,0.0
15624639473,0,0.3393957018852234,-0.007709810975939035,0.0
15649639474,0,0.0,-0.007472389377653599,1.0
15674639474,0,0.0,-0.005804397165775299,1.0
15699639474,0,0.0,-0.0049603949300944805,1.0
15724639475,0,0.0,-0.0033455120865255594,1.0
15749639475,0,0.0,-0.002706120954826474,1.0
15774639476,0,0.0,-0.00227938499301672,1.0
15799639476,0,0.0,-0.00034558482002466917,1.0
15824639476,0,0.0,-0.0011048044543713331,1.0
15849639477,0,0.0,-0.0011185829062014818,1.0
15874639477,0,0.0,0.002444019541144371,1.0
15899639477,0,0.0,0.0029877424240112305,1.0
15924639478,0,0.15130320191383362,0.0024105217307806015,0.0
15949639478,0,0.13934394717216492,0.002482934622094035,0.0
15974639479,0,0.12763167917728424,0.003753724042326212,0.0
15999639479,0,0.0,0.003871008288115263,1.0
16024639479,0,0.0,0.0021458917763084173,1.0
16049639480,0,0.0,0.0032579090911895037,1.0
16074639480,0,0.0,0.0012386249145492911,1.0
16099639480,0,0.0,-0.0038550058379769325,1.0
16124639481,0,0.0,-0.00345091475173831,1.0
16149639481,0,0.0,-0.004647906869649887,1.0
16174639482,0,0.0,-0.005341462790966034,1.0
16199639482,0,0.0,-0.0034164877142757177,1.0
16224639482,0,0.0,-0.0006083094631321728,1.0
16249639483,0,0.0,-0.004139311145991087,1.0
16274639483,0,0.0,-0.005005694925785065,1.0
16299639483,0,0.029838304966688156,-0.00400437181815505,0.0
16324639484,0,0.11817016452550888,-0.0077211190946400166,0.0
16349639484,0,0.3422887623310089,-0.007971554063260555,0.0
16374639485,0,0.36245349049568176,-0.010489217936992645,0.0
16399639485,0,0.29463738203048706,-0.007913216948509216,0.0
16424639485,0,0.1661497950553894,-0.006700792815536261,0.0
16449639486,0,0.3588346242904663,-0.005308241117745638,0.0
16474639486,0,0.30127018690109253,-0.004034712444990873,0.0
16499639486,0,0.5110923647880554,-0.003891764907166362,0.0
16524639487,0,0.5951647758483887,-0.0054841055534780025,0.0
16549639487,0,0.48840126395225525,-0.0020070867612957954,0.0
16574639488,0,0.6908987164497375,-0.0026257922872900963,0.0
16599639488,0,0.6780219078063965,-0.0016784265171736479,0.0
16624639488,0,0.7048631310462952,-0.0020715822465717793,0.0
16649639489,0,0.7993889451026917,-0.004231191240251064,0.0
16674639489,0,0.78066086769104,-0.0039605433121323586,0.0
16699639489,0,0.8999999761581421,-0.0054323324002325535,0.0
16724639490,0,0.8999999761581421,-0.002715104026719928,0.0
16749639490,0,0.8999999761581421,-0.002277388470247388,0.0
16774639490,0,0.8999999761581421,-0.001727948198094964,0.0
16799639491,0,0.8999999761581421,-0.0014126794412732124,0.0
16824639491,0,0.8999999761581421,-0.0012313949409872293,0.0
16849639492,0,0.8999999761581421,-0.0007428243407048285,0.0
16874639492,0,0.8999999761581421,-0.0006270412704907358,0.0
16899639492,0,0.8999999761581421,-0.0001981238747248426,0.0
16924639493,0,0.8999999761581421,0.00026912652538158,0.0
16949639493,0,0.8999999761581421,-0.0004052479343954474,0.0
16974639493,0,0.8999999761581421,-0.0002946956374216825,0.0
16999639494,0,0.8999999761581421,0.0002101905265590176,0.0
17024639494,0,0.8999999761581421,0.0006204572273418307,0.0
17049639495,0,0.8999999761581421,0.001982012763619423,0.0
17074639495,0,0.8999999761581421,0.003007562831044197,0.0
17099639495,0,0.8999999761581421,0.0027591416146606207,0.0
17124639496,0,0.8999999761581421,0.004363136366009712,0.0
17149639496,0,0.8456559181213379,0.005636435933411121,0.0
17174639496,0,0.8964285254478455,0.006739967968314886,0.0
17199639497,0,0.7714585661888123,0.006696206517517567,0.0
17224639497,0,0.6957166790962219,0.00508576724678278,0.0
17249639498,0,0.7578462362289429,0.002258151536807418,0.0
17274639498,0,0.7492735385894775,0.004125034436583519,0.0
17299639498,0,0.8619805574417114,0.004257555585354567,0.0
17324639499,0,0.8436800241470337,0.00905187614262104,0.0
17349639499,0,0.8088412284851074,0.009583068080246449,0.0
17374639499,0,0.8390258550643921,0.00834074430167675,0.0
17399639500,0,0.7625330686569214,0.011374169029295444,0.0
17424639500,0,0.7581223845481873,0.01132242288440466,0.0
17449639501,0,0.8388012647628784,0.01248097512871027,0.0
17474639501,0,0.7492233514785767,0.012591423466801643,0.0
17499639501,0,0.7219760417938232,0.013111429288983345,0.0
17524639502,0,0.6289603114128113,0.014280683360993862,0.0
17549639502,0,0.5805377960205078,0.015406147576868534,0.0
17574639502,0,0.6137571930885315,0.01300029456615448,0.0
17599639503,0,0.5163565278053284,0.010118083097040653,0.0
17624639503,0,0.47718802094459534,0.00864333100616932,0.0
17649639504,0,0.5237081050872803,0.006256035063415766,0.0
17674639504,0,0.5034612417221069,0.009016375057399273,0.0
17699639504,0,0.5105878114700317,0.011151030659675598,0.0
17724639505,0,0.5379728078842163,0.012199913151562214,0.0
17749639505,0,0.5615509152412415,0.01175758894532919,0.0
17774639505,0,0.5393084287643433,0.01085770595818758,0.0
17799639506,0,0.5325682759284973,0.01025480031967163,0.0
17824639506,0,0.5095994472503662,0.009092242456972599,0.0
17849639507,0,0.5399949550628662,0.004867867100983858,0.0
17874639507,0,0.5843483805656433,0.004498876165598631,0.0
17899639507,0,0.652695894241333,0.0022516599856317043,0.0
17924639508,0,0.6736957430839539,0.0010986487613990903,0.0
17949639508,0,0.5475270748138428,0.0006911027012392879,0.0
17974639508,0,0.5785683989524841,-0.0028830128721892834,0.0
17999639509,0,0.47764912247657776,-0.00047314001130871475,0.0
18024639509,0,0.6263108849525452,-0.0016434146091341972,0.0
18049639509,0,0.6194143891334534,0.00021370238391682506,0.0
18074639510,0,0.6033188104629517,-0.002257001819089055,0.0
18099639510,0,0.6453863382339478,-0.006013810634613037,0.0
18124639511,0,0.6420087218284607,-0.004487381782382727,0.0
18149639511,0,0.5481031537055969,-0.0041649783961474895,0.0
18174639511,0,0.6848695278167725,-0.0062014078721404076,0.0
18199639512,0,0.6178683042526245,-0.0055664051324129105,0.0
18224639512,0,0.6002154350280762,-0.007150629069656134,0.0
18249639512,0,0.5856010913848877,-0.007932483218610287,0.0
18274639513,0,0.487369179725647,-0.006018237676471472,0.0
18299639513,0,0.37055855989456177,-0.005853837821632624,0.0
18324639514,0,0.49632924795150757,-0.005076691973954439,0.0
18349639514,0,0.4731265604496002,-0.004824179690331221,0.0
18374639514,0,0.5373915433883667,-0.003625981044024229,0.0
18399639515,0,0.523348867893219,-0.005408038385212421,0.0
18424639515,0,0.5450084805488586,-0.005867405794560909,0.0
18449639515,0,0.5843760967254639,-0.005506761837750673,0.0
18474639516,0,0.5516700148582458,-0.003783133579418063,0.0
18499639516,0,0.6533181071281433,-0.004268498159945011,0.0
18524639517,0,0.7214493155479431,-0.004133906681090593,0.0
18549639517,0,0.5848663449287415,-0.0032007903791964054,0.0
18574639517,0,0.6521013975143433,-0.005303604993969202,0.0
18599639518,0,0.6620618104934692,-0.0028737836983054876,0.0
18624639518,0,0.684416651725769,-0.0020554843358695507,0.0
18649639518,0,0.6796444058418274,-0.004205726087093353,0.0
18674639519,0,0.5665573477745056,-0.00417329091578722,0.0
18699639519,0,0.6381648778915405,-0.007250931579619646,0.0
18724639520,0,0.6316916942596436,-0.007434998173266649,0.0
18749639520,0,0.6706646680831909,-0.006691082380712032,0.0
18774639520,0,0.5972803235054016,-0.005867446772754192,0.0
18799639521,0,0.4731560945510864,-0.005073569715023041,0.0
18824639521,0,0.4059089422225952,-0.0030758362263441086,0.0
18849639521,0,0.5045672655105591,-0.001789273344911635,0.0
18874639522,0,0.4515150487422943,-0.0012061900924891233,0.0
18899639522,0,0.421876460313797,-0.0009656549664214253,0.0
18924639523,0,0.3636815845966339,0.0011593776289373636,0.0
18949639523,0,0.3987474739551544,-0.0009349063620902598,0.0
18974639523,0,0.44481390714645386,0.000671801739372313,0.0
18999639524,0,0.39741799235343933,0.001892918604426086,0.0
19024639524,0,0.40548333525657654,0.0010811620159074664,0.0
19049639524,0,0.5189093947410583,-0.0003793785872403532,0.0
19074639525,0,0.5557098388671875,7.951620500534773e-05,0.0
19099639525,0,0.6227418780326843,3.24163593177218e-05,0.0
19124639526,0,0.6355186700820923,-0.00018267909763380885,0.0
19149639526,0,0.6086335182189941,0.0012026497861370444,0.0
19174639526,0,0.6601986289024353,0.0012438998091965914,0.0
19199639527,0,0.678475558757782,0.00016804398910608143,0.0
19224639527,0,0.6681252121925354,0.00023913061886560172,0.0
19249639527,0,0.668236494064331,0.0014490587636828423,0.0
19274639528,0,0.65992271900177,-9.73444457486039e-06,0.0
19299639528,0,0.7342399954795837,-0.00036353396717458963,0.0
19324639528,0,0.8060811161994934,-0.001248884480446577,0.0
19349639529,0,0.7720016241073608,-0.0007429723045788705,0.0
19374639529,0,0.8999999761581421,-0.0009994644206017256,0.0
19399639530,0,0.8800270557403564,-0.0005623223842121661,0.0
19424639530,0,0.7957316040992737,-0.001002062694169581,0.0
19449639530,0,0.8165133595466614,-0.000745037046726793,0.0
19474639531,0,0.7333270311355591,-0.0023932328913360834,0.0
19499639531,0,0.7438634634017944,-0.0015632197028025985,0.0
19524639531,0,0.7937697172164917,-0.001750366878695786,0.0
19549639532,0,0.7649127840995789,-0.0014553198125213385,0.0
19574639532,0,0.8003315329551697,-0.002638941863551736,0.0
19599639533,0,0.8715810179710388,-0.003962626680731773,0.0
19624639533,0,0.8129178881645203,-0.002822506008669734,0.0
19649639533,0,0.8999999761581421,-0.0025907461531460285,0.0
19674639534,0,0.8380661010742188,-0.0027309060096740723,0.0
19699639534,0,0.8519716858863831,-0.0028615077026188374,0.0
19724639534,0,0.8285140991210938,-0.003408483462408185,0.0
19749639535,0,0.8603915572166443,-0.004786303266882896,0.0
19774639535,0,0.8999999761581421,-0.0029706654604524374,0.0
19799639536,0,0.8309861421585083,-0.0026915513444691896,0.0
19824639536,0,0.8017847537994385,-0.00318907224573195,0.0
19849639536,0,0.8146187663078308,-0.0021914520766586065,0.0
19874639537,0,0.7291951775550842,-0.001816844567656517,0.0
19899639537,0,0.7265859246253967,-0.001558145391754806,0.0
19924639537,0,0.7018665075302124,6.362320709740743e-05,0.0
19949639538,0,0.5480185747146606,0.0009743592236191034,0.0
19974639538,0,0.4786846339702606,0.0010215415386483073,0.0
19999639539,0,0.40407389402389526,0.0021494433749467134,0.0
20024639539,0,0.34778186678886414,0.0019707500468939543,0.0
20049639539,0,0.4627705514431,0.0016043075593188405,0.0
20074639540,0,0.42397427558898926,0.0014831969747319818,0.0
20099639540,0,0.4517863094806671,0.0023194311652332544,0.0
20124639540,0,0.534112811088562,0.0031810952350497246,0.0
20149639541,0,0.6139063239097595,0.0020546845626085997,0.0
20174639541,0,0.6939318776130676,0.0014144766610115767,0.0
20199639542,0,0.660653829574585,0.0010875369189307094,0.0
20224639542,0,0.6173602938652039,-0.0005269163521006703,0.0
20249639542,0,0.6708908081054688,0.00012690348376054317,0.0
20274639543,0,0.6532344818115234,0.00020438345381990075,0.0
20299639543,0,0.5865904688835144,0.0004850601253565401,0.0
20324639543,0,0.6919873952865601,0.00016440976469311863,0.0
20349639544,0,0.6656468510627747,0.000556761457119137,0.0
20374639544,0,0.7139927744865417,-0.000613264215644449,0.0
20399639545,0,0.6051343083381653,-0.0036716109607368708,0.0
20424639545,0,0.5489984750747681,-0.004866933915764093,0.0
20449639545,0,0.5616645216941833,-0.00431411387398839,0.0
20474639546,0,0.5873813629150391,-0.003605588572099805,0.0
20499639546,0,0.7517896890640259,-0.004659196361899376,0.0
20524639546,0,0.7876195311546326,-0.0036504073068499565,0.0
20549639547,0,0.832643449306488,-0.005068306345492601,0.0
20574639547,0,0.8768854141235352,-0.006402653641998768,0.0
20599639547,0,0.7769293189048767,-0.005103608593344688,0.0
20624639548,0,0.7552667856216431,-0.005496843717992306,0.0
20649639548,0,0.7171078324317932,-0.0049153584986925125,0.0
20674639549,0,0.7238996624946594,-0.003707627300173044,0.0
20699639549,0,0.7033034563064575,-0.0034242598339915276,0.0
20724639549,0,0.672112226486206,-0.003448841394856572,0.0
20749639550,0,0.6763421297073364,-0.0025642223190516233,0.0
20774639550,0,0.6281823515892029,-0.0006294986815191805,0.0
20799639550,0,0.4979169964790344,0.0004530834557954222,0.0
20824639551,0,0.41422539949417114,0.002348019741475582,0.0
20849639551,0,0.4260464310646057,0.0028833970427513123,0.0
20874639552,0,0.3933449685573578,0.0023787457030266523,0.0
20899639552,0,0.35427576303482056,0.0028573484160006046,0.0
20924639552,0,0.3488841950893402,0.003131638979539275,0.0
20949639553,0,0.2935103476047516,0.002915439195930958,0.0
20974639553,0,0.3084966540336609,0.00312383403070271,0.0
20999639553,0,0.29585444927215576,0.002878714120015502,0.0
21024639554,0,0.2731042206287384,0.0025860790628939867,0.0
21049639554,0,0.34653404355049133,0.002314910525456071,0.0
21074639555,0,0.3235805928707123,0.0016037882305681705,0.0
21099639555,0,0.33817607164382935,0.002133280038833618,0.0
21124639555,0,0.3641817271709442,0.0014897581422701478,0.0
21149639556,0,0.3671039640903473,0.0007964199758134782,0.0
21174639556,0,0.41780713200569153,-0.0009241203079000115,0.0
21199639556,0,0.41228771209716797,-0.00012149768008384854,0.0
21224639557,0,0.41649124026298523,-0.0006206550169736147,0.0
21249639557,0,0.4000946879386902,-0.0005512033822014928,0.0
21274639558,0,0.41423073410987854,-0.0010393541306257248,0.0
21299639558,0,0.458717942237854,-0.0015458738198503852,0.0
21324639558,0,0.41701725125312805,-0.002004750072956085,0.0
21349639559,0,0.3565911650657654,-0.002079405589029193,0.0
21374639559,0,0.3619616627693176,-0.0015131103573367,0.0
21399639559,0,0.3720135986804962,-0.002263423753902316,0.0
21424639560,0,0.3713853061199188,-0.0030362822581082582,0.0
21449639560,0,0.43825381994247437,-0.0021134724374860525,0.0
21474639561,0,0.4171130955219269,-0.0021070479415357113,0.0
21499639561,0,0.40472105145454407,-0.0014027031138539314,0.0
21524639561,0,0.43763089179992676,-0.00022077590983826667,0.0
21549639562,0,0.48650437593460083,0.0007791139651089907,0.0
21574639562,0,0.4552055895328522,-0.000742928241379559,0.0
21599639562,0,0.5478692054748535,0.000710805004928261,0.0
21624639563,0,0.5161362886428833,0.0006371285999193788,0.0
21649639563,0,0.48878881335258484,0.002292577177286148,0.0
21674639564,0,0.4304264187812805,0.0034306589514017105,0.0
21699639564,0,0.26976844668388367,0.0034857613500207663,0.0
21724639564,0,0.4024079442024231,0.002729885745793581,0.0
21749639565,0,0.39978575706481934,0.0022147130221128464,0.0
21774639565,0,0.3973095118999481,0.0031058790627866983,0.0
21799639565,0,0.453841894865036,0.0034898524172604084,0.0
21824639566,0,0.4765196442604065,0.0036179539747536182,0.0
21849639566,0,0.5177757740020752,0.002792083192616701,0.0
21874639566,0,0.5588977932929993,0.0032841030042618513,0.0
21899639567,0,0.585835874080658,0.003418955020606518,0.0
21924639567,0,0.6195648908615112,0.0031113773584365845,0.0
21949639568,0,0.6027835607528687,0.004238839726895094,0.0
21974639568,0,0.5879377722740173,0.003381548449397087,0.0
21999639568,0,0.5680093765258789,0.0031812801025807858,0.0
22024639569,0,0.5848680138587952,0.003250778652727604,0.0
22049639569,0,0.5935060381889343,0.004030526150017977,0.0
22074639569,0,0.6031302809715271,0.005080755800008774,0.0
22099639570,0,0.5656283497810364,0.004824004601687193,0.0
22124639570,0,0.5938881039619446,0.004542598035186529,0.0
22149639571,0,0.5818673968315125,0.005551543552428484,0.0
22174639571,0,0.5840699672698975,0.005169460084289312,0.0
22199639571,0,0.5865938663482666,0.006791039370000362,0.0
22224639572,0,0.526981770992279,0.008899275213479996,0.0
22249639572,0,0.5164307951927185,0.0097358338534832,0.0
22274639572,0,0.4814335107803345,0.0116736413910985,0.0
22299639573,0,0.49055302143096924,0.012278947047889233,0.0
22324639573,0,0.49355125427246094,0.014226589351892471,0.0
22349639574,0,0.456753671169281,0.013677122071385384,0.0
22374639574,0,0.47167399525642395,0.012016983702778816,0.0
22399639574,0,0.46551069617271423,0.010316680185496807,0.0
22424639575,0,0.4439290165901184,0.008809501305222511,0.0
22449639575,0,0.4521174430847168,0.007171647623181343,0.0
22474639575,0,0.4152458906173706,0.006838886067271233,0.0
22499639576,0,0.4249633252620697,0.006771406624466181,0.0
22524639576,0,0.4439505636692047,0.0073582567274570465,0.0
22549639577,0,0.43930497765541077,0.007090109400451183,0.0
22574639577,0,0.4089479446411133,0.007197591941803694,0.0
22599639577,0,0.4334202706813812,0.006315173115581274,0.0
22624639578,0,0.48303481936454773,0.007574627175927162,0.0
22649639578,0,0.46580344438552856,0.007897809147834778,0.0
22674639578,0,0.4661218822002411,0.007630934938788414,0.0
22699639579,0,0.5049437880516052,0.00712891761213541,0.0
22724639579,0,0.5201951861381531,0.00694663543254137,0.0
22749639580,0,0.5104289650917053,0.006089749746024609,0.0
22774639580,0,0.4828954041004181,0.00595157640054822,0.0
22799639580,0,0.48141783475875854,0.006154832895845175,0.0
22824639581,0,0.48012155294418335,0.005207189824432135,0.0
22849639581,0,0.48470088839530945,0.004553150851279497,0.0
22874639581,0,0.4830481708049774,0.004535919986665249,0.0
22899639582,0,0.48771873116493225,0.004906110465526581,0.0
22924639582,0,0.48938459157943726,0.004999704193323851,0.0
22949639583,0,0.47061172127723694,0.005040579941123724,0.0
22974639583,0,0.4509512484073639,0.004885063506662846,0.0
22999639583,0,0.44065237045288086,0.0056125628761947155,0.0
23024639584,0,0.4332064390182495,0.0062567549757659435,0.0
23049639584,0,0.4199756383895874,0.007039803545922041,0.0
23074639584,0,0.39291682839393616,0.00755554111674428,0.0
23099639585,0,0.39601457118988037,0.0076141441240906715,0.0
23124639585,0,0.38441866636276245,0.007271464914083481,0.0
23149639585,0,0.3985808491706848,0.007304777856916189,0.0
23174639586,0,0.39420798420906067,0.007321594282984734,0.0
23199639586,0,0.36317870020866394,0.007421097252517939,0.0
23224639587,0,0.34812799096107483,0.00665236497297883,0.0
23249639587,0,0.3135968744754791,0.0043954444117844105,0.0
23274639587,0,0.32838350534439087,0.004181367810815573,0.0
23299639588,0,0.35620054602622986,0.0034150006249547005,0.0
23324639588,0,0.38913118839263916,0.0035720879677683115,0.0
23349639588,0,0.39003780484199524,0.003729242132976651,0.0
23374639589,0,0.3784877061843872,0.003004679922014475,0.0
23399639589,0,0.37954285740852356,0.0012481800513342023,0.0
23424639590,0,0.40058577060699463,0.00029203470330685377,0.0
23449639590,0,0.4249049723148346,-4.7626341256545857e-05,0.0
23474639590,0,0.43484634160995483,0.0001208189278258942,0.0
23499639591,0,0.45309916138648987,-0.000497522356454283,0.0
23524639591,0,0.45499905943870544,-8.386476110899821e-05,0.0
23549639591,0,0.4408005177974701,0.00021001408458687365,0.0
23574639592,0,0.443793922662735,0.0002016001526499167,0.0
23599639592,0,0.43527108430862427,0.00011735118459910154,0.0
23624639593,0,0.4270644187927246,-0.0004092407471034676,0.0
23649639593,0,0.42588040232658386,-0.001469542272388935,0.0
23674639593,0,0.4089796543121338,0.000557243824005127,0.0
23699639594,0,0.41977545619010925,0.0008205889025703073,0.0
23724639594,0,0.40810099244117737,0.0007109344587661326,0.0
23749639594,0,0.3934449851512909,-0.00015320684178732336,0.0
23774639595,0,0.3809438645839691,-4.254640771250706e-06,0.0
23799639595,0,0.36404189467430115,0.00037798835546709597,0.0
23824639596,0,0.36609122157096863,0.0007915776805020869,0.0
23849639596,0,0.35972678661346436,0.0010154555784538388,0.0
23874639596,0,0.3581496775150299,0.0008271928527392447,0.0
23899639597,0,0.3838581442832947,0.001096568419598043,0.0
23924639597,0,0.36049818992614746,0.0019491510465741158,0.0
23949639597,0,0.36571598052978516,0.0016931683057919145,0.0
23974639598,0,0.3821646273136139,0.003245758591219783,0.0
23999639598,0,0.38548725843429565,0.0026011280715465546,0.0
24024639599,0,0.378190279006958,0.0034179447684437037,0.0
24049639599,0,0.41368168592453003,0.001829595654271543,0.0
24074639599,0,0.43160977959632874,0.0013822481269016862,0.0
24099639600,0,0.4523961842060089,0.000711496511939913,0.0
24124639600,0,0.4532155990600586,0.0008173943497240543,0.0
24149639600,0,0.46208420395851135,0.00032917954376898706,0.0
24174639601,0,0.46907106041908264,-0.0006452380330301821,0.0
24199639601,0,0.45397403836250305,-0.0009137341985478997,0.0
24224639602,0,0.4499194622039795,-0.0014963720459491014,0.0
24249639602,0,0.4787926971912384,-0.0011589891510084271,0.0
24274639602,0,0.49611619114875793,-0.002784770680591464,0.0
24299639603,0,0.5011787414550781,-0.0021168519742786884,0.0
24324639603,0,0.46742871403694153,-0.0010346299968659878,0.0
24349639603,0,0.4658667743206024,-0.002407369902357459,0.0
24374639604,0,0.4455401301383972,-0.0024827695451676846,0.0
24399639604,0,0.41127505898475647,-0.0052942149341106415,0.0
24424639604,0,0.42646363377571106,-0.00494801951572299,0.0
24449639605,0,0.4363824427127838,-0.004685868509113789,0.0
24474639605,0,0.464670330286026,-0.0020624708849936724,0.0
24499639606,0,0.43914589285850525,-0.0005182619206607342,0.0
24524639606,0,0.41672220826148987,-0.00011051815090468153,0.0
24549639606,0,0.4284023940563202,-0.0001163906927104108,0.0
24574639607,0,0.41331425309181213,-5.542983126360923e-05,0.0
24599639607,0,0.41395434737205505,0.0003403255541343242,0.0
24624639607,0,0.4148888885974884,0.00024756306083872914,0.0
24649639608,0,0.40383589267730713,0.0005872511537745595,0.0
24674639608,0,0.41551852226257324,0.0013963254168629646,0.0
24699639609,0,0.39799803495407104,0.0012905769981443882,0.0
24724639609,0,0.3987017869949341,0.0015122750774025917,0.0
24749639609,0,0.4101763963699341,0.0011633633403107524,0.0
24774639610,0,0.44279730319976807,0.00241665611974895,0.0
24799639610,0,0.41992953419685364,0.002337403129786253,0.0
24824639610,0,0.41320785880088806,0.002712595509365201,0.0
24849639611,0,0.43113911151885986,0.0022868497762829065,0.0
24874639611,0,0.4384668469429016,0.0022261079866439104,0.0
24899639612,0,0.4304783344268799,0.002470593200996518,0.0
24924639612,0,0.43105655908584595,0.002492862520739436,0.0
24949639612,0,0.41217657923698425,0.0022471521515399218,0.0
24974639613,0,0.4326798915863037,0.001464512082748115,0.0
24999639613,0,0.4560048580169678,0.0009475635015405715,0.0
25024639613,0,0.47465717792510986,0.0006799168768338859,0.0
25049639614,0,0.5142358541488647,-0.0007273696246556938,0.0
25074639614,0,0.5048340559005737,-0.0006836905376985669,0.0
25099639615,0,0.5307933688163757,-0.0034678135998547077,0.0
25124639615,0,0.49019569158554077,-0.0034183289390057325,0.0
25149639615,0,0.49467623233795166,-0.0037282246630638838,0.0
25174639616,0,0.45144128799438477,-0.008575264364480972,0.0
25199639616,0,0.49919065833091736,-0.008193030022084713,0.0
25224639616,0,0.4867783188819885,-0.008621339686214924,0.0
25249639617,0,0.4866413474082947,-0.006376287434250116,0.0
25274639617,0,0.4754425883293152,-0.004720204509794712,0.0
25299639618,0,0.4191376566886902,-0.004732276778668165,0.0
25324639618,0,0.4434966742992401,-0.004850807599723339,0.0
25349639618,0,0.43915289640426636,-0.005003045313060284,0.0
